0.0 0.12127448942254938
0.001 0.09222721492754216
0.002 0.04322981402372125
0.003 0.05993866159623387
0.004 0.08243625600396746
0.005 0.020661979534253
0.006 0.048967495208951474
0.007 0.0724714558457904
0.008 0.08418214078552795
0.009000000000000001 0.13841512478548787
0.01 0.22261615300280468
0.011 0.21915894949888992
0.012 0.2700154352050499
0.013000000000000001 0.2626673906036226
0.014 0.2799042232145167
0.015 0.3637422635427935
0.016 0.3943835129779604
0.017 0.28375740437793745
0.018000000000000002 0.2527154898536417
0.019 0.22042344670599864
0.02 0.2522250163163861
0.021 0.2510119980525497
0.022 0.26182244208562644
0.023 0.28357695073819095
0.024 0.38326463454196646
0.025 0.517039484376062
0.026000000000000002 0.5436900077607113
0.027 0.5967708565854455
0.028 0.601961149783864
0.029 0.5958130967145547
0.03 0.49151518437254244
0.031 0.5007502919016091
0.032 0.5947670044348472
0.033 0.6534077647318322
0.034 0.6865065221310848
0.035 0.7290682119232746
0.036000000000000004 0.6411600367301804
0.037 0.712213756876465
0.038 0.7417900829195908
0.039 0.7759773608398408
0.04 0.7340928456825161
0.041 0.7333700847981509
0.042 0.6225548777390111
0.043000000000000003 0.6314960762286908
0.044 0.7739109030060805
0.045 0.6408204663321159
0.046 0.5510068327995498
0.047 0.4923375848265067
0.048 0.489025521539955
0.049 0.5317890641031329
0.05 0.5139750691804277
0.051000000000000004 0.5371030116824621
0.052000000000000005 0.48909737410359894
0.053 0.4282367708849458
0.054 0.38299938112175613
0.055 0.3387130688843948
0.056 0.2797567479077451
0.057 0.2607464791121698
0.058 0.2606320738381711
0.059000000000000004 0.34712028092459757
0.06 0.4524120460072869
0.061 0.4638091280083758
0.062 0.43699812879870475
0.063 0.4918074580458491
0.064 0.604616297521019
0.065 0.6248209450922915
0.066 0.6263417938051213
0.067 0.6539036936601593
0.068 0.6453027884491648
0.069 0.7860605649346654
0.07 0.6975161134731386
0.07100000000000001 0.7171052914420858
0.07200000000000001 0.6711135915577361
0.073 0.6688079346370582
0.074 0.6890762658500533
0.075 0.6204423038685117
0.076 0.5613467175468652
0.077 0.6877310365542928
0.078 0.665731838836447
0.079 0.6177909210104768
0.08 0.5315900675045941
0.081 0.5145128310611389
0.082 0.5585865648431818
0.083 0.5838112549442848
0.084 0.6077733875770325
0.085 0.5463673351087137
0.08600000000000001 0.536766903592956
0.08700000000000001 0.615830203662858
0.088 0.4789683171213841
0.089 0.3885222476932773
0.09 0.4710421565898599
0.091 0.49464429252793657
0.092 0.548750452687753
0.093 0.5448863789778075
0.094 0.6318330405669979
0.095 0.6237419138232867
0.096 0.5613114233707281
0.097 0.610798875695018
0.098 0.5628331850720429
0.099 0.5639647974399961
0.1 0.5825514127446877
0.101 0.6447967241828604
0.10200000000000001 0.6378982660143713
0.10300000000000001 0.7030443077303841
0.10400000000000001 0.72411775195144
0.105 0.8237733131068714
0.106 0.8862337863485563
0.107 0.8795875927081626
0.108 0.7767355595400643
0.109 0.7655111490672767
0.11 0.7886294714438175
0.111 0.8443094136872702
0.112 0.8068128544467547
0.113 0.7949310826608196
0.114 0.7902555252234107
0.115 0.7123169180650525
0.116 0.7339711622780182
0.117 0.720700369764515
0.11800000000000001 0.7556206054792403
0.11900000000000001 0.7260443022821993
0.12 0.7292932207546398
0.121 0.7316798876567956
0.122 0.7415681859604389
0.123 0.8448851871891703
0.124 0.8448470365292967
0.125 0.8489450398217707
0.126 0.8431487053805126
0.127 0.8723479867965626
0.128 0.8401680234879283
0.129 0.795891161987195
0.13 0.7440154023372798
0.131 0.6725950860189459
0.132 0.6885300371055225
0.133 0.7270313477080342
0.134 0.8523037588937922
0.135 0.7960906960414763
0.136 0.8453573589867498
0.137 0.8835726305696548
0.138 0.8444909544049926
0.139 0.8843087829718141
0.14 0.9473814900252826
0.14100000000000001 0.939817092709495
0.14200000000000002 0.9360754246858679
0.14300000000000002 0.9520634682554254
0.14400000000000002 0.9956659121930768
0.145 0.9223417917616922
0.146 0.9321838275565615
0.147 0.9235757567370361
0.148 0.8906062438256294
0.149 0.8629505541007618
0.15 0.8537958231987046
0.151 0.8075883202878146
0.152 0.8417814807687677
0.153 0.8416991475958272
0.154 0.8911336230995399
0.155 0.9391325741732413
0.156 0.9066421155247406
0.157 0.8237231221103555
0.158 0.7643789441925081
0.159 0.7996336387780414
0.16 0.7476482249819095
0.161 0.7449552667248275
0.162 0.7281305282189643
0.163 0.8521291451326309
0.164 0.8219707110370261
0.165 0.8869205677212313
0.166 0.8570926769556207
0.167 0.8776696453341468
0.168 0.8152466741389397
0.169 0.8138693074847378
0.17 0.8133527648106689
0.171 0.7369049378165969
0.17200000000000001 0.7062158205172558
0.17300000000000001 0.7572049057236785
0.17400000000000002 0.6764677405493643
0.17500000000000002 0.6529647396560107
0.176 0.6647474736034682
0.177 0.654503358953715
0.178 0.6779104312074319
0.179 0.7603507388226981
0.18 0.7959250513334305
0.181 0.7353326024918337
0.182 0.770188345336639
0.183 0.7973860721811438
0.184 0.8533932387984362
0.185 0.7619666147969221
0.186 0.8034330491823267
0.187 0.8543756727641099
0.188 0.795284264412092
0.189 0.7821010977810707
0.19 0.8003884775587965
0.191 0.855492940007444
0.192 0.7540267734657363
0.193 0.6704260716400089
0.194 0.6795766430020226
0.195 0.6875894299614655
0.196 0.6043732394610308
0.197 0.5133895491488685
0.198 0.4258465161652472
0.199 0.43993134856158556
0.2 0.42024070196061764
0.201 0.3407012607369716
0.202 0.36236032977797844
0.203 0.33491100518642025
0.20400000000000001 0.3650106531516102
0.20500000000000002 0.22545608463676597
0.20600000000000002 0.195175557696052
0.20700000000000002 0.2236846446664905
0.20800000000000002 0.13659803604180062
0.209 0.22122298824807868
0.21 0.2674379310856647
0.211 0.25062173398712567
0.212 0.27910682404133497
0.213 0.28543523125841663
0.214 0.35385934092567584
0.215 0.31830568076735277
0.216 0.3693273404207038
0.217 0.325974899224193
0.218 0.3276739751466641
0.219 0.4594907052631687
0.22 0.45021246353411964
0.221 0.5134258654256656
0.222 0.573592036589907
0.223 0.5032165215541926
0.224 0.5352367363431768
0.225 0.6608312547672269
0.226 0.7373296756716101
0.227 0.7710775027749168
0.228 0.729918279094003
0.229 0.6294669776778202
0.23 0.6221875987105518
0.231 0.6585233727022693
0.232 0.6257678142484399
0.233 0.6060943016359033
0.234 0.5552670514471524
0.23500000000000001 0.6532310788026359
0.23600000000000002 0.6780616873650155
0.23700000000000002 0.6586198897784998
0.23800000000000002 0.6348280713942271
0.23900000000000002 0.5645600291160854
0.24 0.567397500125425
0.241 0.610878278726586
0.242 0.6090978581206469
0.243 0.5833305864499694
0.244 0.5004264806942313
0.245 0.5218700058508862
0.246 0.5108042748074924
0.247 0.5178420993042983
0.248 0.4747465432605784
0.249 0.503826303752744
0.25 0.5780370664684183
0.251 0.5739382228968196
0.252 0.6132045624399289
0.253 0.6317300292812144
0.254 0.5558059531472308
0.255 0.5480939689064961
0.256 0.7019864518573845
0.257 0.6208799376963542
0.258 0.6810804248868662
0.259 0.7596323031933095
0.26 0.72038467770359
0.261 0.7259626237721876
0.262 0.7297012753762159
0.263 0.7835426188086676
0.264 0.8325569569670745
0.265 0.7797052036202861
0.266 0.7680503224871804
0.267 0.7603024413378666
0.268 0.7415405554419392
0.269 0.6937051658155052
0.27 0.6867487717345351
0.271 0.6562458079343854
0.272 0.5931537864080804
0.273 0.4734705138764245
0.274 0.5966262093894538
0.275 0.5851364754198098
0.276 0.6002077318153831
0.277 0.5935166933223588
0.278 0.46212113778361585
0.279 0.4383048460180377
0.28 0.4919369941568113
0.281 0.49313862137838194
0.28200000000000003 0.5422262109541951
0.28300000000000003 0.4584001564843126
0.28400000000000003 0.5825619534306087
0.28500000000000003 0.5271373184923672
0.28600000000000003 0.5125723120680135
0.28700000000000003 0.4775249953396285
0.28800000000000003 0.5445994364472704
0.289 0.5075220199468491
0.29 0.4561259734511827
0.291 0.5264640233946533
0.292 0.50255873050262
0.293 0.36324832475990443
0.294 0.3417361009889987
0.295 0.43967665222077196
0.296 0.44450527597831757
0.297 0.549361762249902
0.298 0.6836772641093809
0.299 0.6457499537440665
0.3 0.7150087610640276
0.301 0.6747879943426501
0.302 0.7539969569437035
0.303 0.7425819523068259
0.304 0.6787821484582699
0.305 0.6471814338980053
0.306 0.5630130023033075
0.307 0.5089627044399762
0.308 0.5280546953545521
0.309 0.5304265970980306
0.31 0.46092262370394055
0.311 0.48540665735038796
0.312 0.3793463853682974
0.313 0.2708412738599457
0.314 0.23139234204463136
0.315 0.27624118573909817
0.316 0.32444417224421684
0.317 0.3776318534583222
0.318 0.3372186571726462
0.319 0.3474404321545443
0.32 0.3990663623676767
0.321 0.4363307738434372
0.322 0.44365416551278847
0.323 0.4103414437316525
0.324 0.4357619847463647
0.325 0.29340508558831013
0.326 0.3119408047791853
0.327 0.3336613040109144
0.328 0.24951951263624106
0.329 0.17030434261709812
0.33 0.2967995977213508
0.331 0.26527527845015275
0.332 0.26918305058617864
0.333 0.21396566938074843
0.334 0.20715278255033195
0.335 0.25630543171912945
0.336 0.16064593012458603
0.337 0.12604742622918397
0.338 0.13749404896957096
0.339 0.02491120436758827
0.34 -0.016514295096859616
0.341 -0.04038201511045124
0.342 -0.007039008623870337
0.343 0.024537237305308927
0.34400000000000003 -0.003443405426345504
0.34500000000000003 0.008883938596279074
0.34600000000000003 -0.027504681038338287
0.34700000000000003 0.0116804138676583
0.34800000000000003 0.08617436318174954
0.34900000000000003 0.08889403751485829
0.35000000000000003 0.04810202686025572
0.35100000000000003 0.09805485269150259
0.352 0.20056225264907557
0.353 0.2903793140235032
0.354 0.27106238451639353
0.355 0.25546974081164686
0.356 0.30995918556679425
0.357 0.4167475771112983
0.358 0.3280480952685667
0.359 0.19109058060694487
0.36 0.06280844482261266
0.361 0.020602433693395435
0.362 -0.025134676689008498
0.363 0.022799469536180894
0.364 0.05166944284845096
0.365 0.06893479521278217
0.366 0.08244725274763752
0.367 0.1656627795193446
0.368 0.11944306557424325
0.369 0.0732637450247496
0.37 -0.028983024166144872
0.371 -0.09901089990872024
0.372 -0.06519477201852683
0.373 -0.09541948141905326
0.374 -0.12744900505301476
0.375 -0.1523359423234078
0.376 -0.18780088807326645
0.377 -0.2065584133622425
0.378 -0.20881414263520412
0.379 -0.13758264633041875
0.38 -0.046129512834774136
0.381 -0.04500627586313011
0.382 0.002128332370288956
0.383 -0.13428422684247443
0.384 -0.09778542564156584
0.385 -0.12780806252236937
0.386 -0.12997607874016076
0.387 -0.19460106306285857
0.388 -0.13708173678266275
0.389 -0.1595381729339284
0.39 -0.07118502972523688
0.391 -0.08129459411801851
0.392 -0.17564400180725864
0.393 -0.07955031723716294
0.394 -0.045408038129341445
0.395 -0.05064979165667062
0.396 -0.00822863589036208
0.397 -0.15207758971305116
0.398 -0.19244077033233478
0.399 -0.1714159588605796
0.4 -0.1269710632758465
0.401 -0.167756731712225
0.402 -0.09618798422916112
0.403 -0.14382270853905318
0.404 -0.13369686026642172
0.405 -0.1310435327185725
0.406 -0.055233149707013346
0.40700000000000003 -0.09231776132197421
0.40800000000000003 -0.06388676164544856
0.40900000000000003 -0.07873770309337318
0.41000000000000003 -0.14261180912287563
0.41100000000000003 -0.23132753686535346
0.41200000000000003 -0.22850287611544537
0.41300000000000003 -0.1950151809808812
0.41400000000000003 -0.26069172579139605
0.41500000000000004 -0.2976373469161146
0.41600000000000004 -0.22338073606708575
0.417 -0.27349296985175076
0.418 -0.12552654246488634
0.419 -0.1382177372017669
0.42 -0.10690610761504071
0.421 -0.24112887456709112
0.422 -0.28686281049110723
0.423 -0.2631603309428936
0.424 -0.07011252906538912
0.425 -0.11823414366146534
0.426 -0.10782045744774944
0.427 -0.1370487574822091
0.428 -0.16720873502475886
0.429 -0.24476013517960388
0.43 -0.2778442176217182
0.431 -0.20955468243819186
0.432 -0.19684454942981988
0.433 -0.11551797762121015
0.434 -0.11121635913336884
0.435 -0.07611649164705142
0.436 -0.05190444057367273
0.437 -0.06960126661677284
0.438 -0.01689873435412894
0.439 0.028148048392236696
0.44 -0.05268563213680927
0.441 -0.09290557461403082
0.442 -0.10140772489317451
0.443 -0.10245462984936685
0.444 -0.17468614368596075
0.445 -0.130345503903279
0.446 -0.1651573388962974
0.447 -0.13951237942141523
0.448 -0.12942781211101223
0.449 -0.16442720359099589
0.45 -0.11402898830491096
0.451 -0.08879831988823064
0.452 0.03777093433208564
0.453 0.09773217352303085
0.454 -0.02142767236298887
0.455 -0.11723222333059655
0.456 0.01507656983843672
0.457 -0.14531467477914747
0.458 -0.13526499730044345
0.459 -0.13965195389601906
0.46 -0.12559041053352288
0.461 -0.12418773346061647
0.462 -0.07600453210327343
0.463 -0.2035092365155443
0.464 -0.18955948808157172
0.465 -0.2829185768433118
0.466 -0.30268352892831724
0.467 -0.3706030191145946
0.468 -0.37961103782492456
0.46900000000000003 -0.3946518508000741
0.47000000000000003 -0.35896941680209266
0.47100000000000003 -0.38612866060050255
0.47200000000000003 -0.37636855897485827
0.47300000000000003 -0.343520082164911
0.47400000000000003 -0.31299262784262244
0.47500000000000003 -0.2806002945738715
0.47600000000000003 -0.2455041949335695
0.47700000000000004 -0.23614008248440255
0.47800000000000004 -0.18304113658539786
0.47900000000000004 -0.10427854482751947
0.48 -0.08122631158325042
0.481 -0.15394218098204732
0.482 -0.1909783234126286
0.483 -0.22774853242960102
0.484 -0.21679624553248023
0.485 -0.20750255958771405
0.486 -0.204783602989901
0.487 -0.1629558836149228
0.488 0.0020147470059996564
0.489 0.00710605543337263
0.49 0.012213182923399351
0.491 -0.021154418905433965
0.492 -0.053602273398282184
0.493 -0.02839357287493289
0.494 -0.0870141820331653
0.495 -0.09017239095078497
0.496 -0.16654062576062112
0.497 -0.19204475193043494
0.498 -0.1862160915258479
0.499 -0.18704496384553893
0.5 -0.20268679911784382
0.501 -0.25250894172556954
0.502 -0.20554483034560925
0.503 -0.09030411960471471
0.504 -0.1293225416936125
0.505 -0.024155000587315456
0.506 -0.1006746779594651
0.507 -0.04364550804754618
0.508 -0.022159468806332686
0.509 0.07045025948712917
0.51 -0.04338805164173304
0.511 -0.04918158110359388
0.512 -0.05043942110864544
0.513 -0.07681851411390514
0.514 -0.15597834198469412
0.515 -0.17639032103236724
0.516 -0.16277759241221207
0.517 -0.16266461601423768
0.518 -0.21927697870433935
0.519 -0.10029008363133357
0.52 -0.0703635878731213
0.521 -0.14334406988143883
0.522 -0.11905953692833264
0.523 -0.024611126521163165
0.524 0.040802716340594666
0.525 0.029699620591913646
0.526 -0.03399860015745081
0.527 0.040174178533963135
0.528 0.06037302337684777
0.529 0.14180502851244353
0.53 0.20388804622592235
0.531 0.11663473056784988
0.532 0.12641776155191972
0.533 0.14758422152948258
0.534 0.12831663030876267
0.535 0.04634660653606523
0.536 0.1037057939249964
0.537 0.15414150949474964
0.538 0.10845878116480287
0.539 0.146733039941502
0.54 0.16180370491472895
0.541 0.14407660651010817
0.542 0.1609683496824361
0.543 0.18225855639071653
0.544 0.2783638000669383
0.545 0.16192112568364028
0.546 0.20101196507297803
0.547 0.21090209800485155
0.548 0.2838385743100401
0.549 0.3964639621748477
0.55 0.4019662726251903
0.551 0.43197268196385363
0.552 0.5815475175926352
0.553 0.5598290940815474
0.554 0.4416193233765583
0.555 0.5336502645800012
0.556 0.4987838585382281
0.557 0.5323010328139857
0.558 0.5004585036496911
0.559 0.5025594244904888
0.56 0.4770655016082791
0.561 0.4435765004808467
0.562 0.4899772035745847
0.5630000000000001 0.488042846499958
0.5640000000000001 0.6023049848390458
0.5650000000000001 0.5693140046965034
0.5660000000000001 0.5850924036377457
0.5670000000000001 0.4891013508920565
0.5680000000000001 0.5182022013181441
0.5690000000000001 0.5115576622705497
0.5700000000000001 0.5240392141994039
0.5710000000000001 0.44646673340190396
0.5720000000000001 0.4346602475104532
0.5730000000000001 0.30865930595667346
0.5740000000000001 0.32518248168686664
0.5750000000000001 0.2898961157384597
0.5760000000000001 0.42454516171036116
0.577 0.4743805044377006
0.578 0.44412083836631316
0.579 0.40733882983902625
0.58 0.506374206587815
0.581 0.5407997552040371
0.582 0.6025380741784583
0.583 0.5800789325045007
0.584 0.5715257192829135
0.585 0.5912977284892763
0.586 0.5385679615616646
0.587 0.5305479542548984
0.588 0.5083493488278376
0.589 0.5006236554570215
0.59 0.4687800581752918
0.591 0.42084854948015427
0.592 0.4130187107141719
0.593 0.3263969626202561
0.594 0.292483680843747
0.595 0.31580044955443276
0.596 0.31061735257854745
0.597 0.33284465894790677
0.598 0.24328432331104677
0.599 0.1580583062989765
0.6 0.2001729740270871
0.601 0.17368302619794207
0.602 0.19559846623430988
0.603 0.23829493386416412
0.604 0.19988960339737505
0.605 0.18951792147167557
0.606 0.3037550346627161
0.607 0.2647217899698216
0.608 0.2751421508007919
0.609 0.3523526716412365
0.61 0.41666978573019264
0.611 0.4524107888049004
0.612 0.3637976228151768
0.613 0.3834806009458835
0.614 0.405857657047351
0.615 0.4467969990494815
0.616 0.42972788162454395
0.617 0.45980835572776024
0.618 0.44675169090368566
0.619 0.44699751694382156
0.62 0.393299302115638
0.621 0.3795155377103912
0.622 0.4336361971455396
0.623 0.4893145271726491
0.624 0.4370074321814202
0.625 0.45402165660747074
0.626 0.4390591405171119
0.627 0.3112132306863329
0.628 0.2666280223617147
0.629 0.19993033798284418
0.63 0.27192265117860615
0.631 0.31073574892045064
0.632 0.2526436466571845
0.633 0.36896487638363284
0.634 0.3583646001523429
0.635 0.3835461440677269
0.636 0.46047669438807715
0.637 0.4895177468628303
0.638 0.44008891037257325
0.639 0.4622980402825263
0.64 0.37731738081498045
0.641 0.38299168477311907
0.642 0.3317318687867872
0.643 0.30019254159522046
0.644 0.28180968707782283
0.645 0.4516353714203789
0.646 0.50065604322962
0.647 0.5158673004432043
0.648 0.545943980251212
0.649 0.5472722528765981
0.65 0.5713638610917811
0.651 0.6092161983236069
0.652 0.5622217310066989
0.653 0.6078582133437667
0.654 0.5866498596176325
0.655 0.6037473532777342
0.656 0.48842523932447457
0.657 0.5055508222649174
0.658 0.42130513191791086
0.659 0.5057448448066189
0.66 0.5727020334572184
0.661 0.5680759690624156
0.662 0.5305835411211028
0.663 0.5059007905170335
0.664 0.5494090809168132
0.665 0.5513117309443547
0.666 0.5260326992446216
0.667 0.5020708550172388
0.668 0.516457996105442
0.669 0.5621926763302187
0.67 0.42233253852820196
0.671 0.41921641572933455
0.672 0.48928968044676074
0.673 0.5098799164552285
0.674 0.5266076047152586
0.675 0.5690412443780403
0.676 0.4304925975043593
0.677 0.508842883550051
0.678 0.5735425418656874
0.679 0.46037518776181896
0.68 0.4485785109401737
0.681 0.5196553388420482
0.682 0.5045093782703162
0.683 0.40209339327835425
0.684 0.3518634851680965
0.685 0.405032514759808
0.686 0.38202252915440066
0.687 0.48187518952477043
0.6880000000000001 0.40035849779638016
0.6890000000000001 0.34305104418867993
0.6900000000000001 0.35531203607502626
0.6910000000000001 0.26117342712602487
0.6920000000000001 0.2205801599059243
0.6930000000000001 0.39415795515162644
0.6940000000000001 0.37980041981123613
0.6950000000000001 0.3333818464629756
0.6960000000000001 0.38041774737537687
0.6970000000000001 0.2796253861678563
0.6980000000000001 0.29809643529983604
0.6990000000000001 0.2397094583601313
0.7000000000000001 0.21065203156463153
0.7010000000000001 0.30866972275736415
0.7020000000000001 0.27331864532946537
0.7030000000000001 0.2452290797078232
0.704 0.28880202272027816
0.705 0.21857458036688626
0.706 0.23290525243238236
0.707 0.12290701839775521
0.708 0.10459335664147693
0.709 0.019184868576411454
0.71 0.039470693618478436
0.711 -0.012773969647923676
0.712 -0.08538924415770954
0.713 0.02362197323204153
0.714 -0.04451227346700275
0.715 0.05178933326438147
0.716 0.07316996180219282
0.717 -0.03215218344855346
0.718 0.04156204463220446
0.719 -0.02844525021105411
0.72 -0.16239513950238504
0.721 -0.22184457840663807
0.722 -0.24176250397755306
0.723 -0.17392320064258682
0.724 -0.13631777360769637
0.725 -0.14479961487931825
0.726 -0.13120528020592367
0.727 -0.15234772106804575
0.728 -0.27608003946859005
0.729 -0.39340933175357834
0.73 -0.435741939005685
0.731 -0.42230071053517954
0.732 -0.46325173855068313
0.733 -0.42704033328772156
0.734 -0.3862303888748645
0.735 -0.350652089479306
0.736 -0.22264610865799894
0.737 -0.34516791972353555
0.738 -0.2755154964052424
0.739 -0.2299001888272901
0.74 -0.28980873722606765
0.741 -0.3241240495526426
0.742 -0.43569078306118975
0.743 -0.4238756939863366
0.744 -0.48058678753974127
0.745 -0.5368936552143165
0.746 -0.5430651169735439
0.747 -0.5179101840495925
0.748 -0.3621360799562634
0.749 -0.4643079034369108
0.75 -0.5640401545283664
0.751 -0.631386431254791
0.752 -0.6643600907297224
0.753 -0.7164265778416593
0.754 -0.7792979204422529
0.755 -0.6901035762512975
0.756 -0.6624062735629711
0.757 -0.7257686405294576
0.758 -0.8673902353787969
0.759 -0.8564496571646104
0.76 -0.7905006029838695
0.761 -0.7742281177181528
0.762 -0.6788481984955688
0.763 -0.6887730733255204
0.764 -0.6297468033344882
0.765 -0.5712266186666148
0.766 -0.6057883756522425
0.767 -0.46848893557821325
0.768 -0.37431117922655743
0.769 -0.44508837618466357
0.77 -0.4225841242675057
0.771 -0.4124420890311594
0.772 -0.4587611172165265
0.773 -0.5367048331763129
0.774 -0.6388812229305239
0.775 -0.650364464439629
0.776 -0.7553452915105041
0.777 -0.6557926708968806
0.778 -0.6226479537442394
0.779 -0.6482812618417348
0.78 -0.6471329548152484
0.781 -0.5664879560874699
0.782 -0.6052114199717106
0.783 -0.5395327557776797
0.784 -0.5075141283755247
0.785 -0.4841243633392103
0.786 -0.42310329749010717
0.787 -0.4628901231194786
0.788 -0.48492474924134693
0.789 -0.49796816911746966
0.79 -0.5314689184641712
0.791 -0.5309627564759177
0.792 -0.5524054052324517
0.793 -0.7174612211825069
0.794 -0.6276006488678249
0.795 -0.5542069932035927
0.796 -0.5656995887145272
0.797 -0.697167920596169
0.798 -0.5885088637980218
0.799 -0.6220538459145429
0.8 -0.5966346859777609
0.801 -0.7175606250124538
0.802 -0.6649138630446162
0.803 -0.6148219302915018
0.804 -0.5233710741938769
0.805 -0.5326574973634743
0.806 -0.534515612383939
0.807 -0.5074234888523093
0.808 -0.4886052469053561
0.809 -0.37277622664717897
0.81 -0.47067917734878334
0.811 -0.4539069672138545
0.812 -0.4910849921377839
0.8130000000000001 -0.5716563114180476
0.8140000000000001 -0.5362188173894664
0.8150000000000001 -0.46984258814535745
0.8160000000000001 -0.4546283312760645
0.8170000000000001 -0.4124700028331297
0.8180000000000001 -0.3571120245157179
0.8190000000000001 -0.2693384562375237
0.8200000000000001 -0.374560294824231
0.8210000000000001 -0.3905926731173767
0.8220000000000001 -0.3488994387210164
0.8230000000000001 -0.30603580279779674
0.8240000000000001 -0.37111646371282203
0.8250000000000001 -0.378187086168564
0.8260000000000001 -0.3022011356801185
0.8270000000000001 -0.2316871057430285
0.8280000000000001 -0.22675193508317884
0.8290000000000001 -0.2125479151427543
0.8300000000000001 -0.2202631152741714
0.8310000000000001 -0.23328442880043213
0.8320000000000001 -0.2558050900733167
0.833 -0.24507878569070507
0.834 -0.300195539176221
0.835 -0.24697032279556091
0.836 -0.18843936497556615
0.837 -0.19310507050093328
0.838 -0.09188723624265964
0.839 -0.04062346854420878
0.84 -0.11521104913220195
0.841 -0.1848671454855937
0.842 -0.21281241906222007
0.843 -0.21348497412996653
0.844 -0.23714262207769465
0.845 -0.1749895313589982
0.846 -0.10454711099700315
0.847 -0.15098239174627237
0.848 -0.11972431118045371
0.849 -0.13983276890242552
0.85 -0.128475413400685
0.851 0.004035019429400988
0.852 0.016623670127106124
0.853 0.16872440258555166
0.854 0.19606701775251817
0.855 0.2116361354786498
0.856 0.14427778775916783
0.857 0.23724027673848058
0.858 0.30456182404861154
0.859 0.31205652903181397
0.86 0.34765589970587846
0.861 0.19256308220904966
0.862 0.00798351503906275
0.863 -0.04359821842150712
0.864 -0.08708973897203642
0.865 -0.12729510386809345
0.866 -0.09780653921578114
0.867 -0.02800474674781228
0.868 -0.04047890571276842
0.869 -0.05857150278593951
0.87 -0.008894425333727737
0.871 -0.07408529449861119
0.872 -0.176876665315559
0.873 -0.1780222687415668
0.874 -0.32235663999885994
0.875 -0.3247395591682844
0.876 -0.37959819864328703
0.877 -0.35367448096154186
0.878 -0.24367831769765966
0.879 -0.18475672770217422
0.88 -0.19534439646843083
0.881 -0.11295274920073436
0.882 -0.13233416987813235
0.883 -0.048970860002584854
0.884 -0.11778200418211884
0.885 -0.1768619464358106
0.886 -0.15689414941049362
0.887 -0.17791471274990178
0.888 -0.22599258807870157
0.889 -0.2780084178255361
0.89 -0.29082533150938805
0.891 -0.32522108180235937
0.892 -0.3161326749130273
0.893 -0.2593525799207522
0.894 -0.32303123813382056
0.895 -0.4386989620295858
0.896 -0.3515081510172733
0.897 -0.36241833219281067
0.898 -0.39576281922213374
0.899 -0.42191167572420646
0.9 -0.3466581230347886
0.901 -0.4021284462440581
0.902 -0.2138181708194194
0.903 -0.15893407293314066
0.904 -0.235147469870746
0.905 -0.21677037544714997
0.906 -0.17373502346243666
0.907 -0.13183254662357274
0.908 -0.1584864932497565
0.909 -0.17089288968396837
0.91 -0.18276082746581895
0.911 -0.1830413145826281
0.912 -0.2386025162799078
0.913 -0.24184257322259853
0.914 -0.29183596340115936
0.915 -0.1879038365571416
0.916 -0.23132546825692635
0.917 -0.3422285996032322
0.918 -0.2848358903108327
0.919 -0.3103696608557784
0.92 -0.4142044914581706
0.921 -0.36258149393782907
0.922 -0.35525639129718944
0.923 -0.3557531148702073
0.924 -0.31235134050408025
0.925 -0.3613445984143038
0.926 -0.335522703793677
0.927 -0.3242148228880048
0.928 -0.31226113739491385
0.929 -0.3555608077773035
0.93 -0.3346196060880448
0.931 -0.3965995953309761
0.932 -0.3709081013456509
0.933 -0.3631898829048638
0.934 -0.2815340430602503
0.935 -0.24593135263295504
0.936 -0.24831713414981063
0.937 -0.3259853207815271
0.9380000000000001 -0.3143345267874336
0.9390000000000001 -0.26694096528456995
0.9400000000000001 -0.24946604261087602
0.9410000000000001 -0.2909895392715988
0.9420000000000001 -0.2945060732964966
0.9430000000000001 -0.30216797234116266
0.9440000000000001 -0.2591894972931354
0.9450000000000001 -0.2802211187350942
0.9460000000000001 -0.23533228163122832
0.9470000000000001 -0.25844343600077574
0.9480000000000001 -0.23391240842844616
0.9490000000000001 -0.2105470099306766
0.9500000000000001 -0.36658822733871427
0.9510000000000001 -0.41604092430758516
0.9520000000000001 -0.4212653367180145
0.9530000000000001 -0.42909088747789176
0.9540000000000001 -0.47206880671501705
0.9550000000000001 -0.47306272304005226
0.9560000000000001 -0.4870641370636014
0.9570000000000001 -0.44951342895550656
0.9580000000000001 -0.49322814457451025
0.9590000000000001 -0.43797570845867395
0.96 -0.5013308150587801
0.961 -0.5907088406447036
0.962 -0.7014930704675686
0.963 -0.6320315219784677
0.964 -0.6727590647222874
0.965 -0.6717939442430989
0.966 -0.7250968418602028
0.967 -0.7248179918380356
0.968 -0.7815466264315452
0.969 -0.8323172982770234
0.97 -0.834115463913251
0.971 -0.8588388908623718
0.972 -0.9339954212270756
0.973 -0.9536684518642691
0.974 -1.0389591285844673
0.975 -1.0319745673621197
0.976 -1.0695275273175433
0.977 -1.1317382330473076
0.978 -1.160453831482307
0.979 -1.1489396368887859
0.98 -1.1591664783891864
0.981 -1.10306111056627
0.982 -1.031968391575319
0.983 -1.0170278479293295
0.984 -1.1008514847855757
0.985 -1.0663239391340642
0.986 -1.1081354348865697
0.987 -1.2225829727552326
0.988 -1.1899898985501745
0.989 -1.225403026615363
0.99 -1.2811716017240147
0.991 -1.1829351529888603
0.992 -1.180235736766763
0.993 -1.1449981213214075
0.994 -1.2526280191352541
0.995 -1.1428603350786606
0.996 -1.1195078255825688
0.997 -1.1246942618296256
0.998 -1.1721109495631465
0.999 -1.1998812969712784
1.0 -1.293461154359026
1.0010000000000001 -1.463779102040139
1.002 -1.6787969521116848
1.0030000000000001 -1.815087934227639
1.004 -2.0916188118015504
1.0050000000000001 -2.1745233272786764
1.006 -2.2884432719572154
1.0070000000000001 -2.5397530650382927
1.008 -2.799642366259009
1.0090000000000001 -2.8912796684434694
1.01 -3.1361272314624395
1.0110000000000001 -3.322259840935888
1.012 -3.479733099343863
1.0130000000000001 -3.610099338628156
1.014 -3.6444792793727423
1.0150000000000001 -3.6859844739008754
1.016 -3.6964441794853435
1.0170000000000001 -3.8432529845450234
1.018 -3.912947396574901
1.0190000000000001 -4.014400808142437
1.02 -4.115423719199264
1.0210000000000001 -4.264263596225213
1.022 -4.336241725302436
1.0230000000000001 -4.321398975405085
1.024 -4.310552615491474
1.025 -4.323830958083896
1.026 -4.290464534779642
1.027 -4.3238172909572326
1.028 -4.344236290966403
1.029 -4.251454376595908
1.03 -4.235899160722791
1.031 -4.164319329954598
1.032 -4.1002875460660135
1.033 -4.080955852867692
1.034 -4.018369799015205
1.035 -3.8780776535237074
1.036 -3.7282006926453004
1.037 -3.575800144173221
1.038 -3.500440525791937
1.039 -3.409527390039487
1.04 -3.248143106813695
1.041 -3.1819696024417627
1.042 -3.1527440520550263
1.043 -3.015797285334774
1.044 -2.995665890990759
1.045 -2.863632691591679
1.046 -2.7134454703523834
1.047 -2.529643651052168
1.048 -2.400141817655331
1.049 -2.309544861149194
1.05 -2.150764125520481
1.051 -2.0697494404264383
1.052 -1.9827542597791026
1.053 -1.917780710778824
1.054 -1.913544897067553
1.055 -1.7905227204805434
1.056 -1.689638017349831
1.057 -1.5989848095079706
1.058 -1.4367007136927288
1.059 -1.3554851086127682
1.06 -1.3193145563312763
1.061 -1.1465018674065812
1.062 -0.9885129468041985
1.063 -0.8156683443462477
1.064 -0.6424236843186413
1.065 -0.5391350346948709
1.066 -0.35644785292928605
1.067 -0.2257700055918126
1.068 0.0016476910737132089
1.069 0.28606946052293947
1.07 0.4183366389098194
1.071 0.501132930728133
1.072 0.634723271033625
1.073 0.7552647903969353
1.074 0.8801463632494947
1.075 0.9136948938947079
1.076 1.029062305701543
1.077 1.1804503819556986
1.078 1.2622713308718918
1.079 1.3595382869121053
1.08 1.5390183139255076
1.081 1.7162975970539456
1.082 1.7882533737005755
1.083 1.8932262543537064
1.084 1.9487689404314383
1.085 2.1033489075187313
1.086 2.200432916203106
1.087 2.2145696980823617
1.088 2.277269482810549
1.089 2.4074874586002144
1.09 2.4388692780198804
1.091 2.676984061274789
1.092 2.7959574965090073
1.093 2.9637307745794264
1.094 3.059388327841993
1.095 3.129541340694802
1.096 3.282261213117179
1.097 3.277800261412114
1.098 3.3291729290719263
1.099 3.3347062802589993
1.1 3.3830082813877285
1.101 3.4174128764485747
1.102 3.4445254874531868
1.103 3.4255375545652296
1.104 3.4682485426299245
1.105 3.4174095892694902
1.106 3.3850685140690073
1.107 3.3959117633484914
1.108 3.3622172255721217
1.109 3.228555153160874
1.11 3.160947089947148
1.111 3.0811097667913243
1.112 3.008524549731735
1.113 3.0350041408908734
1.114 3.02854886782358
1.115 2.9922484613660445
1.116 2.8070971505537505
1.117 2.7027694440893524
1.118 2.666119146238481
1.119 2.607128426971591
1.12 2.527727114763866
1.121 2.46613189591794
1.122 2.434603461304731
1.123 2.397053849891176
1.124 2.313682365964194
1.125 2.3673552042763655
1.1260000000000001 2.3615488712844037
1.127 2.2746658325588576
1.1280000000000001 2.210204174582221
1.129 2.1202170095608825
1.1300000000000001 2.0880765291186303
1.131 1.9637743935845036
1.1320000000000001 1.923564004044645
1.133 1.7404468162390017
1.1340000000000001 1.637059181117628
1.135 1.55634423968074
1.1360000000000001 1.5248265463996953
1.137 1.3888767662065598
1.1380000000000001 1.1745757880023304
1.139 1.105988573608552
1.1400000000000001 0.9965959632864355
1.141 0.9611691985879892
1.1420000000000001 0.8126087783431842
1.143 0.6234741308478529
1.1440000000000001 0.6382282271694502
1.145 0.5441366759348726
1.1460000000000001 0.4647356320674123
1.147 0.40852338836157165
1.1480000000000001 0.28933815265908064
1.149 0.18461943950674567
1.1500000000000001 0.041441245333925375
1.151 -0.17746754679012944
1.1520000000000001 -0.23522816176404496
1.153 -0.2873783318096066
1.154 -0.36037065744541597
1.155 -0.6066405328683581
1.156 -0.6135872769928531
1.157 -0.6788018282815729
1.158 -0.8055055756373682
1.159 -0.9661711678266296
1.16 -1.0086419267089308
1.161 -1.167407182505747
1.162 -1.1350610941151338
1.163 -1.268939983122103
1.164 -1.384195436861037
1.165 -1.4958786066292358
1.166 -1.6128651226559363
1.167 -1.764547965832841
1.168 -1.8472072732276106
1.169 -1.8956179328761245
1.17 -1.9555663346501573
1.171 -1.9708586088936075
1.172 -2.1188650690347397
1.173 -2.1016291030698486
1.174 -2.221663320348455
1.175 -2.2216002556588332
1.176 -2.279951869727189
1.177 -2.29795395904692
1.178 -2.4035577031359034
1.179 -2.4822105895283952
1.18 -2.487391585198352
1.181 -2.5403959508883798
1.182 -2.5313218694449535
1.183 -2.487314469850518
1.184 -2.4743018154720815
1.185 -2.5115887982684244
1.186 -2.450085798687003
1.187 -2.3987107505946983
1.188 -2.3897786356593516
1.189 -2.2749796577414982
1.19 -2.1892815882466037
1.191 -2.1460335217536324
1.192 -2.1481579948144103
1.193 -2.1848144407506567
1.194 -2.2180085533178104
1.195 -2.3287907509455
1.196 -2.3002695249357905
1.197 -2.2398657898883148
1.198 -2.160818343780043
1.199 -2.0875073778489104
1.2 -1.9803242260816942
1.201 -1.899093513859012
1.202 -1.84008743563134
1.203 -1.7958881964319309
1.204 -1.7635957450227386
1.205 -1.7226097214614602
1.206 -1.719155701653376
1.207 -1.7285996858620876
1.208 -1.752200306599824
1.209 -1.7393427763961424
1.21 -1.7243531335393707
1.211 -1.6158032950202164
1.212 -1.6987284280772503
1.213 -1.6416775433209791
1.214 -1.573771984429182
1.215 -1.4496735991767167
1.216 -1.4261668314862643
1.217 -1.3046148143595726
1.218 -1.2372806950280055
1.219 -1.2723481685630826
1.22 -1.347290299971697
1.221 -1.3407907926587148
1.222 -1.1965090849620479
1.223 -1.152914071737404
1.224 -1.1405883340845113
1.225 -1.1631681087271148
1.226 -1.1381302223066458
1.227 -1.0969275485035919
1.228 -1.0017761161355534
1.229 -0.9468275604421781
1.23 -0.9340316796945647
1.231 -0.9457219441503938
1.232 -0.8336830819047703
1.233 -0.7780967691240039
1.234 -0.7904133397890971
1.235 -0.8010610932451168
1.236 -0.7535403938925733
1.237 -0.713594825371731
1.238 -0.7582769441054984
1.239 -0.6371501813404581
1.24 -0.6243479626495514
1.241 -0.4648229749623888
1.242 -0.47398755072341686
1.243 -0.5080576137249712
1.244 -0.5374864426335748
1.245 -0.49890979526461154
1.246 -0.5225004121802537
1.247 -0.5038307627953347
1.248 -0.37620459950392354
1.249 -0.3992955517335083
1.25 -0.38813045823426184
1.2510000000000001 -0.4775032805709886
1.252 -0.6111065550256847
1.2530000000000001 -0.6255811303398517
1.254 -0.6304128713668566
1.2550000000000001 -0.6170625970009588
1.256 -0.6400039380182709
1.2570000000000001 -0.5881400999875581
1.258 -0.5774723501747889
1.2590000000000001 -0.6918994421233087
1.26 -0.6312603186528051
1.2610000000000001 -0.4965909092141109
1.262 -0.39578433158372356
1.2630000000000001 -0.3672216668646339
1.264 -0.4047076105306698
1.2650000000000001 -0.4501977861735847
1.266 -0.39732016603613673
1.2670000000000001 -0.4127022157084599
1.268 -0.38432716949822443
1.2690000000000001 -0.31913791115608825
1.27 -0.3310615088294166
1.2710000000000001 -0.22108689637320447
1.272 -0.2590853522194676
1.2730000000000001 -0.2573994717643139
1.274 -0.20410987061712715
1.2750000000000001 -0.268341992621718
1.276 -0.1991964973502299
1.2770000000000001 -0.13176885321705495
1.278 -0.021092481365756588
1.2790000000000001 -0.08270526113171883
1.28 -0.13457285031232724
1.281 -0.09008671062441395
1.282 -0.033209161422788014
1.283 -0.08725023242602453
1.284 -0.0456150992231823
1.285 -0.010588481416288653
1.286 -0.09223055633556648
1.287 -0.05659664512585755
1.288 0.047577940062489776
1.289 0.1221536877378207
1.29 0.2029379535953455
1.291 0.23601054171618985
1.292 0.30628214970731493
1.293 0.39715374846650997
1.294 0.34073067427245796
1.295 0.34543659868927057
1.296 0.23982230828878404
1.297 0.3570712396289131
1.298 0.27854033342298967
1.299 0.2870728583623139
1.3 0.17969482267794845
1.301 0.21811000300328864
1.302 0.26827282309582046
1.303 0.1372472411562748
1.304 0.10089824154030075
1.305 0.04923515420558605
1.306 -0.05646709360506924
1.307 -0.03273237963942366
1.308 -0.03225588123946399
1.309 -0.015337159644543796
1.31 -0.07077545242718003
1.311 -0.17223477431351714
1.312 -0.12756817340660587
1.313 -0.1676420584197033
1.314 -0.192653856239611
1.315 -0.1206683951713432
1.316 -0.03983741106113281
1.317 -0.02647003344998833
1.318 -0.027300219486531996
1.319 0.03746913799652041
1.32 -0.05528931233528345
1.321 -0.07485234792936823
1.322 -0.051199012303650204
1.323 -0.08882131787152453
1.324 -0.15510915647598056
1.325 -0.16739864120185272
1.326 -0.1731350937660277
1.327 -0.19033173375769846
1.328 -0.2542392268168056
1.329 -0.3469227758857774
1.33 -0.3945443294809411
1.331 -0.3249037644122027
1.332 -0.2936264785750567
1.333 -0.31088136425144125
1.334 -0.30760140193879687
1.335 -0.35434434534065223
1.336 -0.41456393533098945
1.337 -0.433346180056812
1.338 -0.5928280179165109
1.339 -0.6028074428465202
1.34 -0.714555901096504
1.341 -0.7439749590945648
1.342 -0.8244632050749938
1.343 -0.8730814245891115
1.344 -0.8817646100415588
1.345 -0.9331761802202367
1.346 -1.0073401947592244
1.347 -1.0336926919113223
1.348 -1.0281076871487345
1.349 -0.9939012388759126
1.35 -0.9579171030094986
1.351 -0.9276933920884601
1.352 -0.91108543561565
1.353 -0.9445439951274216
1.354 -0.9282291010749724
1.355 -1.0056510048729448
1.356 -0.9439565849418498
1.357 -0.9615478219647505
1.358 -0.9993128404773279
1.359 -1.0811024232073594
1.36 -1.136306257709753
1.361 -1.1922043601675716
1.362 -1.1918141292781592
1.363 -1.186813885485582
1.364 -1.3157540624218904
1.365 -1.3421511883164323
1.366 -1.430296143863453
1.367 -1.4562751660201902
1.368 -1.4560828038757634
1.369 -1.4355808985833014
1.37 -1.450433115609216
1.371 -1.3770595570689241
1.372 -1.3856038441283793
1.373 -1.3488211270240456
1.374 -1.419856915334494
1.375 -1.32668197693503
1.3760000000000001 -1.360364470335635
1.377 -1.4670289578498894
1.3780000000000001 -1.4427538104187296
1.379 -1.51691957297475
1.3800000000000001 -1.4993710792646489
1.381 -1.5889125942730589
1.3820000000000001 -1.528850962310438
1.383 -1.5959113883849854
1.3840000000000001 -1.7263815120047106
1.385 -1.788124604353739
1.3860000000000001 -1.8758376023523573
1.387 -2.0138807532355307
1.3880000000000001 -1.9742025792542328
1.389 -1.9871184066174112
1.3900000000000001 -2.074043772741524
1.391 -2.1551870851862978
1.3920000000000001 -2.3501800436485913
1.393 -2.3378460312535108
1.3940000000000001 -2.303246086076583
1.395 -2.1911779700215623
1.3960000000000001 -2.155346028497359
1.397 -2.2824521588705347
1.3980000000000001 -2.259527975628481
1.399 -2.3663740537684577
1.4000000000000001 -2.3641244780405626
1.401 -2.3872925356945625
1.4020000000000001 -2.357528164845546
1.403 -2.303419460692284
1.4040000000000001 -2.382444549663072
1.405 -2.3952215011806097
1.4060000000000001 -2.438486148772179
1.407 -2.530016844382943
1.408 -2.669020667174796
1.409 -2.67289682810701
1.41 -2.7424171637298915
1.411 -2.733428659463344
1.412 -2.63842142755742
1.413 -2.610259097482489
1.414 -2.5637087555607634
1.415 -2.5843646699827034
1.416 -2.5647954361200727
1.417 -2.4038738957896157
1.418 -2.5750517600141345
1.419 -2.659076920631602
1.42 -2.665266126889093
1.421 -2.671547716553401
1.422 -2.7618935566064766
1.423 -2.6901089414295782
1.424 -2.6690319372616678
1.425 -2.7548005518665626
1.426 -2.8688711370573357
1.427 -2.759215902921996
1.428 -2.7779420481175863
1.429 -2.9065251588269683
1.43 -2.9674521470239004
1.431 -2.9257432431695887
1.432 -2.9562785520656183
1.433 -3.0031816599252448
1.434 -2.967783186123911
1.435 -2.9917705899680307
1.436 -3.0265661583957515
1.437 -3.1175934312217803
1.438 -3.13490965535368
1.439 -3.2461557756793042
1.44 -3.223251424291105
1.441 -3.2730832175912314
1.442 -3.3719061048525063
1.443 -3.4045771079933793
1.444 -3.347656554275341
1.445 -3.3556488900242645
1.446 -3.429557903903799
1.447 -3.529775858684329
1.448 -3.5105934862492605
1.449 -3.513480239234727
1.45 -3.53318538197341
1.451 -3.5492992539297723
1.452 -3.59508543611149
1.453 -3.6167205809045306
1.454 -3.7109564841016978
1.455 -3.7056836725108493
1.456 -3.6565437400030865
1.457 -3.611082462610989
1.458 -3.645096402795329
1.459 -3.784247497206162
1.46 -3.7429548256885083
1.461 -3.81290324071462
1.462 -3.7634457786595332
1.463 -3.769225538152148
1.464 -3.799706810543884
1.465 -3.8317921981807883
1.466 -3.8593299957696923
1.467 -3.823399319162265
1.468 -3.815236015360335
1.469 -3.851767667902971
1.47 -3.7762437695763977
1.471 -3.756421680750911
1.472 -3.6659967639891855
1.473 -3.7567669256631886
1.474 -3.8473209443006775
1.475 -3.9094601228748282
1.476 -3.931565621295834
1.477 -4.113550569907893
1.478 -4.2260856835131095
1.479 -4.190152887837065
1.48 -4.168414841085537
1.481 -4.201025036044762
1.482 -4.294646008691336
1.483 -4.287865910243913
1.484 -4.210678612066666
1.485 -4.293243897451073
1.486 -4.337675008861433
1.487 -4.451931547193074
1.488 -4.5024503398727465
1.489 -4.605711306772002
1.49 -4.588256567947374
1.491 -4.6145637743582455
1.492 -4.617017186766414
1.493 -4.624512051137276
1.494 -4.651057880723542
1.495 -4.776209945032492
1.496 -4.706141439281563
1.497 -4.762935891504286
1.498 -4.715056931407372
1.499 -4.647424945326602
1.5 -4.562567464428417
1.5010000000000001 -4.520118206164273
1.502 -4.571403088073815
1.5030000000000001 -4.520080989432964
1.504 -4.499818549579409
1.5050000000000001 -4.511430550449504
1.506 -4.589993099395965
1.5070000000000001 -4.558283194000867
1.508 -4.58575140680223
1.5090000000000001 -4.728644160964248
1.51 -4.80011652564669
1.5110000000000001 -4.809416420130779
1.512 -4.817129530849983
1.5130000000000001 -4.862747254240364
1.514 -4.9792986522528455
1.5150000000000001 -4.9764346112059155
1.516 -4.948435055092297
1.5170000000000001 -4.891179822706553
1.518 -4.990544864763657
1.5190000000000001 -5.06346253731955
1.52 -5.032345730881454
1.5210000000000001 -5.093452261221516
1.522 -5.220321397380336
1.5230000000000001 -5.271346493217906
1.524 -5.072317705022947
1.5250000000000001 -5.085723111437481
1.526 -5.18043145301404
1.5270000000000001 -5.260075326851506
1.528 -5.366787730243077
1.5290000000000001 -5.389652348074737
1.53 -5.4487405886988745
1.5310000000000001 -5.343677948642024
1.532 -5.393039984692768
1.5330000000000001 -5.4145828854083895
1.534 -5.384019243189258
1.5350000000000001 -5.3724475144191555
1.536 -5.329079151493699
1.537 -5.313665770205458
1.538 -5.176813019376537
1.539 -5.256927302574315
1.54 -5.266872179950238
1.541 -5.195865928642985
1.542 -5.194440631054155
1.543 -5.193446728072848
1.544 -5.202031130788512
1.545 -5.220679400767469
1.546 -5.284449698882999
1.547 -5.385007774876673
1.548 -5.424559153481936
1.549 -5.455878636965521
1.55 -5.481458505247142
1.551 -5.583781409830523
1.552 -5.61772993409177
1.553 -5.630730001275705
1.554 -5.621234481785516
1.555 -5.592245882749253
1.556 -5.630763081177044
1.557 -5.550986494070189
1.558 -5.580050749280874
1.559 -5.636650689419001
1.56 -5.658003922935601
1.561 -5.636500677356528
1.562 -5.759315646914619
1.563 -5.809718886173243
1.564 -5.872631915222498
1.565 -5.834951971686491
1.566 -5.812631827029074
1.567 -5.895322913987144
1.568 -5.8059397634557826
1.569 -5.877932520237783
1.57 -5.927132886832828
1.571 -5.9936590069073015
1.572 -5.94130063244851
1.573 -5.999372446394929
1.574 -6.030243397466945
1.575 -5.98494628843304
1.576 -5.873665221677061
1.577 -5.866426618234536
1.578 -5.863099145554788
1.579 -5.7541240342132856
1.58 -5.806283528075376
1.581 -5.843928447209285
1.582 -5.948577848708525
1.583 -6.069018802039736
1.584 -6.113544033785047
1.585 -6.106933663268283
1.586 -6.101936551893246
1.587 -6.132235708042558
1.588 -5.989571904062783
1.589 -6.008326833955367
1.59 -5.96686924484797
1.591 -6.000068438335381
1.592 -5.918794319664475
1.593 -5.894116187321635
1.594 -5.9111032029205965
1.595 -5.980139147472738
1.596 -6.019271406863411
1.597 -5.960303253301275
1.598 -5.9088279658295075
1.599 -6.015334087350906
1.6 -6.0858581670100715
1.601 -6.2242180527883955
1.602 -6.234398372525471
1.603 -6.24335814647212
1.604 -6.260903791816714
1.605 -6.241864791794095
1.606 -6.322145033881311
1.607 -6.232072412836946
1.608 -6.1622922095945425
1.609 -6.071008613564889
1.61 -6.037671106130473
1.611 -6.064100044085901
1.612 -6.099357592841731
1.613 -6.088298520218419
1.614 -6.059106804368356
1.615 -6.119988369418312
1.616 -6.0543122301205035
1.617 -6.08291080738719
1.618 -6.0565583987188605
1.619 -6.094797145893306
1.62 -6.073594163402593
1.621 -6.117944982593135
1.622 -6.114088949474292
1.623 -6.215401476247591
1.624 -6.283832588103825
1.625 -6.118404368028589
1.6260000000000001 -6.232862458506487
1.627 -6.188685506023526
1.6280000000000001 -6.172891672558901
1.629 -6.191935125328932
1.6300000000000001 -6.285049500072432
1.631 -6.196545236492993
1.6320000000000001 -6.162710808094524
1.633 -6.125450398806004
1.6340000000000001 -6.118788207588363
1.635 -6.115256162446154
1.6360000000000001 -6.233702500745762
1.637 -6.244717672129854
1.6380000000000001 -6.302870136659764
1.639 -6.368534923066386
1.6400000000000001 -6.402591035768994
1.641 -6.418342742312905
1.6420000000000001 -6.423383586621034
1.643 -6.26101833506746
1.6440000000000001 -6.326475866339067
1.645 -6.394817746747074
1.6460000000000001 -6.3333303351598325
1.647 -6.220891803809346
1.6480000000000001 -6.120126083756429
1.649 -6.047398952388425
1.6500000000000001 -6.112803641370569
1.651 -6.168409937813983
1.6520000000000001 -6.069905020653304
1.653 -6.066645621421444
1.6540000000000001 -6.0528675484885675
1.655 -5.99063643393733
1.6560000000000001 -6.0363697921640584
1.657 -6.061815437045283
1.6580000000000001 -6.073356051199523
1.659 -6.059161260767682
1.6600000000000001 -6.018285241174155
1.661 -6.029882848033343
1.6620000000000001 -5.942986132633248
1.663 -5.933061212404521
1.6640000000000001 -5.927155081901544
1.665 -5.86278977731367
1.666 -5.817126612437504
1.667 -5.766699079860849
1.668 -5.873288464022593
1.669 -5.841774149141587
1.67 -5.774450884999099
1.671 -5.715535915677865
1.672 -5.717362223590537
1.673 -5.786023557364614
1.674 -5.827626895163387
1.675 -5.8288438663281585
1.676 -5.706990021791087
1.677 -5.603237796315087
1.678 -5.641661021863217
1.679 -5.616099079892693
1.68 -5.570634344850051
1.681 -5.514143109929307
1.682 -5.347418779972054
1.683 -5.273172164524881
1.684 -5.277580024190309
1.685 -5.288352508775297
1.686 -5.263572885160134
1.687 -5.176268666125093
1.688 -5.135176918268014
1.689 -5.131015407032677
1.69 -5.058465653899921
1.691 -4.965890136845998
1.692 -4.911678170602763
1.693 -4.7339654270979885
1.694 -4.692213405282576
1.695 -4.592011194616951
1.696 -4.654034241137495
1.697 -4.595760361016386
1.698 -4.419878792702594
1.699 -4.316748675120566
1.7 -4.212204941997691
1.701 -4.102157117535091
1.702 -4.006380129390596
1.703 -3.883252044280952
1.704 -3.747873404314108
1.705 -3.7198014052267805
1.706 -3.462130301567567
1.707 -3.4759064390114163
1.708 -3.404221342398952
1.709 -3.4205807255014804
1.71 -3.330487752541832
1.711 -3.234283937209914
1.712 -3.1932183148200854
1.713 -3.172173815699817
1.714 -3.0081590405314964
1.715 -2.932388431384095
1.716 -2.7518756734891263
1.717 -2.734357995273446
1.718 -2.722991649782193
1.719 -2.665083254940872
1.72 -2.594240535496213
1.721 -2.544013756224671
1.722 -2.4282757744705035
1.723 -2.3034339695851918
1.724 -2.1462137176379303
1.725 -2.071014746689413
1.726 -2.077046786143124
1.727 -2.088849447086568
1.728 -1.9214087894312204
1.729 -1.8519222350564812
1.73 -1.7055892372521364
1.731 -1.611924755789133
1.732 -1.5997131844166397
1.733 -1.5733899993538025
1.734 -1.5703345971083422
1.735 -1.5167767847436653
1.736 -1.5573910585006856
1.737 -1.4467716160586177
1.738 -1.4161534573422678
1.739 -1.253673802122203
1.74 -1.1731269595379679
1.741 -1.0665738019803679
1.742 -1.01067449214666
1.743 -0.874265858052345
1.744 -0.8707444370449275
1.745 -0.7011009146302117
1.746 -0.6504320201695464
1.747 -0.600078563903939
1.748 -0.5692927626118804
1.749 -0.41305297616418135
1.75 -0.1401744635503456
1.7510000000000001 -0.22033853648386728
1.752 -0.22330235650861785
1.7530000000000001 -0.20415033038262814
1.754 -0.1077534831171531
1.7550000000000001 -0.12556399676417582
1.756 -0.1703503080508079
1.7570000000000001 -0.19313740829174983
1.758 -0.22667127841360415
1.7590000000000001 -0.26210085027478425
1.76 -0.20031181727631592
1.7610000000000001 -0.16154454696373793
1.762 -0.1291997659516099
1.7630000000000001 -0.2008767252531681
1.764 -0.14845032956985918
1.7650000000000001 -0.13588323173517067
1.766 -0.186712683630442
1.7670000000000001 -0.30680173355982665
1.768 -0.2561262606065696
1.7690000000000001 -0.21310882763395728
1.77 -0.2663717152585648
1.7710000000000001 -0.24874348756026562
1.772 -0.1696139066055925
1.7730000000000001 -0.1344275114388498
1.774 -0.14530292640397005
1.7750000000000001 -0.06070568092530765
1.776 -0.03940549819532811
1.7770000000000001 -0.04645812746734067
1.778 0.0012049848422089893
1.7790000000000001 -0.021886623770396654
1.78 0.012304400716509723
1.7810000000000001 0.131063639461547
1.782 0.07921017992058607
1.7830000000000001 0.07067802851727852
1.784 0.12737632870355883
1.7850000000000001 0.09151195517057228
1.786 0.1199172446073246
1.7870000000000001 0.1237713218765377
1.788 0.12057515560354942
1.7890000000000001 0.106843110257964
1.79 0.09111019061108105
1.7910000000000001 0.08388224791085373
1.792 0.015218772435452929
1.793 -0.015229251184662947
1.794 -0.04965868541413401
1.795 -0.03566679975303069
1.796 -0.14100939145966096
1.797 -0.3355858631665589
1.798 -0.3593625866761122
1.799 -0.36058703599998804
1.8 -0.2680238510061211
1.801 -0.214239289518287
1.802 -0.25186383604948404
1.803 -0.23971936823343595
1.804 -0.18070906309653328
1.805 -0.21030572736828762
1.806 -0.24345170945702513
1.807 -0.2687103497152246
1.808 -0.2652452629735317
1.809 -0.11475034318553162
1.81 -0.09663864516332295
1.811 -0.0779026409468428
1.812 -0.10481539226606909
1.813 -0.08388327518903871
1.814 -0.06930767932321072
1.815 -0.0015483047536198058
1.816 -0.07203212437778649
1.817 -0.14521293980331212
1.818 -0.2327461543178217
1.819 -0.3000161685371687
1.82 -0.36669709087394226
1.821 -0.5059287245515192
1.822 -0.5733938519721977
1.823 -0.5700056603972627
1.824 -0.6112464231328224
1.825 -0.542326373691204
1.826 -0.5651454929529882
1.827 -0.5615828386502656
1.828 -0.5409211962723447
1.829 -0.5120571883446137
1.83 -0.5187014438691828
1.831 -0.5830242463136972
1.832 -0.5103503663762549
1.833 -0.5196209975898273
1.834 -0.5573109903728861
1.835 -0.44744399026965265
1.836 -0.4790254916549723
1.837 -0.4624869253714107
1.838 -0.5362408442281902
1.839 -0.4817436062330621
1.84 -0.5037286189361283
1.841 -0.4893798583778889
1.842 -0.5260707924188955
1.843 -0.5727030085408024
1.844 -0.5219607476540934
1.845 -0.4937498906192013
1.846 -0.6023754473172891
1.847 -0.683434507941797
1.848 -0.5764653793896528
1.849 -0.6527705279194862
1.85 -0.43077574179391953
1.851 -0.3222850578609762
1.852 -0.29782014325905953
1.853 -0.2506262164866722
1.854 -0.22585142793725602
1.855 -0.22571667570786946
1.856 -0.18340472034117428
1.857 -0.04356107927023725
1.858 -0.17183754323460995
1.859 -0.14201694389409203
1.86 -0.1306279067176406
1.861 -0.19541981789326646
1.862 -0.14144649113697574
1.863 -0.09142810710830165
1.864 -0.19743647975417844
1.865 -0.287328158185288
1.866 -0.3672718004662307
1.867 -0.3189403012815834
1.868 -0.2757147783560497
1.869 -0.3944109112255789
1.87 -0.3587925258398498
1.871 -0.39820013353943623
1.872 -0.39023771428456105
1.873 -0.3870360438714352
1.874 -0.4124815890557008
1.875 -0.46913967273437074
1.8760000000000001 -0.4182624199742265
1.877 -0.35822787932250977
1.8780000000000001 -0.43962660863983016
1.879 -0.4095970447755265
1.8800000000000001 -0.4731218504693301
1.881 -0.4752759816964338
1.8820000000000001 -0.4461514375042212
1.883 -0.4350383727981532
1.8840000000000001 -0.3743606854355323
1.885 -0.4402648970309804
1.8860000000000001 -0.43861665155574603
1.887 -0.5290931233791487
1.8880000000000001 -0.4076772682675059
1.889 -0.3898857180148958
1.8900000000000001 -0.37214763888316377
1.891 -0.36882424890881393
1.8920000000000001 -0.44354798122121036
1.893 -0.4208136995525648
1.8940000000000001 -0.34475068722430335
1.895 -0.2203759922652833
1.8960000000000001 -0.11341746845320835
1.897 -0.10498926132923603
1.8980000000000001 -0.061119809516607546
1.899 -0.05678281230023121
1.9000000000000001 -0.036926839451288426
1.901 -0.020549821391471698
1.9020000000000001 -0.029340278207595466
1.903 -0.06439874645841231
1.9040000000000001 -0.10589097244378734
1.905 -0.09046192027853324
1.9060000000000001 -0.03546388442705742
1.907 0.05979611125287709
1.9080000000000001 0.11236503031529384
1.909 0.06908135410790522
1.9100000000000001 0.07842727096877158
1.911 0.00841941157130821
1.9120000000000001 -0.09812769919328618
1.913 -0.0320507160911252
1.9140000000000001 -0.09192898210374317
1.915 -0.1167865268577793
1.9160000000000001 -0.22256880588108865
1.917 -0.25131774150190134
1.9180000000000001 -0.2801772276048378
1.919 -0.2880693656369162
1.92 -0.34803656023765683
1.921 -0.41955443293180256
1.922 -0.23980036445650288
1.923 -0.18122752906076892
1.924 -0.25086947113432123
1.925 -0.27068818131905686
1.926 -0.30495998607261887
1.927 -0.30060777233594466
1.928 -0.27445429406644306
1.929 -0.25642950489290733
1.93 -0.29688307586978635
1.931 -0.29766880197055606
1.932 -0.26465111621972903
1.933 -0.2837073032598078
1.934 -0.3152173483998281
1.935 -0.20639099088885438
1.936 -0.20088711786142296
1.937 -0.2097122170816563
1.938 -0.25596741734111034
1.939 -0.26133386470323045
1.94 -0.2693454512317747
1.941 -0.20906718824154846
1.942 -0.2877177804311019
1.943 -0.3660023352858834
1.944 -0.3022653059503494
1.945 -0.428017592454918
1.946 -0.46492357414372165
1.947 -0.576962365258497
1.948 -0.6074549443755383
1.949 -0.61311817021661
1.95 -0.5687971507967303
1.951 -0.5451698992843266
1.952 -0.5995454161443674
1.953 -0.587600557389402
1.954 -0.7094989122919203
1.955 -0.7180564515958836
1.956 -0.6946972008833697
1.957 -0.7198654385421667
1.958 -0.7623887353170998
1.959 -0.8164040204994084
1.96 -0.9045983061297165
1.961 -0.8972704174805963
1.962 -0.8892570369871851
1.963 -0.802793214062773
1.964 -0.8044290880848565
1.965 -0.7549078160907949
1.966 -0.8134238142551935
1.967 -0.829695390858695
1.968 -0.7621032737840852
1.969 -0.7368055562739713
1.97 -0.8146475199897445
1.971 -0.8528798768552824
1.972 -0.8631656338583691
1.973 -0.8643090721919154
1.974 -0.8752134706012297
1.975 -0.8747058554091729
1.976 -0.9410492986856486
1.977 -0.9252311394952156
1.978 -0.8667129162243481
1.979 -0.8031430401487384
1.98 -0.844537073328366
1.981 -0.7468530688050521
1.982 -0.5974935125748128
1.983 -0.5378363894965047
1.984 -0.5336810881006457
1.985 -0.6230809687520954
1.986 -0.7049029674726045
1.987 -0.700176739177091
1.988 -0.6602110848797023
1.989 -0.7170222500939633
1.99 -0.7515361620628332
1.991 -0.6096885395725983
1.992 -0.7055186913975956
1.993 -0.6439955160079466
1.994 -0.6276081667263183
1.995 -0.7351032009771035
1.996 -0.7252021703827946
1.997 -0.7393259388105241
1.998 -0.6362233428646545
1.999 -0.7454747567412652
2.0 -0.8088644464569595
2.001 -0.8269151362439074
2.0020000000000002 -0.8684515311876155
2.003 -0.9107431123025366
2.004 -0.8107808803522394
2.005 -0.8897826814615089
2.0060000000000002 -0.9371633743995423
2.007 -0.8488533140097543
2.008 -0.8525350645514205
2.009 -0.8316168154717959
2.0100000000000002 -0.8259254077340082
2.011 -0.7564486614021197
2.012 -0.7543281844957298
2.013 -0.819432538494663
2.0140000000000002 -0.8419809069130668
2.015 -0.8476467141859407
2.016 -0.8624984831691132
2.017 -0.8420499902450673
2.0180000000000002 -0.7860138330649737
2.019 -0.6823032765722596
2.02 -0.6397676999514478
2.021 -0.46244402554792696
2.0220000000000002 -0.4817267528511142
2.023 -0.39104123354525244
2.024 -0.47372306707329953
2.025 -0.3965255267029868
2.0260000000000002 -0.43687762827222687
2.027 -0.483831969379316
2.028 -0.4356153231525089
2.029 -0.41693369800903435
2.0300000000000002 -0.46400387436721213
2.031 -0.5224506957398884
2.032 -0.485919734546494
2.033 -0.4367637419667057
2.0340000000000003 -0.4224772649181716
2.035 -0.33941451464809597
2.036 -0.37813617396721694
2.037 -0.39463811534209425
2.0380000000000003 -0.3217528882505214
2.039 -0.35623821833365205
2.04 -0.4689918067565984
2.041 -0.5169942878042304
2.0420000000000003 -0.5220301125156774
2.043 -0.6187661082545948
2.044 -0.6161660650023236
2.045 -0.6292777386505495
2.0460000000000003 -0.6584983383598206
2.047 -0.6030176916901595
2.048 -0.5835752263542512
2.049 -0.527329796415638
2.05 -0.6136939973075028
2.051 -0.5913304452249676
2.052 -0.5881879674552382
2.053 -0.6670375117058376
2.054 -0.6580601708328129
2.055 -0.6511835601058571
2.056 -0.7508810259346369
2.057 -0.762641042976065
2.058 -0.7741201075215088
2.059 -0.8511102273181749
2.06 -0.7961622112454936
2.061 -0.8778742086105783
2.062 -0.8636482263430727
2.063 -0.9349086325956913
2.064 -0.841101215828246
2.065 -0.8394624834140657
2.066 -0.784256430485598
2.067 -0.8183363217969911
2.068 -0.9129121443642851
2.069 -1.0036800147841272
2.07 -0.9763166916884122
2.071 -0.9481722801588085
2.072 -0.9691200154459704
2.073 -1.0547066686002269
2.074 -1.0181632013470323
2.075 -1.09794998442417
2.076 -1.1729145040587834
2.077 -1.1395806727388658
2.078 -1.1094957964477756
2.079 -1.054995713728463
2.08 -0.9612633715091845
2.081 -0.9711055670939737
2.082 -0.9410923009833395
2.083 -0.8776133588466911
2.084 -0.873001979977929
2.085 -0.8605813165229054
2.086 -0.8240822654466167
2.087 -0.8177475096111068
2.088 -0.7873653107787736
2.089 -0.7586667382297219
2.09 -0.5379169181689181
2.091 -0.5351341397301339
2.092 -0.5027268532565508
2.093 -0.5315788775625485
2.094 -0.5713808288791786
2.095 -0.47179611645658237
2.096 -0.5318811532321956
2.097 -0.7169673364748628
2.098 -0.7013307087071989
2.099 -0.6897577254393942
2.1 -0.8253922637943134
2.101 -0.8626465841410089
2.102 -0.8337400817563628
2.103 -0.8540149143451423
2.104 -0.8866707210461822
2.105 -0.9158778118998757
2.106 -0.9465597056824531
2.107 -0.9532457277519386
2.108 -0.9013716785460292
2.109 -1.0426945774196865
2.11 -1.023444934859203
2.111 -0.9839629568511989
2.112 -0.9185342191537736
2.113 -0.9050324175487274
2.114 -0.9240039832147336
2.115 -0.8973788081796298
2.116 -0.958765655720801
2.117 -0.8475059804744018
2.118 -0.9550973851572762
2.119 -1.0242941676110195
2.12 -1.074357170847413
2.121 -1.0550124846857658
2.122 -1.1396421358870534
2.123 -1.086371128228646
2.124 -1.0388176875018795
2.125 -0.9744361775022572
2.126 -1.0215434041929976
2.1270000000000002 -0.9788893281996883
2.128 -1.0940562097840008
2.129 -1.1045544630450916
2.13 -1.183829287293084
2.1310000000000002 -1.1389140855867164
2.132 -1.1019450493173475
2.133 -1.2017613633408692
2.134 -1.1998489314996148
2.1350000000000002 -1.1498938843249502
2.136 -1.0479047183147934
2.137 -1.0031583809628262
2.138 -1.0143860252870012
2.1390000000000002 -1.03682625820075
2.14 -1.0621224081560983
2.141 -1.0451517058219677
2.142 -1.0794736283924589
2.1430000000000002 -1.073902897840875
2.144 -0.9739807853931215
2.145 -0.915215565503499
2.146 -0.9945075628421151
2.1470000000000002 -0.9306630118147677
2.148 -1.0570954590553174
2.149 -1.122616589582314
2.15 -1.1354527674470531
2.1510000000000002 -1.16500823870373
2.152 -1.1780760809907345
2.153 -1.1019530363892918
2.154 -1.084579335242595
2.1550000000000002 -1.0975898988110948
2.156 -1.0120786790350418
2.157 -0.9637782750399304
2.158 -1.0011518651210072
2.1590000000000003 -1.0718131816544383
2.16 -1.0726664039731804
2.161 -1.0267010942537669
2.162 -1.0988152816480994
2.1630000000000003 -1.0317699095442274
2.164 -0.9463834906442286
2.165 -1.0584941517652031
2.166 -1.1868383424451243
2.1670000000000003 -1.131707664832575
2.168 -1.14394948015753
2.169 -1.199968184815478
2.17 -1.1655047793101552
2.1710000000000003 -1.1545999626844132
2.172 -1.2009056346638367
2.173 -1.2358624167690804
2.174 -1.1892613193830015
2.1750000000000003 -1.1790318429973412
2.176 -1.1549271984703153
2.177 -1.1082060491456587
2.178 -1.135144657372263
2.179 -1.2013614274289917
2.18 -1.228052307587537
2.181 -1.1646835325779121
2.182 -1.2520926906245269
2.183 -1.2405883467715777
2.184 -1.2420458769021396
2.185 -1.3202857568101267
2.186 -1.3560348592735
2.187 -1.2966215520323543
2.188 -1.3345323833290197
2.189 -1.3157538262436541
2.19 -1.2975845421498966
2.191 -1.3140201990245188
2.192 -1.2795815438100704
2.193 -1.1927274920073505
2.194 -1.3561098328847057
2.195 -1.4224049315071499
2.196 -1.400451074394881
2.197 -1.454700350374083
2.198 -1.52275170416718
2.199 -1.5545287679819704
2.2 -1.5141532574977004
2.201 -1.41656343902841
2.202 -1.4727477894746699
2.203 -1.4860535965787165
2.204 -1.4073351394131781
2.205 -1.4337550550465095
2.206 -1.5224096971492784
2.207 -1.4048893563904492
2.208 -1.3875253449176403
2.209 -1.4064687068084742
2.21 -1.5113050681088886
2.211 -1.463422086266472
2.212 -1.4790246172263357
2.213 -1.4854588899545877
2.214 -1.4483819187071865
2.215 -1.5176678789863634
2.216 -1.5467588042996203
2.217 -1.4158345861064832
2.218 -1.4876689200045856
2.219 -1.4230610158717167
2.22 -1.3494171505796648
2.221 -1.2739449204027282
2.222 -1.1781842663487434
2.223 -1.1283851146055426
2.224 -1.138214814634305
2.225 -1.1469327600395811
2.226 -1.080960040121394
2.227 -1.0609452892207265
2.228 -1.129319448398386
2.229 -1.0977024641535822
2.23 -1.0737213996532555
2.231 -1.0975372708197069
2.232 -1.0994979681030363
2.233 -1.1030294758910202
2.234 -1.0997963326640192
2.235 -1.103574457751286
2.236 -1.079113803664888
2.237 -1.037817696945245
2.238 -1.1854947438840038
2.239 -1.1596002585227019
2.24 -1.195666993560121
2.241 -1.1401251589070784
2.242 -1.0695027738444984
2.243 -1.0657700484538268
2.244 -1.0501687012711935
2.245 -1.0234219251152137
2.246 -1.067388750910648
2.247 -1.1388559485644525
2.248 -1.1034967310604717
2.249 -1.0580079001022515
2.25 -1.0745883845375777
2.251 -1.060940050940875
2.2520000000000002 -1.0628278115210075
2.253 -1.0767724797332854
2.254 -1.104929268243874
2.255 -1.1523438807330915
2.2560000000000002 -1.1530942790495686
2.257 -1.1906008257181697
2.258 -1.2576686467876272
2.259 -1.3665293731549348
2.2600000000000002 -1.3507090526582344
2.261 -1.402520795238063
2.262 -1.4600460405940996
2.263 -1.5822265787242618
2.2640000000000002 -1.6269217716675652
2.265 -1.5954097497325308
2.266 -1.5892046655027072
2.267 -1.4006175078906724
2.2680000000000002 -1.2955172509431188
2.269 -1.262735063678947
2.27 -1.1731632042409221
2.271 -1.184907672629739
2.2720000000000002 -1.162132976640836
2.273 -1.05792444197266
2.274 -1.0855118824973633
2.275 -1.0720274759875532
2.2760000000000002 -1.0013581832544964
2.277 -1.0240248705287813
2.278 -1.022266203374009
2.279 -1.0946866885462034
2.2800000000000002 -1.1107570276633718
2.281 -1.0650107036641758
2.282 -1.1134610803854619
2.283 -1.0671621667108482
2.2840000000000003 -1.0364816113683388
2.285 -0.9573908016069219
2.286 -1.022739438346697
2.287 -1.0926227505443322
2.2880000000000003 -1.1889478248385947
2.289 -1.1290859420834354
2.29 -1.1189612965268925
2.291 -1.195206082284632
2.2920000000000003 -1.2200663136953087
2.293 -1.1960281436823363
2.294 -1.237773007162308
2.295 -1.2665034617963822
2.2960000000000003 -1.2872915047383422
2.297 -1.2979232974685198
2.298 -1.446235024939937
2.299 -1.410361868344247
2.3000000000000003 -1.4172936689153397
2.301 -1.5434994088543894
2.302 -1.5468226194066663
2.303 -1.5524077114129915
2.3040000000000003 -1.5535096418907106
2.305 -1.6030053467309846
2.306 -1.6953079451005784
2.307 -1.5897922127501292
2.308 -1.6194899595457428
2.309 -1.7808152641809867
2.31 -1.7068602843536598
2.311 -1.6905438695623123
2.312 -1.7193799897613649
2.313 -1.575315647423184
2.314 -1.6072418730947202
2.315 -1.5635764421702685
2.316 -1.4870649038678772
2.317 -1.6630065930801414
2.318 -1.5855557879471422
2.319 -1.4929966101936958
2.32 -1.4289596151349528
2.321 -1.4032235518166494
2.322 -1.3817136735096773
2.323 -1.4311529436059118
2.324 -1.405797905578665
2.325 -1.3847211674905608
2.326 -1.3150324344436715
2.327 -1.2969014848523124
2.328 -1.3072342140303228
2.329 -1.3556659364078487
2.33 -1.3255004275024735
2.331 -1.4772821054794254
2.332 -1.5210855525913098
2.333 -1.499961820580158
2.334 -1.5206204698805121
2.335 -1.495346390425511
2.336 -1.4641616757870968
2.337 -1.4671789685472743
2.338 -1.4818823208081504
2.339 -1.4105521892633934
2.34 -1.5089880249944791
2.341 -1.4738827188319192
2.342 -1.389289720785542
2.343 -1.3405938114583136
2.344 -1.174557013853599
2.345 -1.0879276300855039
2.346 -1.2014650796934627
2.347 -1.203902145415946
2.348 -1.2163917583947044
2.349 -1.0981364458195493
2.35 -1.0957669308509885
2.351 -1.0518796978465932
2.352 -1.1524918406175781
2.353 -1.152157042027236
2.354 -1.1410254047332407
2.355 -1.1750725246573277
2.356 -1.217137587959142
2.357 -1.2307684636956873
2.358 -1.167676954845751
2.359 -1.1624273368095202
2.36 -1.1875034491739147
2.361 -1.1199163051826222
2.362 -1.1710724598991444
2.363 -1.0373829581736973
2.364 -1.0156275014383453
2.365 -1.1004906938227084
2.366 -1.1716085226866049
2.367 -1.1342998767820915
2.368 -1.08852437469251
2.369 -1.1276824604107034
2.37 -1.1213812676347998
2.371 -1.1914202074070457
2.372 -1.235342145412338
2.373 -1.180760131226587
2.374 -1.252069203373899
2.375 -1.3665315160096425
2.376 -1.450972282796978
2.3770000000000002 -1.6025857787512503
2.378 -1.672718596628071
2.379 -1.6594292999576812
2.38 -1.580849032137625
2.3810000000000002 -1.5733857277593752
2.382 -1.4401818050423993
2.383 -1.2700849763132542
2.384 -1.1971035217067751
2.3850000000000002 -1.2208404645255306
2.386 -1.3063449876776567
2.387 -1.2299982364000535
2.388 -1.1288533261798348
2.3890000000000002 -1.1553173298129344
2.39 -1.1671923477424875
2.391 -1.1316907189370193
2.392 -1.1022443425882125
2.3930000000000002 -1.0338605854173184
2.394 -1.0633722755413244
2.395 -1.021113980686124
2.396 -1.1122373560543346
2.3970000000000002 -1.02990962929492
2.398 -0.9711992297193738
2.399 -1.0053041994126497
2.4 -0.8978367254032343
2.4010000000000002 -0.8345477065110057
2.402 -0.8409098526870251
2.403 -0.8418558105400227
2.404 -0.7524457535765172
2.4050000000000002 -0.7359802564553607
2.406 -0.7138866780694346
2.407 -0.7287549616065363
2.408 -0.7773568892482462
2.4090000000000003 -0.7332833065716367
2.41 -0.6975246852028022
2.411 -0.699043324788718
2.412 -0.7559023399626246
2.4130000000000003 -0.7638223373432099
2.414 -0.729177337578482
2.415 -0.7251337028889214
2.416 -0.8066816171433049
2.4170000000000003 -0.7486339812940789
2.418 -0.7416217838901731
2.419 -0.7660877941520827
2.42 -0.6908451957300207
2.4210000000000003 -0.6375705520597784
2.422 -0.6593071253722382
2.423 -0.6797890190306847
2.424 -0.7088191740107216
2.4250000000000003 -0.749333163394943
2.426 -0.8154056999771196
2.427 -0.7361213845373392
2.428 -0.8494703523203373
2.4290000000000003 -0.7021402104300782
2.43 -0.654532526568553
2.431 -0.5663256323868047
2.432 -0.5194129929342048
2.433 -0.4274912084801553
2.434 -0.4611055369295276
2.435 -0.3629483126521149
2.436 -0.40119248649677075
2.437 -0.33650926206021675
2.438 -0.349147860155677
2.439 -0.31417446797409454
2.44 -0.3211730404674785
2.441 -0.2957353176012593
2.442 -0.27259856397539345
2.443 -0.23789412140014793
2.444 -0.0921532904822997
2.445 -0.011776187846436137
2.446 -0.012247277258256603
2.447 0.02306680139704334
2.448 0.07034588025147265
2.449 0.04337246860917232
2.45 -0.0204237090880533
2.451 6.628667028526353e-5
2.452 0.05864211422268863
2.453 0.12068524268780269
2.454 0.041140327642415236
2.455 0.023729197886609866
2.456 -0.010040307334613804
2.457 0.04163226354526428
2.458 0.05470019122513243
2.459 0.15617408343956973
2.46 0.05397737461303094
2.461 0.09641455066403408
2.462 0.09748841218043157
2.463 0.1307932169389031
2.464 0.17622366008688592
2.465 0.1943950389144302
2.466 0.16110965272054673
2.467 0.17015636215923885
2.468 0.1415941371358964
2.469 0.07345654982850168
2.47 0.08222886978929328
2.471 0.1221781001903496
2.472 0.1816713815319269
2.473 0.20561791358283096
2.474 0.22303337435125867
2.475 0.18890527684008246
2.476 0.15370308586284448
2.477 0.2602226332388118
2.478 0.1965385467711621
2.479 0.15549655547342592
2.48 0.10542384003115862
2.481 0.13415546821952326
2.482 0.09219262064914564
2.483 0.12560312329956175
2.484 0.05509529556836555
2.485 -0.07507680698100687
2.486 -0.1212201164920401
2.487 -0.06593306981228922
2.488 -0.17338442199945833
2.489 -0.1452571469947885
2.49 -0.21551303368803992
2.491 -0.3123537855134471
2.492 -0.422990512118005
2.493 -0.34822674455481156
2.494 -0.4670480565566305
2.495 -0.3528672805248349
2.496 -0.3780462330506858
2.497 -0.3439257433063863
2.498 -0.3353116744863764
2.499 -0.3273634945591029
2.5 -0.2895689810450675
2.501 -0.2785963353149363
2.5020000000000002 -0.24535503328307534
2.503 -0.17700549039879898
2.504 -0.17280716829426304
2.505 -0.1550289906877887
2.5060000000000002 -0.0989460216395126
2.507 -0.10061711412834279
2.508 -0.09628820160177722
2.509 -0.15072207451190914
2.5100000000000002 -0.2579859040528901
2.511 -0.22857120471557824
2.512 -0.22914278582765074
2.513 -0.2698547060575631
2.5140000000000002 -0.3521729958648846
2.515 -0.32781525850499343
2.516 -0.2797777620545342
2.517 -0.19282427380623934
2.5180000000000002 -0.1803516768206051
2.519 -0.15802456383577593
2.52 -0.22857747298387196
2.521 -0.051706870761958845
2.5220000000000002 -0.061558712937566915
2.523 -0.10352777799479149
2.524 -0.13096501772676344
2.525 -0.19925146447036693
2.5260000000000002 -0.06646076104565127
2.527 0.056506377028184604
2.528 0.025012465427132195
2.529 0.0947323295672039
2.5300000000000002 0.08674404357771738
2.531 0.12090697102878706
2.532 0.04048887782200519
2.533 0.14079110621344765
2.5340000000000003 0.22272061080002695
2.535 0.2592195707397929
2.536 0.2796655476092886
2.537 0.37836821238120055
2.5380000000000003 0.3744140571079855
2.539 0.3383847960654227
2.54 0.30445624868655896
2.541 0.2481527497788361
2.5420000000000003 0.19458239817963668
2.543 0.19400325475809013
2.544 0.19965472012785984
2.545 0.18439143676867636
2.5460000000000003 0.05094434698869402
2.547 0.06166379133144095
2.548 0.08223010501775581
2.549 0.12800621147998456
2.5500000000000003 0.17061835466188902
