0.0 -0.7219974129863694
0.001 -0.6303366372882444
0.002 -0.5819680536307847
0.003 -0.6049098472641947
0.004 -0.6586313298572725
0.005 -0.700145291508956
0.006 -0.6734340883988895
0.007 -0.7353116612562863
0.008 -0.7239551157750991
0.009000000000000001 -0.8291107211197846
0.01 -0.8023295080857951
0.011 -0.8380928633735729
0.012 -0.8527548322520646
0.013000000000000001 -0.7813129799322447
0.014 -0.8983446251674783
0.015 -0.9486202891238035
0.016 -0.9262280608150528
0.017 -1.001030591136482
0.018000000000000002 -1.1469912614875704
0.019 -1.1266868575925015
0.02 -1.0592760767251919
0.021 -0.9186768683004242
0.022 -0.8353626289653281
0.023 -0.8674693540506466
0.024 -0.9263253867624637
0.025 -0.863296146077815
0.026000000000000002 -0.8564666203929358
0.027 -0.8872487653630602
0.028 -0.8243777840254075
0.029 -0.8260869675251077
0.03 -0.8190822348799017
0.031 -0.9066002774832483
0.032 -0.8973023557170433
0.033 -0.8464044076813684
0.034 -0.8529942132137122
0.035 -0.9158725949449692
0.036000000000000004 -0.9026416257797464
0.037 -0.8677061501111774
0.038 -0.9211921123772246
0.039 -0.9515047311695242
0.04 -1.0087049876165406
0.041 -1.031212644100282
0.042 -0.9688790409820882
0.043000000000000003 -1.0663103714196627
0.044 -1.1446130105323646
0.045 -1.2010280241932778
0.046 -1.2287965948143837
0.047 -1.250972443547308
0.048 -1.299687679853084
0.049 -1.306409264609136
0.05 -1.2933826996248297
0.051000000000000004 -1.279786887160054
0.052000000000000005 -1.2415787855520566
0.053 -1.333273084799317
0.054 -1.2937906527597645
0.055 -1.2679570193113685
0.056 -1.2141577796647032
0.057 -1.085940203760865
0.058 -1.0303850859112529
0.059000000000000004 -1.0567164567754501
0.06 -1.06930154149926
0.061 -1.1146463098960508
0.062 -1.1097748961347569
0.063 -1.036593864177114
0.064 -0.9783093255855372
0.065 -1.0572446788092122
0.066 -1.0749040852174785
0.067 -0.9781008650692844
0.068 -0.9825511152831101
0.069 -0.9377685145278506
0.07 -0.9403954616469934
0.07100000000000001 -0.9767998024586533
0.07200000000000001 -0.9312679281387893
0.073 -0.8574570597467354
0.074 -0.8006708327338128
0.075 -0.877365236384751
0.076 -0.8650574235574551
0.077 -0.8611519500224389
0.078 -0.8198964049615202
0.079 -0.749708963504167
0.08 -0.7550771090304499
0.081 -0.7261778855634323
0.082 -0.69707513478636
0.083 -0.7284511792769769
0.084 -0.6051959113049601
0.085 -0.6582918866005892
0.08600000000000001 -0.5897226756301344
0.08700000000000001 -0.6507112017697925
0.088 -0.6530627622289733
0.089 -0.6398985131310937
0.09 -0.7012198130779117
0.091 -0.7473563138110249
0.092 -0.7455445508238892
0.093 -0.7775614637669523
0.094 -0.7539022493747721
0.095 -0.7604166703403276
0.096 -0.8066915089617755
0.097 -0.9143731778207944
0.098 -0.8352819653515788
0.099 -0.7285290391458864
0.1 -0.8140954361730716
0.101 -0.8685519169933539
0.10200000000000001 -0.8346573117004827
0.10300000000000001 -0.8254715550298849
0.10400000000000001 -0.7561135138392386
0.105 -0.7588637944665765
0.106 -0.8230154344230494
0.107 -0.841469856599071
0.108 -0.8037733538397491
0.109 -0.8213232156345336
0.11 -0.8950137793717567
0.111 -0.8814583101066816
0.112 -0.8168042703785066
0.113 -0.7860092144394124
0.114 -0.7823658835803723
0.115 -0.8749671322143524
0.116 -0.8217164881017773
0.117 -0.865267078929551
0.11800000000000001 -0.7374816550683743
0.11900000000000001 -0.72926569705313
0.12 -0.7258018106503975
0.121 -0.7927143587805935
0.122 -0.7614181086730814
0.123 -0.8623334260042225
0.124 -0.8279620091361265
0.125 -0.9196289076487478
0.126 -0.8510716754608234
0.127 -0.8000110115573733
0.128 -0.8038489158872335
0.129 -0.7877391535741327
0.13 -0.8628721142047109
0.131 -0.8435888397109147
0.132 -0.8689909018060344
0.133 -0.9336666704852068
0.134 -0.9250550378530848
0.135 -0.9390689241441286
0.136 -0.985740409052076
0.137 -1.089222095770901
0.138 -1.0865929703768753
0.139 -1.0979139967659182
0.14 -1.1660796148805481
0.14100000000000001 -1.1858131484540355
0.14200000000000002 -1.2451325306581413
0.14300000000000002 -1.2082584469840218
0.14400000000000002 -1.1938393006199766
0.145 -1.1034949032100367
0.146 -1.0768501602448324
0.147 -0.9550227631372661
0.148 -0.968188636377006
0.149 -1.0481445044169218
0.15 -1.021444145769605
0.151 -0.957509232618631
0.152 -0.9495992720778879
0.153 -0.8758506006381206
0.154 -0.9202026241091207
0.155 -0.8987636688733799
0.156 -0.8887421544324862
0.157 -0.8612914267380419
0.158 -0.7678437500672134
0.159 -0.8298415372425227
0.16 -0.7676530638269765
0.161 -0.9143654805777306
0.162 -0.8416390251931618
0.163 -0.8484864511425699
0.164 -0.801480610789672
0.165 -0.8448590988098131
0.166 -0.8596781544767379
0.167 -0.7830825713846796
0.168 -0.8515580563714374
0.169 -0.8567441825120765
0.17 -0.8135069036715978
0.171 -0.829579432354813
0.17200000000000001 -0.8530576537800434
0.17300000000000001 -0.7650362070338312
0.17400000000000002 -0.8491898844261947
0.17500000000000002 -0.8772687223255834
0.176 -0.8032135517717555
0.177 -0.8225220859958599
0.178 -0.7357382878973252
0.179 -0.6385372542125975
0.18 -0.7378736099267741
0.181 -0.7899067526064188
0.182 -0.7232323762931894
0.183 -0.6889089416172515
0.184 -0.5459727954097543
0.185 -0.6236926482726989
0.186 -0.6960842483395966
0.187 -0.8131050083233033
0.188 -0.8362618250609659
0.189 -0.8963064506665062
0.19 -1.0001042939780147
0.191 -1.043972110706489
0.192 -1.0938896426963605
0.193 -1.0423765347501084
0.194 -1.0323519611522136
0.195 -1.0539264925896514
0.196 -1.0282092199089594
0.197 -1.0038839404060722
0.198 -0.9980620944557957
0.199 -0.9755601863996746
0.2 -0.92129372593196
0.201 -0.9123720480460626
0.202 -0.9988071508168053
0.203 -1.0424948361659225
0.20400000000000001 -1.0226896680622188
0.20500000000000002 -1.0134578704798916
0.20600000000000002 -1.007757004002275
0.20700000000000002 -0.9323528144495649
0.20800000000000002 -0.9632525491938343
0.209 -0.9508419787324409
0.21 -1.0860476109033215
0.211 -1.060770313962969
0.212 -1.1203202544230901
0.213 -1.0770253604645157
0.214 -1.1002722045007034
0.215 -1.1128597911511537
0.216 -1.0973217399366022
0.217 -1.050475418144427
0.218 -1.0455234172906909
0.219 -1.064347736446418
0.22 -0.8975564018528568
0.221 -0.7955065680175308
0.222 -0.7222438382633718
0.223 -0.8224705562892143
0.224 -0.7686153835994861
0.225 -0.8233286949117719
0.226 -0.766618436654305
0.227 -0.7704224927029252
0.228 -0.8096583143416047
0.229 -0.7759218080116478
0.23 -0.8004500619114714
0.231 -0.8259233944390827
0.232 -0.8112863002524433
0.233 -0.9033784946773693
0.234 -0.8148014194519041
0.23500000000000001 -0.727676774610045
0.23600000000000002 -0.7631834111519055
0.23700000000000002 -0.8110541311851617
0.23800000000000002 -0.8850096130884874
0.23900000000000002 -0.8972908995788228
0.24 -0.8145056486906496
0.241 -0.8930134781043838
0.242 -0.978443734490418
0.243 -1.0288874681579299
0.244 -1.0632435357745194
0.245 -1.0014615353425607
0.246 -0.9021905488116039
0.247 -0.937760486847133
0.248 -1.105508666698172
0.249 -1.1966767302767842
0.25 -1.2503891777172862
0.251 -1.253034260634533
0.252 -1.3790872280855446
0.253 -1.3485489084008946
0.254 -1.3999387332163666
0.255 -1.4579998126059504
0.256 -1.5404435966764656
0.257 -1.4207290448549057
0.258 -1.2711802628397413
0.259 -1.3159255948823927
0.26 -1.36103674726364
0.261 -1.316622642678708
0.262 -1.2846960523700917
0.263 -1.335652873877635
0.264 -1.3539827204438182
0.265 -1.4486898276417863
0.266 -1.548670418486382
0.267 -1.5255000656600433
0.268 -1.471958466356709
0.269 -1.3832712903287783
0.27 -1.3132944203274362
0.271 -1.2775136250258694
0.272 -1.3696896056389574
0.273 -1.4491581757871541
0.274 -1.4775308585488194
0.275 -1.4643237712748984
0.276 -1.540985332332611
0.277 -1.5446290531630653
0.278 -1.5479394214564703
0.279 -1.5246081519499939
0.28 -1.4883263143197225
0.281 -1.5064629250782282
0.28200000000000003 -1.4431188400427668
0.28300000000000003 -1.3875433306312903
0.28400000000000003 -1.3597804371166418
0.28500000000000003 -1.3057781222578373
0.28600000000000003 -1.3337433355063275
0.28700000000000003 -1.3585363878145131
0.28800000000000003 -1.3277169935279078
0.289 -1.3161587263208878
0.29 -1.3842864018383771
0.291 -1.1865597692436893
0.292 -1.2597483451244487
0.293 -1.2057415173978656
0.294 -1.1568368227637802
0.295 -1.2123763871906776
0.296 -1.2253289213022733
0.297 -1.35872533266841
0.298 -1.341824696042164
0.299 -1.3487711604449237
0.3 -1.2426840202409402
0.301 -1.342776477913182
0.302 -1.376800651356858
0.303 -1.3362316060720831
0.304 -1.3537033608232791
0.305 -1.2725558286375813
0.306 -1.2469244413793479
0.307 -1.2059821792748606
0.308 -1.2276592026392223
0.309 -1.289296080285598
0.31 -1.285019796566447
0.311 -1.375271309341894
0.312 -1.4506252342632908
0.313 -1.4699088267469105
0.314 -1.4790266966852001
0.315 -1.504534695340036
0.316 -1.6283205045883817
0.317 -1.7429240077773775
0.318 -1.780410989667333
0.319 -1.7824809014431822
0.32 -1.7537927346708457
0.321 -1.7181667198266353
0.322 -1.6179532664038834
0.323 -1.4016158046685945
0.324 -1.4085827814678185
0.325 -1.4688488026852247
0.326 -1.4917054499245839
0.327 -1.4405793400544329
0.328 -1.4359241341834708
0.329 -1.416308836636016
0.33 -1.4676942919362146
0.331 -1.3701781718201158
0.332 -1.4139390128396867
0.333 -1.5006787233895917
0.334 -1.6132368551921443
0.335 -1.5821288659226984
0.336 -1.5673340538900475
0.337 -1.6297588354950392
0.338 -1.6706815058616722
0.339 -1.6796263877285893
0.34 -1.5257513420398001
0.341 -1.526091682887951
0.342 -1.485177553346646
0.343 -1.6289763911828103
0.34400000000000003 -1.624382134947277
0.34500000000000003 -1.6899269175381075
0.34600000000000003 -1.6453777573774513
0.34700000000000003 -1.661747149694871
0.34800000000000003 -1.5921202247635367
0.34900000000000003 -1.7355785572707625
0.35000000000000003 -1.6974922650853999
0.35100000000000003 -1.6268928931989806
0.352 -1.6223351439152842
0.353 -1.608934701468836
0.354 -1.527595211628077
0.355 -1.5645160878031004
0.356 -1.488548144290998
0.357 -1.4927261735188775
0.358 -1.4656352604019818
0.359 -1.4747451691902682
0.36 -1.4210904096016435
0.361 -1.4100014495626154
0.362 -1.362231806999764
0.363 -1.3538291244801797
0.364 -1.4501503322015599
0.365 -1.4142178218495505
0.366 -1.2634307070866766
0.367 -1.2676064892180035
0.368 -1.293231799558338
0.369 -1.2094569495499334
0.37 -1.2616916880608526
0.371 -1.3880584370509905
0.372 -1.360572318945517
0.373 -1.3010400647805502
0.374 -1.3617670638830317
0.375 -1.4133372727108424
0.376 -1.5079710820493517
0.377 -1.4952244573275637
0.378 -1.327556171166193
0.379 -1.263137283276593
0.38 -1.2628551376160564
0.381 -1.2421986622927785
0.382 -1.3490404156069336
0.383 -1.3952785228142632
0.384 -1.2704089989968563
0.385 -1.230735576123984
0.386 -1.1670557134784616
0.387 -1.243821446403007
0.388 -1.2869354339228825
0.389 -1.192802685910302
0.39 -1.2671203044238777
0.391 -1.3085922556636724
0.392 -1.3508788667782237
0.393 -1.4060389586050348
0.394 -1.4249176356299438
0.395 -1.2987265878704557
0.396 -1.2624150658103135
0.397 -1.1835223407662057
0.398 -1.1877447327598614
0.399 -1.2115802805248723
0.4 -1.1063742972951407
0.401 -1.038519811319613
0.402 -1.0944933978951048
0.403 -0.9983314606699808
0.404 -1.0691373935541801
0.405 -1.0365553978821729
0.406 -0.9654646314872628
0.40700000000000003 -0.9456974560423028
0.40800000000000003 -0.9277407526804992
0.40900000000000003 -0.849626221601007
0.41000000000000003 -0.8544469935534744
0.41100000000000003 -0.8686256674106541
0.41200000000000003 -0.945208951276577
0.41300000000000003 -0.8498188620243429
0.41400000000000003 -0.9522311150306798
0.41500000000000004 -0.9398026249148447
0.41600000000000004 -0.8628899059764508
0.417 -0.8536963256325428
0.418 -0.9205281909571603
0.419 -0.8383657063969616
0.42 -0.8092498830672364
0.421 -0.8319810328616899
0.422 -0.8893000400912913
0.423 -0.8457164423356656
0.424 -0.9094717127015528
0.425 -0.8520041800313085
0.426 -0.9471307085561177
0.427 -0.8760832862472645
0.428 -0.8978457724766944
0.429 -0.9214718633454086
0.43 -0.8943824254140501
0.431 -0.8218886709086495
0.432 -0.7672718619775973
0.433 -0.7816587480851306
0.434 -0.7763330271043785
0.435 -0.8979719411008258
0.436 -1.0041027742550948
0.437 -1.0133183493014137
0.438 -0.9701079926780632
0.439 -1.0246115377802518
0.44 -1.1211953454211376
0.441 -1.0663991502999774
0.442 -1.0955969575249938
0.443 -1.1060941321310078
0.444 -1.1746573289081748
0.445 -1.1983060575211455
0.446 -1.1638389126277089
0.447 -1.1318896364797744
0.448 -1.0813356722897007
0.449 -1.107785752966439
0.45 -1.0867192915474686
0.451 -1.2095668039054939
0.452 -1.2700598927932152
0.453 -1.1857791177360986
0.454 -1.141036660063711
0.455 -1.186656543046785
0.456 -1.2106443994201481
0.457 -1.1712872770630267
0.458 -1.3209189231451073
0.459 -1.3785820414011056
0.46 -1.316178722634812
0.461 -1.3322489092633738
0.462 -1.3910861668293046
0.463 -1.380788482825398
0.464 -1.3365569281359049
0.465 -1.2729636195289755
0.466 -1.2424600182291292
0.467 -1.127626121353392
0.468 -1.14264360426103
0.46900000000000003 -1.112783553176944
0.47000000000000003 -1.1985801557948232
0.47100000000000003 -1.2596290088483395
0.47200000000000003 -1.306610906023261
0.47300000000000003 -1.4422630604162319
0.47400000000000003 -1.4628749193633617
0.47500000000000003 -1.4575571081068224
0.47600000000000003 -1.4814921822730367
0.47700000000000004 -1.4363408477163948
0.47800000000000004 -1.4255334818196952
0.47900000000000004 -1.3900489226471149
0.48 -1.4659861841200001
0.481 -1.5619643334377153
0.482 -1.466479510762703
0.483 -1.446353547497812
0.484 -1.3599614147182728
0.485 -1.4304018559251515
0.486 -1.4330707494651478
0.487 -1.3436673300480264
0.488 -1.388801295524462
0.489 -1.291292604172328
0.49 -1.2709502526263154
0.491 -1.2494928248545834
0.492 -1.1826376194171946
0.493 -1.1183426601123228
0.494 -1.0594798545781028
0.495 -1.114931621039693
0.496 -1.1067637811838191
0.497 -1.0583513172734094
0.498 -0.9888603344919471
0.499 -0.8863811850439283
0.5 -0.78360629407125
0.501 -0.7504368946855512
0.502 -0.7518191569294347
0.503 -0.7219134321036106
0.504 -0.7064984175284276
0.505 -0.7029190877969477
0.506 -0.669478914564061
0.507 -0.513321419542448
0.508 -0.40854706897762066
0.509 -0.40545552801876433
0.51 -0.3156076557583767
0.511 -0.39954506677915697
0.512 -0.40179691510332605
0.513 -0.308891668818769
0.514 -0.25094866311893876
0.515 -0.2785752334466335
0.516 -0.23612916097619752
0.517 -0.2596701898567397
0.518 -0.284835990387945
0.519 -0.17933748826505558
0.52 -0.24204217457741375
0.521 -0.1056082160334636
0.522 -0.0892391467437775
0.523 -0.061330494322811055
0.524 -0.08543907333886318
0.525 -0.09403310054311527
0.526 -0.09002671236631336
0.527 -0.02255320836770079
0.528 0.0018278071451870957
0.529 0.07771728919071413
0.53 0.00015824712205955715
0.531 -0.06104981928577791
0.532 -0.02689946834559894
0.533 -0.0008062028777542501
0.534 0.016528095737779625
0.535 -0.03051588734769142
0.536 -0.02196994650868111
0.537 -0.09605166350335531
0.538 -0.10912393303745467
0.539 -0.11092151071770535
0.54 -0.1757670138856122
0.541 -0.23864105628192728
0.542 -0.3108957443757987
0.543 -0.28808646916701847
0.544 -0.1997273107016707
0.545 -0.2560057046526142
0.546 -0.20576215737712134
0.547 -0.19558818052755306
0.548 -0.11587012360119109
0.549 -0.04224328565120199
0.55 -0.07169522677431076
0.551 0.15513426101451785
0.552 0.1677782290107433
0.553 0.23057623115523374
0.554 0.22346400793156904
0.555 0.2938641190733672
0.556 0.2531192708527645
0.557 0.24797840044349412
0.558 0.17764204332298156
0.559 0.22333257010228164
0.56 0.2549052192630003
0.561 0.31928178483952685
0.562 0.23467040375535309
0.5630000000000001 0.18603051895892014
0.5640000000000001 0.20340926607341037
0.5650000000000001 0.24568138534034123
0.5660000000000001 0.2234213950448224
0.5670000000000001 0.3195668767739935
0.5680000000000001 0.3693982886436056
0.5690000000000001 0.4372189316113065
0.5700000000000001 0.4864279603848745
0.5710000000000001 0.48869191063488593
0.5720000000000001 0.5467834605120248
0.5730000000000001 0.6484074850371362
0.5740000000000001 0.701809329185515
0.5750000000000001 0.6847056790331898
0.5760000000000001 0.6324102999778862
0.577 0.5593440953562293
0.578 0.694240818268661
0.579 0.7540434297104787
0.58 0.728778607898719
0.581 0.8367051960525002
0.582 0.7103909341564603
0.583 0.7290289079120931
0.584 0.8356621938690199
0.585 0.8396357984930893
0.586 0.8091598217892465
0.587 0.8209795487865154
0.588 0.904130794216932
0.589 0.8692512667113282
0.59 0.7957807865303715
0.591 0.7749513592536754
0.592 0.7277643241483913
0.593 0.7185220898722697
0.594 0.6358127061739535
0.595 0.6679513194434933
0.596 0.6465399884833947
0.597 0.637766975992259
0.598 0.5934998757259118
0.599 0.5783052520268748
0.6 0.6127639711402565
0.601 0.6114966769115182
0.602 0.6348183909692948
0.603 0.6479992625000219
0.604 0.7839398440045031
0.605 0.8456033724098764
0.606 0.8754095097140444
0.607 0.9211978935509666
0.608 0.9080640341623213
0.609 1.020460496147609
0.61 1.0603791534324298
0.611 1.0834103151465173
0.612 0.9815436155932341
0.613 0.9468091970071449
0.614 0.7988104986104454
0.615 0.7456810360200129
0.616 0.762339436881501
0.617 0.7445957129700433
0.618 0.6783685344410761
0.619 0.7059824452846987
0.62 0.6773183291785431
0.621 0.6236577264269778
0.622 0.6041848214159791
0.623 0.6406248534655029
0.624 0.6586370225432505
0.625 0.6099543865942993
0.626 0.6403773267294506
0.627 0.6950627784686271
0.628 0.6797718747082876
0.629 0.6525342602295293
0.63 0.6363604273806505
0.631 0.6258286655748363
0.632 0.5827192711674464
0.633 0.6834664812590894
0.634 0.5856301953823327
0.635 0.5697493506454814
0.636 0.4970670003936686
0.637 0.589338816845446
0.638 0.5685707058809564
0.639 0.5275783572193433
0.64 0.5183555498425082
0.641 0.5318706686650964
0.642 0.607356808886415
0.643 0.60973176936287
0.644 0.6943891871451217
0.645 0.6577514048406011
0.646 0.7334088285556191
0.647 0.6841357010110466
0.648 0.7049368280367735
0.649 0.7736268760870467
0.65 0.8010397623706661
0.651 0.7501247189783719
0.652 0.8148339566936392
0.653 0.6658025481866794
0.654 0.7994899345211737
0.655 0.7337920116611595
0.656 0.6689338601005891
0.657 0.7042467199676068
0.658 0.7211423909189864
0.659 0.6248623191040767
0.66 0.6043833656289417
0.661 0.5637684751746256
0.662 0.5916717961232353
0.663 0.6346959973984371
0.664 0.5606472348706116
0.665 0.5250977786608038
0.666 0.5120493832013693
0.667 0.42559070609356103
0.668 0.41108214000385546
0.669 0.4225244567634897
0.67 0.5005710342780935
0.671 0.5885540369906964
0.672 0.6256194915220298
0.673 0.7287416198381773
0.674 0.6757475276669436
0.675 0.7046749911701958
0.676 0.711686799842004
0.677 0.7571699648341235
0.678 0.7722245714853612
0.679 0.7263863687827552
0.68 0.6636481034275952
0.681 0.5423697515768707
0.682 0.5728674338357475
0.683 0.5093348384049559
0.684 0.6188849011222612
0.685 0.5771802889185708
0.686 0.48442047858641324
0.687 0.5886974112741813
0.6880000000000001 0.5618275468767843
0.6890000000000001 0.5509138788732176
0.6900000000000001 0.5357345492566498
0.6910000000000001 0.5458222993411208
0.6920000000000001 0.5642304916151912
0.6930000000000001 0.5811413775043485
0.6940000000000001 0.5449875935689369
0.6950000000000001 0.5719553231262935
0.6960000000000001 0.5599462224694075
0.6970000000000001 0.6326927853990707
0.6980000000000001 0.6124959603516179
0.6990000000000001 0.5731790634374633
0.7000000000000001 0.5005814345789097
0.7010000000000001 0.3879574298333224
0.7020000000000001 0.38205036999363795
0.7030000000000001 0.377988564762464
0.704 0.28344110341220996
0.705 0.24888369912111286
0.706 0.19661740743364572
0.707 0.18393772594153862
0.708 0.17569635730273714
0.709 0.115247275414044
0.71 0.1851159603450434
0.711 0.17461596228503495
0.712 0.125997416415128
0.713 0.05117594578371752
0.714 0.03999491699539155
0.715 0.04853936081577711
0.716 0.05560210750250982
0.717 0.11839547405069244
0.718 0.1937134534689109
0.719 0.1272312933839146
0.72 0.22884931070923137
0.721 0.22093917016677378
0.722 0.18793509471528427
0.723 0.25371545218698277
0.724 0.3069646113556594
0.725 0.2425145083660189
0.726 0.2173827242030022
0.727 0.21901828859253664
0.728 0.12991441368809223
0.729 0.156261078032428
0.73 0.13622089348318364
0.731 0.17640247429402142
0.732 0.1958040634866802
0.733 0.2561007501857169
0.734 0.24704069379562285
0.735 0.21439330022475908
0.736 0.2738782281819844
0.737 0.17085313889320708
0.738 0.20819480041756816
0.739 0.2840210530016001
0.74 0.2794240629557247
0.741 0.1998786310841768
0.742 0.15551614654187249
0.743 0.13875873427554306
0.744 0.04657543164779501
0.745 0.03465793262901589
0.746 0.08313047580110777
0.747 0.1314748169118035
0.748 0.013518382744528643
0.749 0.017637686379859234
0.75 0.0204136719081858
0.751 0.0659255640634142
0.752 0.0715663415141522
0.753 -0.04072379044655215
0.754 -0.10820058006169038
0.755 -0.16431138930640563
0.756 -0.27208730983354795
0.757 -0.20210578060317758
0.758 -0.14644156627296043
0.759 -0.06062233367110667
0.76 -0.14345129033792162
0.761 -0.24643331896882714
0.762 -0.29890484531037387
0.763 -0.24840519703431216
0.764 -0.19918530760940395
0.765 -0.2063812171915287
0.766 -0.3178268371870498
0.767 -0.36949486683532934
0.768 -0.37703874231455353
0.769 -0.43075244049364453
0.77 -0.4084487257261691
0.771 -0.4767241305012945
0.772 -0.4020578121321168
0.773 -0.33339825767455267
0.774 -0.2577622858605099
0.775 -0.35556561429464945
0.776 -0.3484733538647016
0.777 -0.267389762699934
0.778 -0.3010150375976766
0.779 -0.26781902977201916
0.78 -0.22996037839538389
0.781 -0.2530168973916749
0.782 -0.36827020805849714
0.783 -0.34817489559883047
0.784 -0.3180693597741643
0.785 -0.24598642202337234
0.786 -0.30223136309632104
0.787 -0.3015117091116253
0.788 -0.2368295770349139
0.789 -0.29395558631979846
0.79 -0.35364449615080856
0.791 -0.3203247001319714
0.792 -0.40086661752274355
0.793 -0.3616470824138484
0.794 -0.31584813418017754
0.795 -0.2973089972462808
0.796 -0.32192184326096523
0.797 -0.27459079718178175
0.798 -0.1643862482242745
0.799 -0.18873555016386237
0.8 -0.20033899647198739
0.801 -0.16238064268818372
0.802 -0.07843065911614058
0.803 -0.05114359624391648
0.804 -0.027847601600036808
0.805 -0.060664322431096915
0.806 0.023757317069992387
0.807 -0.03612819043434785
0.808 0.03154522000246631
0.809 -0.019837066834525234
0.81 0.012272089919424078
0.811 0.05818162876513603
0.812 -0.04345082939740141
0.8130000000000001 -0.14314708171851148
0.8140000000000001 -0.12561201277918524
0.8150000000000001 -0.1767867840180507
0.8160000000000001 -0.09959766653823536
0.8170000000000001 -0.09206235882800097
0.8180000000000001 -0.09974104854251999
0.8190000000000001 -0.17571344657102203
0.8200000000000001 -0.22909552074547646
0.8210000000000001 -0.2424327542396948
0.8220000000000001 -0.16306581952400725
0.8230000000000001 -0.11680579751112742
0.8240000000000001 -0.13002391159354865
0.8250000000000001 -0.05955304658530634
0.8260000000000001 0.041581089876468316
0.8270000000000001 -0.04695638672625316
0.8280000000000001 0.0108699039718324
0.8290000000000001 0.030534222121153826
0.8300000000000001 0.0018124437803504374
0.8310000000000001 0.04237791347147182
0.8320000000000001 0.0452202359582327
0.833 0.10544768141680358
0.834 0.06396705058458413
0.835 0.015005458740303075
0.836 0.03908304092991881
0.837 0.11769432198359198
0.838 0.15124141356896298
0.839 0.06214536394420361
0.84 0.10129771108288449
0.841 0.12705064145737444
0.842 0.12694457336574416
0.843 0.16607421116969073
0.844 0.08117728856097994
0.845 0.09231330403787152
0.846 0.0780916740100591
0.847 0.11282985674921556
0.848 0.10429244215204703
0.849 -0.022979075732425885
0.85 -0.1006903029047443
0.851 -0.20071538553394186
0.852 -0.14433879174704836
0.853 -0.1306113289514007
0.854 -0.0780795322378657
0.855 -0.03677405268055937
0.856 -0.02064401045213588
0.857 0.014096411597829081
0.858 0.016597059659087893
0.859 0.026668626517826196
0.86 0.03381571793120278
0.861 0.08317044047298641
0.862 0.0892411355577846
0.863 -0.0048444200383058605
0.864 -0.02529186335594898
0.865 -0.01873246338495574
0.866 -0.044350553302589156
0.867 -0.023538912407909913
0.868 -0.11494579009703768
0.869 -0.09942389670383639
0.87 -0.11192086175053374
0.871 -0.06752486866243773
0.872 -0.024409139575234946
0.873 -0.03523170657823081
0.874 0.028756068156877368
0.875 -0.005133679709502986
0.876 -0.0615014033053702
0.877 -0.1301951551638263
0.878 -0.12943292322023658
0.879 -0.2227174923397977
0.88 -0.2831746997682071
0.881 -0.2297314114454873
0.882 -0.15455773674175494
0.883 -0.20394732887184835
0.884 -0.14331931813801058
0.885 -0.2085345804835546
0.886 -0.13587795927639523
0.887 -0.13997153738295334
0.888 -0.1824870341360162
0.889 -0.14702054912307871
0.89 0.0018831364595074396
0.891 -0.04514663343202279
0.892 0.06711818950858087
0.893 -0.0063763347660353575
0.894 -0.007214548620742705
0.895 -0.07675025503166168
0.896 -0.10412135266953167
0.897 -0.1327219273866653
0.898 -0.15616593026378875
0.899 -0.12123442288075163
0.9 -0.1393292928896145
0.901 -0.17864834275741653
0.902 -0.1490200247207219
0.903 -0.06414341251376691
0.904 -0.055744767417089745
0.905 -0.06409073922429696
0.906 -0.046376882823885204
0.907 -0.07331583712049797
0.908 0.031220650186390003
0.909 0.08103505948409578
0.91 0.15592937249565667
0.911 0.17091079491488373
0.912 0.21890287144150278
0.913 0.3580674191715154
0.914 0.34937321653193837
0.915 0.32309176524848165
0.916 0.30708846526951955
0.917 0.353446922725372
0.918 0.32146596441726183
0.919 0.3478214631668608
0.92 0.33972017932990717
0.921 0.33025357225716034
0.922 0.3458171154047887
0.923 0.2841144790334218
0.924 0.2956845647766558
0.925 0.2528668655001854
0.926 0.2919446784573837
0.927 0.3044818263866282
0.928 0.22167271599716776
0.929 0.17196324782935923
0.93 0.19146634703243842
0.931 0.16163113503495674
0.932 0.17047741059586494
0.933 0.2182317547726204
0.934 0.1263537695113924
0.935 0.1328304137462936
0.936 0.05026773444321113
0.937 0.08273467341550472
0.9380000000000001 0.10936909101213717
0.9390000000000001 0.15659853994701436
0.9400000000000001 0.23548229851566393
0.9410000000000001 0.2545820017405358
0.9420000000000001 0.2537250210258167
0.9430000000000001 0.31992657960680165
0.9440000000000001 0.41660625778087207
0.9450000000000001 0.42178229483335555
0.9460000000000001 0.393845815870464
0.9470000000000001 0.3335816622633378
0.9480000000000001 0.3358871821437836
0.9490000000000001 0.2911076883844421
0.9500000000000001 0.26127601435342596
0.9510000000000001 0.23486893774118067
0.9520000000000001 0.25583276206868893
0.9530000000000001 0.2834007460740149
0.9540000000000001 0.3935485959215251
0.9550000000000001 0.30031780147073983
0.9560000000000001 0.28130246789419144
0.9570000000000001 0.2160363940297517
0.9580000000000001 0.3368633577476125
0.9590000000000001 0.3295393792841658
0.96 0.2918148356437388
0.961 0.3200051506691425
0.962 0.3447143657186825
0.963 0.33912678708961197
0.964 0.38740899161325365
0.965 0.5105729887921486
0.966 0.5302072292032922
0.967 0.41395270031620957
0.968 0.42090631802089706
0.969 0.4553768415796149
0.97 0.4601486373259529
0.971 0.4825387982380826
0.972 0.4241811429170561
0.973 0.3358649941255644
0.974 0.28026769178988165
0.975 0.33267441213421495
0.976 0.4003014780505648
0.977 0.400703126218584
0.978 0.41005889471990503
0.979 0.43994408428432286
0.98 0.44346897300686855
0.981 0.5162276288621299
0.982 0.5873863885781525
0.983 0.6059291377797748
0.984 0.7414069429947805
0.985 0.6315289381388444
0.986 0.7593658336130731
0.987 0.6783248340253862
0.988 0.7945078243972525
0.989 0.8918927005362922
0.99 0.8965665991511041
0.991 0.9741552451357087
0.992 0.9456617790904861
0.993 0.9495331364790002
0.994 0.9674315387961279
0.995 1.025309149089763
0.996 0.9635001213909632
0.997 0.9570700081134657
0.998 1.0353901507026715
0.999 1.036861193956666
1.0 1.0462153912822145
1.0010000000000001 0.7440641389563956
1.002 0.5385387996070852
1.0030000000000001 0.30750860585659445
1.004 0.020641714928176125
1.0050000000000001 -0.20056188787983076
1.006 -0.41150389237047436
1.0070000000000001 -0.7201082586190231
1.008 -0.8013090845656212
1.0090000000000001 -0.9829980044039497
1.01 -1.2411384468226936
1.0110000000000001 -1.4626681704924307
1.012 -1.6779108424081608
1.0130000000000001 -1.8910615851299832
1.014 -1.8778700154958163
1.0150000000000001 -2.0639702531563286
1.016 -2.1335089517502968
1.0170000000000001 -2.1797049665989072
1.018 -2.291877548846855
1.0190000000000001 -2.351662223610542
1.02 -2.41296475807468
1.0210000000000001 -2.4543823028815934
1.022 -2.631514859663954
1.0230000000000001 -2.5993336772820874
1.024 -2.653207514418957
1.025 -2.697657463265089
1.026 -2.6576354479728868
1.027 -2.6102926346869717
1.028 -2.5788819524853013
1.029 -2.5766410564108604
1.03 -2.5889839260758163
1.031 -2.646936127936846
1.032 -2.619504258273368
1.033 -2.6017167479128593
1.034 -2.5393638606753854
1.035 -2.4500653281377254
1.036 -2.3908348001029873
1.037 -2.349319761245941
1.038 -2.190998942510448
1.039 -2.2307217747701698
1.04 -2.298919953359716
1.041 -2.169419313231711
1.042 -2.091991851156452
1.043 -1.9892621881594676
1.044 -2.052131324563281
1.045 -1.9644873441716553
1.046 -1.9507688295740349
1.047 -1.9401275359510985
1.048 -1.8048731325078275
1.049 -1.722367498944352
1.05 -1.5246610438536954
1.051 -1.5092563855311454
1.052 -1.5220849990552918
1.053 -1.4168708601663604
1.054 -1.2767760431000656
1.055 -1.1312768005372988
1.056 -0.9491501596036431
1.057 -0.8003342588421073
1.058 -0.6533291399582013
1.059 -0.3668320176857772
1.06 -0.20894641311594575
1.061 -0.16414426230230705
1.062 -0.1291898523409183
1.063 0.009110311298046458
1.064 0.10704045778649574
1.065 0.18745130742539085
1.066 0.2952007548367907
1.067 0.5535226509232958
1.068 0.732412015274456
1.069 0.9277760266862671
1.07 1.065208516390419
1.071 1.1876955251182646
1.072 1.2997779127816145
1.073 1.3607687541045372
1.074 1.5409805985079017
1.075 1.629224505668653
1.076 1.7449878192417534
1.077 1.9211280503936619
1.078 2.0642803394244393
1.079 2.2168140569477495
1.08 2.4242850227230015
1.081 2.4797799621952623
1.082 2.4583365932845873
1.083 2.5886754233322447
1.084 2.652469632813883
1.085 2.6739992843658533
1.086 2.802899183985332
1.087 2.95467407144665
1.088 3.068241481384897
1.089 3.1732765866629986
1.09 3.2362569337180114
1.091 3.290165876283044
1.092 3.4323607324647667
1.093 3.573138232267417
1.094 3.634151473698696
1.095 3.732354763593423
1.096 3.81779984387842
1.097 3.8228698003771804
1.098 3.8420612102397365
1.099 3.9127887100104037
1.1 3.8810810094457002
1.101 3.956422431315563
1.102 4.006693692740195
1.103 3.9364998129536826
1.104 4.051616182166783
1.105 3.9838644173287263
1.106 4.021245157506055
1.107 4.0876644866372
1.108 3.9971408093603595
1.109 3.961362584024217
1.11 3.923560506395603
1.111 3.941371691082276
1.112 3.9867057473279557
1.113 3.8939926163560883
1.114 3.876323751559618
1.115 3.9171816069403715
1.116 3.8796893762437312
1.117 3.7378806336467862
1.118 3.639456294403812
1.119 3.6649082412846092
1.12 3.593544957513081
1.121 3.561081802758
1.122 3.313369008132425
1.123 3.170468929607672
1.124 3.020183033702017
1.125 2.8914651188430236
1.1260000000000001 2.855894205080723
1.127 2.770187752390006
1.1280000000000001 2.6951825518029313
1.129 2.620471398635219
1.1300000000000001 2.506102365510813
1.131 2.303678156175993
1.1320000000000001 2.223306479252343
1.133 2.171348857220509
1.1340000000000001 2.14072170456804
1.135 1.9482300002752317
1.1360000000000001 1.8696260248130276
1.137 1.7649902464252607
1.1380000000000001 1.6163258353966672
1.139 1.5006264176687427
1.1400000000000001 1.274794263045926
1.141 1.1559109569662662
1.1420000000000001 0.8828850208670651
1.143 0.6762098555379756
1.1440000000000001 0.49330662378396384
1.145 0.4055293543339753
1.1460000000000001 0.3063930448562098
1.147 0.1745541720972097
1.1480000000000001 -0.06782358675339348
1.149 -0.11414826868105321
1.1500000000000001 -0.19794167601092705
1.151 -0.2903563623901902
1.1520000000000001 -0.3077882600144025
1.153 -0.37977106159239993
1.154 -0.5111036086985477
1.155 -0.5397945782415026
1.156 -0.8006060726840024
1.157 -0.8622131199865513
1.158 -1.0075901498183175
1.159 -1.0220102646716152
1.16 -1.1855245866010948
1.161 -1.398779815887275
1.162 -1.4159331997149631
1.163 -1.508117734817273
1.164 -1.7100576556371314
1.165 -1.8872889401533666
1.166 -2.065676593719547
1.167 -2.174122831084325
1.168 -2.29829333501468
1.169 -2.3908289510028977
1.17 -2.4643857031664784
1.171 -2.6132964311493274
1.172 -2.70613589240067
1.173 -2.7623040330294635
1.174 -2.7179320998434866
1.175 -2.724934132519642
1.176 -2.8871690463380664
1.177 -2.962923532581454
1.178 -2.996011390599708
1.179 -3.0259788680464985
1.18 -3.0466924181998327
1.181 -2.9576056538681432
1.182 -2.9568804139104072
1.183 -2.995893893559069
1.184 -3.108261906867223
1.185 -3.1939007150535557
1.186 -3.149694680402766
1.187 -3.1257843349635017
1.188 -3.0068550954428668
1.189 -3.097292725764834
1.19 -3.2039469482957506
1.191 -3.1499375725934855
1.192 -3.171721784666007
1.193 -3.17550592209993
1.194 -3.113784701729177
1.195 -2.9751811734391804
1.196 -2.9446215189530287
1.197 -2.894108808579276
1.198 -2.8528470161593598
1.199 -2.8091647152354318
1.2 -2.7388154479151336
1.201 -2.7783139848105147
1.202 -2.8066093804265613
1.203 -2.804829815480665
1.204 -2.732454294791344
1.205 -2.62248062937096
1.206 -2.608868842609658
1.207 -2.566952265276809
1.208 -2.455731218113301
1.209 -2.281162265233293
1.21 -2.322218518586463
1.211 -2.3000211205126297
1.212 -2.223408588346679
1.213 -2.1813690428812813
1.214 -2.096446836434113
1.215 -2.00351266739117
1.216 -1.9500590967418523
1.217 -2.004211035105672
1.218 -1.956054420250953
1.219 -1.8665945635268184
1.22 -1.7139993269977594
1.221 -1.5990514321804123
1.222 -1.6073751310693807
1.223 -1.6221457339009462
1.224 -1.5522970394540665
1.225 -1.508444209805697
1.226 -1.4258836385558724
1.227 -1.4016301678065153
1.228 -1.5488608305111309
1.229 -1.4968204882230964
1.23 -1.5527519754431114
1.231 -1.471857058882426
1.232 -1.4814300517463521
1.233 -1.3763972896929169
1.234 -1.2932730588537118
1.235 -1.2143045274790212
1.236 -1.1635729026371118
1.237 -1.2164483729278222
1.238 -1.1602791914210102
1.239 -1.164154678684927
1.24 -1.097801269571298
1.241 -1.104518282645172
1.242 -1.112877413926041
1.243 -1.0111603480137599
1.244 -1.0514454264601045
1.245 -0.9912079111867103
1.246 -0.8961944683361704
1.247 -0.9901127021520405
1.248 -0.9099008963236207
1.249 -0.9038137675287125
1.25 -0.9094282941442059
1.2510000000000001 -0.8862135848830253
1.252 -0.8953369890163072
1.2530000000000001 -0.8920312568363873
1.254 -0.9697022008721273
1.2550000000000001 -1.038809184933692
1.256 -1.0607481072616678
1.2570000000000001 -0.9578243789795973
1.258 -0.8210811521801828
1.2590000000000001 -0.9207622044647883
1.26 -0.8469232410551444
1.2610000000000001 -0.8723409588387093
1.262 -0.8423434151858527
1.2630000000000001 -0.7732164956978281
1.264 -0.811864789055486
1.2650000000000001 -0.8563583479231378
1.266 -0.7509995332398977
1.2670000000000001 -0.7640077639838173
1.268 -0.6372187891192274
1.2690000000000001 -0.6495879776670137
1.27 -0.5549746222420466
1.2710000000000001 -0.5272374106666531
1.272 -0.5642183386240371
1.2730000000000001 -0.4428755543985985
1.274 -0.3149927035369111
1.2750000000000001 -0.2301081755622304
1.276 -0.3493183876133463
1.2770000000000001 -0.3204481559705997
1.278 -0.3431409511157265
1.2790000000000001 -0.2850020271277151
1.28 -0.20195388676824896
1.281 -0.23880736762923313
1.282 -0.2960572899590378
1.283 -0.24637982235305383
1.284 -0.24852816086835022
1.285 -0.2477611929518927
1.286 -0.23913936096847319
1.287 -0.19018483703411201
1.288 -0.2522065619818212
1.289 -0.2181992488718008
1.29 -0.35398995229454
1.291 -0.26584351349162516
1.292 -0.30759760173900574
1.293 -0.2488574958725853
1.294 -0.25137550618798943
1.295 -0.28620220502724336
1.296 -0.29648307208611474
1.297 -0.3383012449831802
1.298 -0.29472567205405
1.299 -0.2809572072253671
1.3 -0.320323816092987
1.301 -0.49197226695455254
1.302 -0.4809545768154006
1.303 -0.509941613096094
1.304 -0.4286754344629772
1.305 -0.4703754168990467
1.306 -0.5206195416306121
1.307 -0.6731762737281641
1.308 -0.7949083031897681
1.309 -0.7092026858071994
1.31 -0.6969835642350646
1.311 -0.6794332468703869
1.312 -0.6761695472322011
1.313 -0.7894680898515986
1.314 -0.9014947811962883
1.315 -0.9240359326960711
1.316 -0.8926896167747453
1.317 -0.8949087340994683
1.318 -0.895409164292151
1.319 -0.8833889189744655
1.32 -0.8848015038738003
1.321 -0.859314513913914
1.322 -0.7987405234569058
1.323 -0.8184494641710045
1.324 -0.8152208733901222
1.325 -0.7806510936867443
1.326 -0.9316869326988819
1.327 -1.0006039548062287
1.328 -0.9907096019522554
1.329 -0.923674154790221
1.33 -0.9372826824255034
1.331 -1.0027950953143872
1.332 -1.0933307780087969
1.333 -1.0861566242539502
1.334 -1.197116058941932
1.335 -1.1988571634504044
1.336 -1.2197892793994118
1.337 -1.2875709514279703
1.338 -1.3872220008892273
1.339 -1.4615351797246023
1.34 -1.4486933407347495
1.341 -1.436257036517795
1.342 -1.4345417763039578
1.343 -1.424332941715082
1.344 -1.4398473898569717
1.345 -1.3770965158395498
1.346 -1.4255282282007078
1.347 -1.577914704521868
1.348 -1.488816142082755
1.349 -1.4957995470087218
1.35 -1.501438888728117
1.351 -1.4875367677524443
1.352 -1.5209084851944956
1.353 -1.5853299502607248
1.354 -1.5461285712989752
1.355 -1.582718375920247
1.356 -1.6133028563463778
1.357 -1.6262523538231088
1.358 -1.6118168956714911
1.359 -1.6352396472042858
1.36 -1.749550718069346
1.361 -1.8159205934994584
1.362 -1.8606911036834721
1.363 -2.0085170592330073
1.364 -2.1026131510778883
1.365 -2.199297858179257
1.366 -2.270163719408075
1.367 -2.3323504452209973
1.368 -2.30388225326528
1.369 -2.314499371435702
1.37 -2.4502086015257105
1.371 -2.502576817912927
1.372 -2.5394017892332728
1.373 -2.6647584381233145
1.374 -2.6278134876262977
1.375 -2.619746625635151
1.3760000000000001 -2.728712021111095
1.377 -2.8001882155679145
1.3780000000000001 -2.811629870217568
1.379 -2.919470438426727
1.3800000000000001 -2.924145393990525
1.381 -2.894756125366555
1.3820000000000001 -2.9102279988304263
1.383 -2.9246616199476474
1.3840000000000001 -3.0297313245549145
1.385 -3.186439032093432
1.3860000000000001 -3.30116965025541
1.387 -3.4248312618312027
1.3880000000000001 -3.4660789739653737
1.389 -3.521699355932556
1.3900000000000001 -3.5683059683057787
1.391 -3.625634875933052
1.3920000000000001 -3.581864576755698
1.393 -3.620524581697965
1.3940000000000001 -3.6605092134518027
1.395 -3.7795492909345407
1.3960000000000001 -3.7917456123324826
1.397 -3.771290276059233
1.3980000000000001 -3.715823480975227
1.399 -3.742396527397128
1.4000000000000001 -3.714302610083683
1.401 -3.8110804857656007
1.4020000000000001 -3.9171432031540396
1.403 -4.085894815785377
1.4040000000000001 -4.031716118801391
1.405 -4.0200100932880485
1.4060000000000001 -4.079174539736264
1.407 -4.351958721400544
1.408 -4.426763602411093
1.409 -4.545882064963668
1.41 -4.592629853293681
1.411 -4.638647343647697
1.412 -4.803325786641834
1.413 -4.711897445514358
1.414 -4.788588881825555
1.415 -4.79199159021499
1.416 -4.731889701172827
1.417 -4.745182558927921
1.418 -4.719704541592568
1.419 -4.791240785987156
1.42 -4.888999698844811
1.421 -5.074355650129807
1.422 -5.122245603676593
1.423 -5.203485857288045
1.424 -5.163587778063797
1.425 -5.2377112897115845
1.426 -5.423452050556057
1.427 -5.4960931250842515
1.428 -5.508321321615098
1.429 -5.539665119888246
1.43 -5.5745284733926646
1.431 -5.589681986102219
1.432 -5.655363619950208
1.433 -5.627274451820519
1.434 -5.6676281776518245
1.435 -5.78941647703738
1.436 -5.928872273114022
1.437 -5.981595819692767
1.438 -5.99751939960421
1.439 -6.0307397597720644
1.44 -6.060464048981178
1.441 -6.061157217821428
1.442 -6.159677580718708
1.443 -6.188200874124526
1.444 -6.221496169929157
1.445 -6.277468576160636
1.446 -6.440537514138823
1.447 -6.529409296671948
1.448 -6.645762486823928
1.449 -6.682898798324973
1.45 -6.770363979149344
1.451 -6.831337062598846
1.452 -6.906435778019209
1.453 -7.058073319892116
1.454 -7.182116367953346
1.455 -7.348838725231492
1.456 -7.4225917615496595
1.457 -7.403455100895507
1.458 -7.451871970691137
1.459 -7.442479682779615
1.46 -7.523935531257231
1.461 -7.628084671722885
1.462 -7.64634810287499
1.463 -7.691341198640049
1.464 -7.715767288573587
1.465 -7.770377793974868
1.466 -7.7401204261121705
1.467 -7.701470182890439
1.468 -7.713518007859854
1.469 -7.907549038910709
1.47 -7.9285225429143935
1.471 -7.8997506271527
1.472 -7.958071844313912
1.473 -8.027388279013861
1.474 -7.93639095444211
1.475 -7.957341652950881
1.476 -7.9518879104032125
1.477 -7.938088375979002
1.478 -7.95873769595891
1.479 -7.984629070396695
1.48 -8.027288898655254
1.481 -8.006970259639864
1.482 -8.003583499294491
1.483 -8.013952553972008
1.484 -7.988537460818282
1.485 -8.062494337154698
1.486 -8.114018823619777
1.487 -8.137399151564846
1.488 -8.130464853637289
1.489 -8.12827322868767
1.49 -8.220535688479194
1.491 -8.253914447339682
1.492 -8.223744258323787
1.493 -8.289187704315442
1.494 -8.262612106934338
1.495 -8.278070241522759
1.496 -8.26735251683425
1.497 -8.355738145344276
1.498 -8.403275696304556
1.499 -8.481486227838326
1.5 -8.597614985293484
1.5010000000000001 -8.645000012674235
1.502 -8.716771766533615
1.5030000000000001 -8.668135709046595
1.504 -8.694218550176643
1.5050000000000001 -8.751945663099407
1.506 -8.704629407996574
1.5070000000000001 -8.577523821161673
1.508 -8.596112893726009
1.5090000000000001 -8.576550293073998
1.51 -8.685184986953075
1.5110000000000001 -8.755276214210337
1.512 -8.78294162226094
1.5130000000000001 -8.843018943673997
1.514 -8.937807256289537
1.5150000000000001 -9.044950322198886
1.516 -9.167677000061135
1.5170000000000001 -9.267213533105505
1.518 -9.35493329457441
1.5190000000000001 -9.463125358258262
1.52 -9.54800439701488
1.5210000000000001 -9.56890718785326
1.522 -9.699700161606994
1.5230000000000001 -9.7480677687857
1.524 -9.869763257578748
1.5250000000000001 -9.842738362048848
1.526 -9.82333460106767
1.5270000000000001 -9.873532134837532
1.528 -9.915844357462008
1.5290000000000001 -9.935222751271883
1.53 -9.92480314122158
1.5310000000000001 -10.002317255419396
1.532 -10.101796101259463
1.5330000000000001 -10.107343149018693
1.534 -10.067287365516107
1.5350000000000001 -10.045210222551958
1.536 -10.150922986137838
1.537 -10.157434463561884
1.538 -10.209944341901242
1.539 -10.160799646290796
1.54 -10.062780048037427
1.541 -10.12664299099607
1.542 -10.1757345501308
1.543 -10.229647043000737
1.544 -10.273881720542144
1.545 -10.32447611164045
1.546 -10.48882407101214
1.547 -10.440558029747404
1.548 -10.498859939991926
1.549 -10.57579189127394
1.55 -10.605183169534818
1.551 -10.715932531562908
1.552 -10.772271103477891
1.553 -11.001447613878312
1.554 -11.014058621695089
1.555 -10.91244972147161
1.556 -10.993186797656056
1.557 -11.084960748147548
1.558 -11.117532597882354
1.559 -11.232155436485426
1.56 -11.209693651494606
1.561 -11.222141729465637
1.562 -11.187393604298283
1.563 -11.192146254504063
1.564 -11.266352083645856
1.565 -11.218592712740511
1.566 -11.350249130809512
1.567 -11.267168630594973
1.568 -11.182047928229315
1.569 -11.135140019522673
1.57 -11.157208258305769
1.571 -11.198783671392622
1.572 -11.284678357263699
1.573 -11.347587823569723
1.574 -11.320713731477248
1.575 -11.292592535070746
1.576 -11.319105143701597
1.577 -11.363384637334061
1.578 -11.358343689048784
1.579 -11.319678384303147
1.58 -11.30916686490617
1.581 -11.151471485286088
1.582 -11.238434858857758
1.583 -11.23261816063662
1.584 -11.304460354663158
1.585 -11.37838218493383
1.586 -11.404043962986924
1.587 -11.421947652998526
1.588 -11.447045389869025
1.589 -11.48596285349736
1.59 -11.500011223491667
1.591 -11.501154032805008
1.592 -11.432552758480885
1.593 -11.515462028752244
1.594 -11.494263511566562
1.595 -11.555886913346344
1.596 -11.534914625480761
1.597 -11.495818998037608
1.598 -11.543325080078533
1.599 -11.533186748040213
1.6 -11.56735058738149
1.601 -11.574789282726197
1.602 -11.476941519149836
1.603 -11.36133904287063
1.604 -11.362906808600828
1.605 -11.28662097290297
1.606 -11.261804287936613
1.607 -11.24309531736409
1.608 -11.217645448247065
1.609 -11.198413546952288
1.61 -11.107013017867443
1.611 -11.065095222695152
1.612 -10.963841041669983
1.613 -10.943078111325654
1.614 -10.865148990003421
1.615 -10.758434231217867
1.616 -10.746755269939177
1.617 -10.7259085523576
1.618 -10.820005781673906
1.619 -10.939716695178305
1.62 -10.93913870692713
1.621 -10.840149109186708
1.622 -10.787940230368882
1.623 -10.75112057895177
1.624 -10.81546114528602
1.625 -10.765614182514696
1.6260000000000001 -10.674044849675433
1.627 -10.60508207893706
1.6280000000000001 -10.618408265264616
1.629 -10.574051556255275
1.6300000000000001 -10.590656843893848
1.631 -10.580294422786194
1.6320000000000001 -10.463598723240482
1.633 -10.406489659422824
1.6340000000000001 -10.276528669695113
1.635 -10.187897929591685
1.6360000000000001 -10.203452189626603
1.637 -10.027098503732297
1.6380000000000001 -10.098242569340464
1.639 -10.083885200171608
1.6400000000000001 -9.983693405675538
1.641 -9.827399957496842
1.6420000000000001 -9.759958728556091
1.643 -9.790364829967393
1.6440000000000001 -9.73448211919568
1.645 -9.711012182229403
1.6460000000000001 -9.684009575586844
1.647 -9.538498977714921
1.6480000000000001 -9.516516197455777
1.649 -9.398453836978575
1.6500000000000001 -9.32034085318867
1.651 -9.249616785381193
1.6520000000000001 -9.338917780693526
1.653 -9.311416481870074
1.6540000000000001 -9.271882309564182
1.655 -9.207047573155009
1.6560000000000001 -9.180490714341081
1.657 -9.041629486308182
1.6580000000000001 -8.922070894537585
1.659 -8.919496598410952
1.6600000000000001 -8.82613926780494
1.661 -8.890372148933828
1.6620000000000001 -8.905994222904567
1.663 -8.925758329985392
1.6640000000000001 -9.005169569304973
1.665 -8.990914003795456
1.666 -8.880030906874211
1.667 -8.895576020424999
1.668 -8.736698262006788
1.669 -8.684506361449566
1.67 -8.686815548350246
1.671 -8.675746621001592
1.672 -8.597890741037682
1.673 -8.500875677429692
1.674 -8.495878995359522
1.675 -8.3666474454302
1.676 -8.251617957136071
1.677 -8.184876197303204
1.678 -8.148129044576814
1.679 -8.10580877242742
1.68 -8.11291006574168
1.681 -7.990375525560669
1.682 -7.95547346345092
1.683 -7.754813685552084
1.684 -7.701334304373454
1.685 -7.614226943117433
1.686 -7.675862873252617
1.687 -7.647790533320498
1.688 -7.573096018511569
1.689 -7.562153527945666
1.69 -7.449508523972614
1.691 -7.345837035756269
1.692 -7.261433770579327
1.693 -7.146957040369984
1.694 -6.958419013681917
1.695 -6.791679411384287
1.696 -6.643330848465531
1.697 -6.544147020376217
1.698 -6.537051801566458
1.699 -6.426277511042569
1.7 -6.307012227074848
1.701 -6.284062838428941
1.702 -6.158680481034451
1.703 -5.989726818398396
1.704 -5.8935721996256705
1.705 -5.882978221809286
1.706 -5.809538696363681
1.707 -5.742528491058424
1.708 -5.54507409741919
1.709 -5.471541552276957
1.71 -5.446552394838889
1.711 -5.313263613933798
1.712 -5.292443128509678
1.713 -5.177133706729415
1.714 -5.042077577877007
1.715 -4.889942903353209
1.716 -4.818923741008459
1.717 -4.76479943480847
1.718 -4.71680518518409
1.719 -4.597447844175043
1.72 -4.441054207380958
1.721 -4.4023373544953825
1.722 -4.384128469027998
1.723 -4.293725696143399
1.724 -4.1050093137214745
1.725 -4.015931127710044
1.726 -3.8959907949058317
1.727 -3.7523738536533946
1.728 -3.6219591543265772
1.729 -3.481507846706645
1.73 -3.449596595924378
1.731 -3.2196999480686475
1.732 -3.1012324619014455
1.733 -3.009043393860774
1.734 -2.7825856880553546
1.735 -2.579766540111292
1.736 -2.3926469760831637
1.737 -2.373870151850392
1.738 -2.3163075806981626
1.739 -2.251516979081329
1.74 -2.104752653919249
1.741 -1.866575841955662
1.742 -1.6688350138502448
1.743 -1.4844211330341437
1.744 -1.2305545677639638
1.745 -1.1140015030724526
1.746 -0.9404800302222387
1.747 -0.8737925240542033
1.748 -0.7278858658485737
1.749 -0.6651587726310296
1.75 -0.44772803051857535
1.7510000000000001 -0.4622309481523735
1.752 -0.4190391834706228
1.7530000000000001 -0.41442985751709355
1.754 -0.4902126396004595
1.7550000000000001 -0.5366993691175312
1.756 -0.4286089350821546
1.7570000000000001 -0.5241531740929603
1.758 -0.4193675457747579
1.7590000000000001 -0.344532508902862
1.76 -0.27053515914766507
1.7610000000000001 -0.30069936859109136
1.762 -0.32477908125462374
1.7630000000000001 -0.327121087421538
1.764 -0.33294940971946935
1.7650000000000001 -0.2921152292172659
1.766 -0.3246749833143763
1.7670000000000001 -0.42563927069536095
1.768 -0.4488261678068104
1.7690000000000001 -0.470133445316773
1.77 -0.49205405636850347
1.7710000000000001 -0.5234636226223346
1.772 -0.5258733050335423
1.7730000000000001 -0.5397733683486791
1.774 -0.4793116130768864
1.7750000000000001 -0.5211838165043012
1.776 -0.4519742039495022
1.7770000000000001 -0.4274418175542183
1.778 -0.5304887240157379
1.7790000000000001 -0.4410213731831837
1.78 -0.4762793367972208
1.7810000000000001 -0.4324756053577438
1.782 -0.49016090790191735
1.7830000000000001 -0.48156428809349217
1.784 -0.3357669095618679
1.7850000000000001 -0.37736863366079465
1.786 -0.4539810777972186
1.7870000000000001 -0.5133661100922899
1.788 -0.4346718019331477
1.7890000000000001 -0.5128062132132097
1.79 -0.5589888120727866
1.7910000000000001 -0.4945332776864668
1.792 -0.48928691045736045
1.793 -0.5785258707985541
1.794 -0.4581551426200098
1.795 -0.4729544150884497
1.796 -0.40481082614547137
1.797 -0.36986827661415156
1.798 -0.26999436130488896
1.799 -0.2704129212705223
1.8 -0.20737453329805572
1.801 -0.18594341841710957
1.802 -0.3077803814470531
1.803 -0.22741119326847403
1.804 -0.2399449486817043
1.805 -0.2806790488825509
1.806 -0.23829885128017664
1.807 -0.2205229955998592
1.808 -0.34828722027100695
1.809 -0.38421375280709424
1.81 -0.34783105256745805
1.811 -0.35674385106595596
1.812 -0.4218967075143255
1.813 -0.33811116812076814
1.814 -0.3934949268775607
1.815 -0.34468018810842715
1.816 -0.33309739112785886
1.817 -0.3713629758245087
1.818 -0.569133826879958
1.819 -0.49485257579050623
1.82 -0.4590847737869094
1.821 -0.334528515173121
1.822 -0.33801404588839473
1.823 -0.2719536377304861
1.824 -0.3431038693154612
1.825 -0.2769587056200435
1.826 -0.18806320350567712
1.827 -0.281145523754575
1.828 -0.32132957922868
1.829 -0.3497944586041593
1.83 -0.3245471712525744
1.831 -0.4403002367568991
1.832 -0.3672584594095643
1.833 -0.36175834670314744
1.834 -0.3898258219693338
1.835 -0.4322426300633606
1.836 -0.4949639052544441
1.837 -0.4921975549377124
1.838 -0.46591931693155664
1.839 -0.4918591760840382
1.84 -0.44422596566103345
1.841 -0.5172236614173534
1.842 -0.5229389385783243
1.843 -0.5184300273168887
1.844 -0.5341470840110614
1.845 -0.5602471388070157
1.846 -0.4562382456071084
1.847 -0.4447786543530082
1.848 -0.3210546757451939
1.849 -0.3636259769560703
1.85 -0.40873851151479007
1.851 -0.3715959471733785
1.852 -0.3600843707905127
1.853 -0.36924503817496357
1.854 -0.38523780569395766
1.855 -0.4445289542815104
1.856 -0.48656936105037785
1.857 -0.5675796273720821
1.858 -0.6189845878191533
1.859 -0.6237778214877039
1.86 -0.6120048820222912
1.861 -0.6218770622811148
1.862 -0.7094802456676543
1.863 -0.6724017560584603
1.864 -0.6979984532290223
1.865 -0.6789151621671852
1.866 -0.7578593319239575
1.867 -0.7486354895953302
1.868 -0.7076313844134205
1.869 -0.6674680982507271
1.87 -0.640930483072668
1.871 -0.7157382764995797
1.872 -0.7102406617178735
1.873 -0.7223452314242614
1.874 -0.7767092235045736
1.875 -0.7136631066860586
1.8760000000000001 -0.7364419368724557
1.877 -0.7025583988680121
1.8780000000000001 -0.6943447696950454
1.879 -0.6825165609299003
1.8800000000000001 -0.6650141579338672
1.881 -0.6099899720211064
1.8820000000000001 -0.6759312086446895
1.883 -0.6755681273798944
1.8840000000000001 -0.7533738372560232
1.885 -0.755879539635617
1.8860000000000001 -0.7202807912613647
1.887 -0.7216008706264136
1.8880000000000001 -0.6992237319426639
1.889 -0.7144396884226687
1.8900000000000001 -0.6365935822257703
1.891 -0.7283579716451021
1.8920000000000001 -0.7281608828064904
1.893 -0.824895798086746
1.8940000000000001 -0.7939493280951918
1.895 -0.687658083318504
1.8960000000000001 -0.5898602521240389
1.897 -0.5757019867870902
1.8980000000000001 -0.6220969402153016
1.899 -0.5869043781621012
1.9000000000000001 -0.5019847171697372
1.901 -0.39629682564910795
1.9020000000000001 -0.2658610444834309
1.903 -0.25989881383223773
1.9040000000000001 -0.24692620653633512
1.905 -0.26561085997294387
1.9060000000000001 -0.24586747917782553
1.907 -0.28124856293119604
1.9080000000000001 -0.263770744230309
1.909 -0.2945747020993158
1.9100000000000001 -0.40617058582336074
1.911 -0.4367392642978211
1.9120000000000001 -0.3784494204334672
1.913 -0.40590761166573425
1.9140000000000001 -0.41244809927955645
1.915 -0.5212459383660724
1.9160000000000001 -0.4526044043962696
1.917 -0.49920746415822975
1.9180000000000001 -0.5173379061023373
1.919 -0.4661385912267729
1.92 -0.45095264075043767
1.921 -0.4011210932079635
1.922 -0.46578801080085025
1.923 -0.4690607992589432
1.924 -0.5283909018872089
1.925 -0.5416662845577034
1.926 -0.5888669637392941
1.927 -0.6839681009335451
1.928 -0.6973858888935237
1.929 -0.7802032984301526
1.93 -0.645921809391804
1.931 -0.6602225871839391
1.932 -0.6642985408975983
1.933 -0.7370058506421668
1.934 -0.7055969708974082
1.935 -0.8300238337000458
1.936 -0.7331406753540493
1.937 -0.7644477100226333
1.938 -0.8457306094035419
1.939 -0.9422493545851621
1.94 -0.929412798690328
1.941 -0.8990045429305596
1.942 -0.906947156832366
1.943 -0.9743612775472574
1.944 -0.9562879181337699
1.945 -0.9563437391380628
1.946 -0.8561944433928901
1.947 -0.931143483967391
1.948 -1.0534955838914706
1.949 -1.0642338645699174
1.95 -1.0791587979967536
1.951 -0.9950182525452327
1.952 -0.889081290887585
1.953 -0.934806295420277
1.954 -0.821349654895035
1.955 -0.7871164907863312
1.956 -0.9078333795661188
1.957 -0.9132477435531348
1.958 -0.9255925944041772
1.959 -0.8776706358308098
1.96 -0.8504839052679887
1.961 -0.6943154679858308
1.962 -0.7165485189996345
1.963 -0.7523266959847958
1.964 -0.8295600360729912
1.965 -0.8831983713578061
1.966 -0.9594595142047637
1.967 -0.9122653568731015
1.968 -0.8508107097345314
1.969 -0.9399898298115701
1.97 -0.9375356522799094
1.971 -0.9033294262948137
1.972 -0.9931253630247735
1.973 -0.9101554040542249
1.974 -0.883829225376574
1.975 -0.926498018647509
1.976 -0.9053921106080576
1.977 -0.7844770150612375
1.978 -0.7541724149853393
1.979 -0.8244816205014
1.98 -0.799316767760041
1.981 -0.9034987811378825
1.982 -0.9182508377142102
1.983 -0.8436973797982861
1.984 -0.9040354852929106
1.985 -0.9492543252227488
1.986 -0.9097813648249914
1.987 -0.8651969008532823
1.988 -0.8732443834491564
1.989 -0.9005419722166861
1.99 -0.7282388746908466
1.991 -0.7205960462234964
1.992 -0.6792096752234417
1.993 -0.7215123850331469
1.994 -0.6316893732731883
1.995 -0.6079611257851594
1.996 -0.720898503501302
1.997 -0.7047619691664244
1.998 -0.6719757767857178
1.999 -0.6685924506562809
2.0 -0.7125128652755501
2.001 -0.7115894069000444
2.0020000000000002 -0.6577296222395366
2.003 -0.7702381044747548
2.004 -0.7112059228725995
2.005 -0.5901267755995271
2.0060000000000002 -0.608018078465694
2.007 -0.7420090688301897
2.008 -0.7114681088348799
2.009 -0.7342983902656723
2.0100000000000002 -0.799763451374713
2.011 -0.7733458905368142
2.012 -0.7932595835194712
2.013 -0.6762477013881975
2.0140000000000002 -0.6805825660661122
2.015 -0.6145412147543371
2.016 -0.6855581393347151
2.017 -0.6863243471945027
2.0180000000000002 -0.774626668083621
2.019 -0.8274310286467017
2.02 -0.8109479859262373
2.021 -0.8431971280948971
2.0220000000000002 -0.8531268053368655
2.023 -0.8997036953648205
2.024 -0.916098556667873
2.025 -0.8161485769131076
2.0260000000000002 -0.8257063691949142
2.027 -0.967696171453028
2.028 -0.9724608191746732
2.029 -0.9278272777480646
2.0300000000000002 -0.9395473872515622
2.031 -1.0420315742611772
2.032 -1.0456292840832553
2.033 -1.0512189626636261
2.0340000000000003 -1.0487773183795928
2.035 -1.0991812280082158
2.036 -1.0237407597975334
2.037 -0.9265645617751027
2.0380000000000003 -1.014416931068959
2.039 -0.9254770491405239
2.04 -0.829561496046493
2.041 -0.8041829176812151
2.0420000000000003 -0.7176219742926888
2.043 -0.6042517294712976
2.044 -0.5723950159514252
2.045 -0.5035291453823625
2.0460000000000003 -0.5356902207627803
2.047 -0.5885858576165779
2.048 -0.5670409760291447
2.049 -0.6113732073887921
2.05 -0.5315151679304766
2.051 -0.5425581242549663
2.052 -0.6430780493213903
2.053 -0.6909524130847127
2.054 -0.6880930644109587
2.055 -0.5890827694205354
2.056 -0.6268850587178264
2.057 -0.6113029925542404
2.058 -0.6791765776633173
2.059 -0.6643463549310517
2.06 -0.6648888806287618
2.061 -0.6284726457394127
2.062 -0.6000366401241243
2.063 -0.5141096484579604
2.064 -0.4787605610444214
2.065 -0.4887569137468399
2.066 -0.5540592428375468
2.067 -0.5610295889682633
2.068 -0.5175556910483239
2.069 -0.5054959846116686
2.07 -0.5099889097036492
2.071 -0.5764886121970443
2.072 -0.5018664189104377
2.073 -0.48174980097032183
2.074 -0.49329338716511784
2.075 -0.48769326140870506
2.076 -0.5079471442966514
2.077 -0.49086660133444254
2.078 -0.45529953995182804
2.079 -0.4572018761432135
2.08 -0.46946332661278123
2.081 -0.4342774213709948
2.082 -0.46902415523040875
2.083 -0.5399758395656984
2.084 -0.5268333382195485
2.085 -0.510916287882
2.086 -0.48239976814239904
2.087 -0.5258256714534661
2.088 -0.5732195862489864
2.089 -0.6108210271486422
2.09 -0.6855490103798697
2.091 -0.6971021929638952
2.092 -0.6262055233454829
2.093 -0.6673470621014655
2.094 -0.6196758762119348
2.095 -0.6447350024873054
2.096 -0.6810331674701177
2.097 -0.7360994445989749
2.098 -0.6427083019840729
2.099 -0.6225656044361418
2.1 -0.7725304112403754
2.101 -0.7112672224872498
2.102 -0.7911555425319468
2.103 -0.788993431207061
2.104 -0.7189241635494832
2.105 -0.6438301643486377
2.106 -0.6697844811468245
2.107 -0.7056874632252004
2.108 -0.676473845783826
2.109 -0.7202541569096362
2.11 -0.8000922451889497
2.111 -0.8837667133810487
2.112 -0.8716679092901967
2.113 -0.97050266822099
2.114 -0.9893465122766476
2.115 -1.0337327814466324
2.116 -1.0416051620865872
2.117 -0.9027189254817832
2.118 -0.8750639256026049
2.119 -0.8994417955265598
2.12 -0.9078666085414512
2.121 -0.9514005946088342
2.122 -0.9377751757331941
2.123 -1.0440330084668823
2.124 -1.0719362654207654
2.125 -1.0389392658857755
2.126 -1.067460258590786
2.1270000000000002 -1.0157021300179243
2.128 -0.9931911161656296
2.129 -0.9750814563102903
2.13 -0.9500806290972021
2.1310000000000002 -0.932106354298077
2.132 -0.8567191304479804
2.133 -0.8122500088061555
2.134 -0.9178821756870813
2.1350000000000002 -0.9255933296247354
2.136 -0.962717361462408
2.137 -0.7465379388494022
2.138 -0.7672424943881195
2.1390000000000002 -0.8563198557459495
2.14 -0.8935967020876343
2.141 -0.8736147858307817
2.142 -0.8644312207930417
2.1430000000000002 -0.8295763307896121
2.144 -0.8166584224365535
2.145 -0.8131275387473534
2.146 -0.8475963744731996
2.1470000000000002 -0.7376128914168136
2.148 -0.7166282718131355
2.149 -0.7528870290429477
2.15 -0.7471028526566318
2.1510000000000002 -0.774691381104157
2.152 -0.7421557553869426
2.153 -0.6501969981379049
2.154 -0.6193398457410099
2.1550000000000002 -0.6474699111137895
2.156 -0.6769458313144464
2.157 -0.7292488452912731
2.158 -0.7145407814014708
2.1590000000000003 -0.7504303751781881
2.16 -0.6659019736482934
2.161 -0.6533347360155869
2.162 -0.6124154856987272
2.1630000000000003 -0.5884610612777822
2.164 -0.5206201182885416
2.165 -0.4350186440541155
2.166 -0.4447792682229454
2.1670000000000003 -0.48700449383217137
2.168 -0.5152029583432509
2.169 -0.6208705399029992
2.17 -0.6522572363783822
2.1710000000000003 -0.5889043977358436
2.172 -0.5150045931094568
2.173 -0.4601741331941926
2.174 -0.39920998025600407
2.1750000000000003 -0.35393882252452513
2.176 -0.4000755686805976
2.177 -0.2304962360048297
2.178 -0.28353753298805334
2.179 -0.21087392277062544
2.18 -0.18393866975692294
2.181 -0.15037693288622217
2.182 -0.11744401222521167
2.183 -0.2207622734236072
2.184 -0.18033698794025502
2.185 -0.2579822947423923
2.186 -0.207186735422026
2.187 -0.253333564931361
2.188 -0.20086048842089776
2.189 -0.20781346204976106
2.19 -0.1935235058268476
2.191 -0.2584262836880031
2.192 -0.3542022858731467
2.193 -0.30718029922508516
2.194 -0.23643240208120442
2.195 -0.217442591906065
2.196 -0.20515710459139797
2.197 -0.11498823566853882
2.198 -0.040664751644277713
2.199 -0.17219416474440138
2.2 -0.08270576238347967
2.201 -0.16186034779265585
2.202 -0.2017111604973446
2.203 -0.13891257828518072
2.204 -0.17848325536240559
2.205 -0.3027374131641466
2.206 -0.2738693192495476
2.207 -0.30659222375920336
2.208 -0.35949191241855555
2.209 -0.45629548244940676
2.21 -0.43201347836356974
2.211 -0.3712765213394705
2.212 -0.4358316989711042
2.213 -0.40808923139829195
2.214 -0.3936696626261805
2.215 -0.5225789898982851
2.216 -0.5667803525002024
2.217 -0.6611449400523193
2.218 -0.6656949284895882
2.219 -0.6827309734677606
2.22 -0.7282558030313765
2.221 -0.7637665667573381
2.222 -0.7430233523232779
2.223 -0.8466172606109736
2.224 -0.9267867374002942
2.225 -0.9600668511219215
2.226 -0.9761538356757437
2.227 -0.885620424250936
2.228 -0.9408442137087349
2.229 -1.0451842745613387
2.23 -1.1203505776517246
2.231 -1.057969007486294
2.232 -1.1470699039528178
2.233 -1.1240948253146006
2.234 -1.098359316836092
2.235 -1.1090533591150504
2.236 -1.1487027750220524
2.237 -1.2004133575309204
2.238 -1.207138574563787
2.239 -1.3137172416279719
2.24 -1.2738559562691327
2.241 -1.3650480180882012
2.242 -1.3489884160597903
2.243 -1.3554603330193398
2.244 -1.4230273908588829
2.245 -1.4405827146729797
2.246 -1.524084021303077
2.247 -1.54017328618194
2.248 -1.5119239353559992
2.249 -1.6368547299545406
2.25 -1.5793357726626764
2.251 -1.5700356497127155
2.2520000000000002 -1.6842737663053162
2.253 -1.7043715702781097
2.254 -1.6558067783587322
2.255 -1.639122888921343
2.2560000000000002 -1.6080333212556241
2.257 -1.6516410005472764
2.258 -1.6695642968330504
2.259 -1.6901882560981127
2.2600000000000002 -1.621699948618264
2.261 -1.4561277961639725
2.262 -1.387999118296629
2.263 -1.41495660704095
2.2640000000000002 -1.4643116608289748
2.265 -1.5255919477517383
2.266 -1.5546575383334442
2.267 -1.5669420625488228
2.2680000000000002 -1.5315517261738625
2.269 -1.589650188460817
2.27 -1.660884913565413
2.271 -1.6984759528784537
2.2720000000000002 -1.6354233569299528
2.273 -1.677811246840789
2.274 -1.707277616647791
2.275 -1.649893065406204
2.2760000000000002 -1.6740289275575675
2.277 -1.7337807609253588
2.278 -1.8044327831114755
2.279 -1.8600440645928702
2.2800000000000002 -1.8515302666764977
2.281 -1.751705661803406
2.282 -1.8344665918828351
2.283 -1.8904391873939181
2.2840000000000003 -1.8519852893430306
2.285 -1.8486640996703392
2.286 -1.8598399095784885
2.287 -1.8576556408901146
2.2880000000000003 -1.7422293808468183
2.289 -1.6706839297299891
2.29 -1.6498830874125696
2.291 -1.5300177669323305
2.2920000000000003 -1.4980311315185246
2.293 -1.5755442155131834
2.294 -1.6317549156018765
2.295 -1.5600533515341524
2.2960000000000003 -1.5078946857965965
2.297 -1.386479593827155
2.298 -1.352933581566198
2.299 -1.3447669606770567
2.3000000000000003 -1.3545211983369472
2.301 -1.278789473954904
2.302 -1.183563772636309
2.303 -1.1294619364437968
2.3040000000000003 -1.0269988281074047
2.305 -0.9640403930515531
2.306 -0.971394869793
2.307 -0.9201677537342525
2.308 -0.6915674290616154
2.309 -0.6865057766943672
2.31 -0.7935670861633866
2.311 -0.7160144899980075
2.312 -0.6422975481520588
2.313 -0.5495976921237651
2.314 -0.5636971831806264
2.315 -0.3855391348116505
2.316 -0.31337077396783364
2.317 -0.2535997170941508
2.318 -0.2806293258880953
2.319 -0.24294104501231206
2.32 -0.2887521994405963
2.321 -0.2968498653430014
2.322 -0.2132715641488726
2.323 -0.3079902987778734
2.324 -0.3775710588467479
2.325 -0.413602493103361
2.326 -0.38074270216022377
2.327 -0.283792644528252
2.328 -0.18447879056839303
2.329 -0.1940480044937854
2.33 -0.1457280056142492
2.331 -0.14351960359702473
2.332 -0.11426479721770176
2.333 -0.11629696080216609
2.334 -0.07071760673946348
2.335 -0.11010363347393466
2.336 0.0032311293584690176
2.337 0.15773932652192296
2.338 0.1734646704373982
2.339 0.15904559636404822
2.34 0.01723506408188663
2.341 0.042700125167987775
2.342 0.024397757554262597
2.343 0.07574771902042088
2.344 0.07422702850205799
2.345 0.09583866341005995
2.346 -0.013008813331055122
2.347 -0.029856751238437756
2.348 0.10870186359327844
2.349 0.15959607940392534
2.35 0.19868275912040242
2.351 0.12000345202150875
2.352 0.14321175800383074
2.353 0.2670554126309902
2.354 0.1262463991407012
2.355 -0.037765420641761804
2.356 -0.02468491036360739
2.357 0.0036428659176436333
2.358 0.05322814149552693
2.359 0.1365132076794423
2.36 0.13845784111028506
2.361 0.15105442300460917
2.362 0.05960378559526784
2.363 0.13691647479363628
2.364 0.14296379156674863
2.365 0.2104525836145523
2.366 0.185306950489727
2.367 0.24711860318515155
2.368 0.25850800986720457
2.369 0.24332783382810638
2.37 0.24845023619534032
2.371 0.13009790863997178
2.372 0.03383320452320297
2.373 -0.019984197777674163
2.374 -0.029582811598357975
2.375 0.10038195049024391
2.376 0.10876667297177707
2.3770000000000002 0.03240040753239089
2.378 0.09568310014296526
2.379 0.08516081256974399
2.38 0.11905815657023949
2.3810000000000002 0.15613451419977586
2.382 0.15930953682249369
2.383 0.09841689085539057
2.384 0.06099587021602734
2.3850000000000002 0.008660408529102055
2.386 -0.014600806131384585
2.387 0.04649855368392051
2.388 -0.004469305219639376
2.3890000000000002 -0.00947398664147098
2.39 0.09831585297023018
2.391 0.13100897360187358
2.392 0.12445804354206694
2.3930000000000002 0.085312940729323
2.394 0.1018552730703224
2.395 0.01688358305894136
2.396 -0.001131300765023508
2.3970000000000002 0.04727178304529453
2.398 0.004496076946435348
2.399 -0.06850845864180116
2.4 -0.02609759032751461
2.4010000000000002 -0.03307196844090934
2.402 -0.166924710245578
2.403 -0.15532306322043363
2.404 -0.2875821865327539
2.4050000000000002 -0.231878584958713
2.406 -0.23603501850432262
2.407 -0.20123984502944345
2.408 -0.07490609733268783
2.4090000000000003 -0.10926556472910989
2.41 -0.07495194036806538
2.411 -0.13818535047799185
2.412 -0.18213082978123193
2.4130000000000003 -0.24639783602205995
2.414 -0.2975910824001343
2.415 -0.23377214460479134
2.416 -0.22887411361650217
2.4170000000000003 -0.20995135119416708
2.418 -0.24788170964264442
2.419 -0.27196840727587596
2.42 -0.4007175896091971
2.4210000000000003 -0.3823777745745598
2.422 -0.41390147439387437
2.423 -0.2978105022405688
2.424 -0.2658454165069112
2.4250000000000003 -0.27173255021116766
2.426 -0.2995403535582931
2.427 -0.2641112804054904
2.428 -0.19287600912351274
2.4290000000000003 -0.21020227162071395
2.43 -0.21743205003916302
2.431 -0.32714409622574303
2.432 -0.34323248756705044
2.433 -0.2838837274215049
2.434 -0.3190181832649026
2.435 -0.4295801475384846
2.436 -0.3924353007233561
2.437 -0.3566658980221512
2.438 -0.4592407216805069
2.439 -0.4621714672887622
2.44 -0.4950896134718649
2.441 -0.620689914731404
2.442 -0.6730686811478114
2.443 -0.792387001499757
2.444 -0.8964545311931922
2.445 -0.9155937003343682
2.446 -0.9719418262031089
2.447 -0.8753179512036605
2.448 -0.9793649160631934
2.449 -1.1140290870934417
2.45 -1.063776551011107
2.451 -1.0673788876900154
2.452 -1.0829846515524961
2.453 -1.0926312448369058
2.454 -0.9410964601527353
2.455 -1.0030872137595328
2.456 -1.046384072409925
2.457 -1.0209512022052087
2.458 -1.0619118199666069
2.459 -1.0537967249357751
2.46 -1.0806925247045411
2.461 -1.0890771357133635
2.462 -1.0112941155578805
2.463 -1.0034566596768297
2.464 -0.8695206130322751
2.465 -0.7326635729821833
2.466 -0.7705816356325923
2.467 -0.7303424309785008
2.468 -0.6207754658629753
2.469 -0.49000931088912825
2.47 -0.4324547309401515
2.471 -0.4248595070154269
2.472 -0.36808348160792437
2.473 -0.2668068841905086
2.474 -0.30861303425833475
2.475 -0.2652796310241341
2.476 -0.24520031987106525
2.477 -0.1654864994799376
2.478 -0.08621384803992571
2.479 0.007755724278756107
2.48 0.021764394517243463
2.481 0.0760274793862822
2.482 0.11978767421463413
2.483 0.09849917555372333
2.484 0.12602212087855036
2.485 0.05732144381676495
2.486 0.11336601244668051
2.487 0.10168367907642227
2.488 0.03640477108888171
2.489 -0.0002804693625857238
2.49 0.0759153746584949
2.491 -0.04392280334877961
2.492 -0.03356687270547237
2.493 -0.030856915001706835
2.494 -0.04413381762159908
2.495 -0.03998749031982981
2.496 -0.027665087068809397
2.497 -0.05042132212734475
2.498 -0.051805207554514274
2.499 0.03734499239535033
2.5 -0.0004433111258459882
2.501 0.026524086104200206
2.5020000000000002 0.07560169352283688
2.503 0.1422802210416455
2.504 0.12021442379543543
2.505 0.0580213195075162
2.5060000000000002 -0.022398657834299618
2.507 -0.04333896194307435
2.508 -0.09372172260395267
2.509 0.012908716066664522
2.5100000000000002 -0.024657501823410574
2.511 0.04947582685525449
2.512 -0.06881431150401698
2.513 -0.2088680134492901
2.5140000000000002 -0.25001856872314066
2.515 -0.2329184186419995
2.516 -0.31760814749219984
2.517 -0.37009055871490054
2.5180000000000002 -0.2848260116155926
2.519 -0.2955546122407703
2.52 -0.27626060217687887
2.521 -0.31668336639809974
2.5220000000000002 -0.26479401733463187
2.523 -0.2145643806888808
2.524 -0.2146220882948973
2.525 -0.11393061128689458
2.5260000000000002 -0.1682444664869821
2.527 -0.10171708046766248
2.528 -0.153604209681311
2.529 -0.1604349006149902
2.5300000000000002 -0.28200630816690664
2.531 -0.26610309471190463
2.532 -0.3613410267119535
2.533 -0.31756440925491475
2.5340000000000003 -0.2094400677063986
2.535 -0.14459424354783812
2.536 -0.07885409042591238
2.537 -0.1489246087494544
2.5380000000000003 -0.1620596570819577
2.539 -0.1843649199226664
2.54 -0.14039488229834346
2.541 -0.2570418205440797
2.5420000000000003 -0.21052196741348014
2.543 -0.3330858861332293
2.544 -0.28495301712088106
2.545 -0.3210744631295087
2.5460000000000003 -0.23873812185599502
2.547 -0.21228396260053622
2.548 -0.10938042614942191
2.549 -0.04533489244877642
2.5500000000000003 -0.06385934383736319
