0.0 -0.2539823267425855
0.001 -0.3359455189524454
0.002 -0.4814534511581341
0.003 -0.49618926021506415
0.004 -0.5579367943919549
0.005 -0.4041908419699058
0.006 -0.5503572662217796
0.007 -0.47058454295950114
0.008 -0.43882291663125755
0.009000000000000001 -0.43130704907995915
0.01 -0.4375697422082766
0.011 -0.49556702442019496
0.012 -0.523886048605746
0.013000000000000001 -0.511317182135972
0.014 -0.5711250463137035
0.015 -0.6199945763673951
0.016 -0.6573498207506393
0.017 -0.7359439688955254
0.018000000000000002 -0.7109976674942061
0.019 -0.742524263902891
0.02 -0.7860057455652972
0.021 -0.8367603874451689
0.022 -0.9739260810955344
0.023 -0.8459468342046945
0.024 -0.9621829998313357
0.025 -0.9609187345058321
0.026000000000000002 -1.0022796248800931
0.027 -0.9545506710411572
0.028 -1.0441247552073343
0.029 -1.0361193229083152
0.03 -0.9669685532099788
0.031 -0.9653119607893583
0.032 -1.0016672271248506
0.033 -0.9240168667628549
0.034 -0.9415162746729497
0.035 -0.9098330594338642
0.036000000000000004 -0.8823642305282201
0.037 -0.8839783622192874
0.038 -0.9174153688390505
0.039 -0.8893510884520457
0.04 -0.9314112495324619
0.041 -1.0287012216824334
0.042 -1.0195708173031712
0.043000000000000003 -1.0979634196908308
0.044 -1.1125607105636726
0.045 -1.2156781704510269
0.046 -1.1972543601517256
0.047 -1.1268393353648234
0.048 -1.017307179987623
0.049 -1.0353095654886995
0.05 -1.0878601841537752
0.051000000000000004 -1.1206959207280585
0.052000000000000005 -1.1499214505355184
0.053 -1.187227200049358
0.054 -1.1574535443730447
0.055 -1.01789951614067
0.056 -0.9114742785403921
0.057 -0.9127784123490916
0.058 -0.9308168148115987
0.059000000000000004 -0.8918007077460601
0.06 -0.8144892593064476
0.061 -0.8109883138491721
0.062 -0.9049883656514589
0.063 -0.8929117188429909
0.064 -0.9340713303227896
0.065 -1.0620830003403579
0.066 -0.9955670764299805
0.067 -0.9741707807647394
0.068 -0.8269307990928791
0.069 -0.8750055158360066
0.07 -0.8324798867783086
0.07100000000000001 -0.836263656264077
0.07200000000000001 -0.9077580880697201
0.073 -0.838853915838755
0.074 -0.8524938167962559
0.075 -0.8143067065676133
0.076 -0.8365247356914954
0.077 -0.8324979215487414
0.078 -0.8258570957853213
0.079 -0.8235663655696809
0.08 -0.7939023636880473
0.081 -0.7135084475202863
0.082 -0.6865082286096605
0.083 -0.6465420524098895
0.084 -0.7074118918841004
0.085 -0.6557383112805226
0.08600000000000001 -0.5860585293559665
0.08700000000000001 -0.627673562934387
0.088 -0.7283912335298637
0.089 -0.6011818632080712
0.09 -0.5550155110131394
0.091 -0.5481493387180084
0.092 -0.5263064363981136
0.093 -0.5194794804675236
0.094 -0.5408972816039579
0.095 -0.5122008027052474
0.096 -0.5575540620284076
0.097 -0.5342992885511939
0.098 -0.47399183243358506
0.099 -0.40231990757205915
0.1 -0.27860527071948654
0.101 -0.22760407518564812
0.10200000000000001 -0.21070464168864028
0.10300000000000001 -0.13651494929365426
0.10400000000000001 -0.10185554881001191
0.105 -0.033787840679441766
0.106 -0.05852262582664322
0.107 0.056472592028269375
0.108 0.01977866522144977
0.109 0.14563054491433305
0.11 0.27223195406907996
0.111 0.3363937089696854
0.112 0.34322369482166
0.113 0.3489088401914108
0.114 0.25769058395045075
0.115 0.23422614581035983
0.116 0.3039450717225345
0.117 0.3477012079904682
0.11800000000000001 0.24113446126154903
0.11900000000000001 0.241314731845434
0.12 0.1934500180901737
0.121 0.18072148595964316
0.122 0.19135286606812077
0.123 0.13552273105403176
0.124 0.061965873028909296
0.125 0.08420379367965247
0.126 0.18240158426530195
0.127 0.1907197722506659
0.128 0.19683467042491792
0.129 0.20623422859251958
0.13 0.14862356897564316
0.131 0.15619410322152738
0.132 0.15965692328185985
0.133 0.2267513827070785
0.134 0.2645966079871063
0.135 0.2344053992358791
0.136 0.19651849535608967
0.137 0.2749345379166838
0.138 0.22328636174511626
0.139 0.23011562115990422
0.14 0.36185108330622867
0.14100000000000001 0.3043926323159366
0.14200000000000002 0.2500750103506095
0.14300000000000002 0.16144971629575566
0.14400000000000002 0.10717504765984012
0.145 0.08025254968731874
0.146 0.0032671537568414732
0.147 0.015608084632776874
0.148 0.06807154270268619
0.149 0.08972460155114134
0.15 0.09305743492206499
0.151 0.06954820563858773
0.152 0.14530775158498732
0.153 0.19936196264333733
0.154 0.19985516338770246
0.155 0.2077572316745349
0.156 0.09943779041779043
0.157 0.1007878032049978
0.158 0.0784016569939924
0.159 0.12977566302657229
0.16 0.14838829288949867
0.161 0.12280116514243734
0.162 0.06050433037038321
0.163 0.05358546948923247
0.164 -0.007620280983863137
0.165 -0.04980908192181698
0.166 0.018742159757747727
0.167 0.030191106510603555
0.168 0.008889139363707534
0.169 -0.044447662327008954
0.17 0.0017693193760127748
0.171 -0.016476438608257933
0.17200000000000001 0.08330957440120998
0.17300000000000001 -0.04539445111016038
0.17400000000000002 -0.009574454595364164
0.17500000000000002 -0.01264122629481497
0.176 -0.05220319382989092
0.177 -0.09906846822034174
0.178 -0.06428419802771108
0.179 -0.07949494537581968
0.18 -0.0769705687866494
0.181 -0.015747974968736984
0.182 -0.06858155574608747
0.183 -0.15277777234331616
0.184 -0.2621187421561244
0.185 -0.27556406052870436
0.186 -0.33167399435426603
0.187 -0.39884879814416646
0.188 -0.40828565004026574
0.189 -0.4009174030174013
0.19 -0.4236041421262019
0.191 -0.3904771501781292
0.192 -0.37617996370398976
0.193 -0.3394797929684583
0.194 -0.24185933544861793
0.195 -0.3099501017585486
0.196 -0.31115232481268523
0.197 -0.3108687105455661
0.198 -0.3045885394850761
0.199 -0.33726333242904494
0.2 -0.3250109854089224
0.201 -0.2697371793055293
0.202 -0.322954309953547
0.203 -0.2844695995671035
0.20400000000000001 -0.21290509631755974
0.20500000000000002 -0.18925810212820174
0.20600000000000002 -0.16169954811048753
0.20700000000000002 -0.1256722971311055
0.20800000000000002 -0.14651719695324167
0.209 -0.12982280446282568
0.21 -0.20634999004176402
0.211 -0.22792376572265882
0.212 -0.16755674085088326
0.213 -0.17905938830648718
0.214 -0.19261658471739715
0.215 -0.18587983352806914
0.216 -0.1576869398841246
0.217 -0.030875475626885307
0.218 -0.1458932047509215
0.219 -0.14401833532358851
0.22 -0.21030986560493792
0.221 -0.26996076648251266
0.222 -0.21012486988759532
0.223 -0.20191779075409033
0.224 -0.28047060539107643
0.225 -0.2219617659797599
0.226 -0.18590074655848127
0.227 -0.255468984908402
0.228 -0.30806576149078313
0.229 -0.3319959885411417
0.23 -0.2672051234319158
0.231 -0.20977118078938436
0.232 -0.15741375840737232
0.233 -0.1788720134149701
0.234 -0.17111929398402426
0.23500000000000001 -0.1596198772743332
0.23600000000000002 -0.23335338318124987
0.23700000000000002 -0.272806559747024
0.23800000000000002 -0.1852527803587363
0.23900000000000002 -0.18720827703154974
0.24 -0.1255053755621764
0.241 -0.10542879986307906
0.242 -0.08095110226604413
0.243 -0.000321821809814396
0.244 -0.10715574005945033
0.245 -0.07679722370889552
0.246 -0.06018938035677203
0.247 -0.1255576993958823
0.248 -0.03775813754201704
0.249 -0.17424039618280324
0.25 -0.18911674051062294
0.251 -0.33353685658862187
0.252 -0.3180918677785044
0.253 -0.2218086443031374
0.254 -0.14730818937115203
0.255 -0.0980343787647501
0.256 -0.12535455747400992
0.257 -0.21510324519745955
0.258 -0.3238750442908054
0.259 -0.30253879715349385
0.26 -0.2581496493064965
0.261 -0.3685530510167401
0.262 -0.3363951828006299
0.263 -0.38487095122044934
0.264 -0.4778381735655811
0.265 -0.4513941201058988
0.266 -0.5227245212828189
0.267 -0.4865319786942069
0.268 -0.4275919186653448
0.269 -0.4701412848623453
0.27 -0.4283482436830374
0.271 -0.4510594838759351
0.272 -0.4613805118255057
0.273 -0.49857245029537023
0.274 -0.44089176727910706
0.275 -0.47145073479336297
0.276 -0.5277264224995424
0.277 -0.6321411012296266
0.278 -0.6943241114465585
0.279 -0.6898859559354901
0.28 -0.7894074868761493
0.281 -0.8384827590410219
0.28200000000000003 -0.8282954966034812
0.28300000000000003 -0.8582469551727471
0.28400000000000003 -0.912885965192294
0.28500000000000003 -0.8739107233101074
0.28600000000000003 -0.736072964467323
0.28700000000000003 -0.7071582510299793
0.28800000000000003 -0.7884470701746951
0.289 -0.8958166520445114
0.29 -0.8771884080658556
0.291 -0.9137930580452696
0.292 -0.9224219944620425
0.293 -0.7406729505270574
0.294 -0.758024727095981
0.295 -0.7602964007100481
0.296 -0.7745630423909063
0.297 -0.8621195966867599
0.298 -0.8861685777282896
0.299 -0.8734129887858424
0.3 -0.8795124546020783
0.301 -0.904624816943018
0.302 -0.97778548158832
0.303 -1.012912636553773
0.304 -1.049048633743804
0.305 -1.0491214421758195
0.306 -1.078688362523374
0.307 -1.0283236320157896
0.308 -1.0760728183631139
0.309 -1.0158685466965462
0.31 -1.012452137203314
0.311 -0.9051110048741456
0.312 -0.7962145147302135
0.313 -0.7504192017683474
0.314 -0.8017218049471078
0.315 -0.7570090611317879
0.316 -0.8238564289852985
0.317 -0.771876069348616
0.318 -0.8230017530650247
0.319 -0.8145172962198809
0.32 -0.7989006632513207
0.321 -0.7310212490976304
0.322 -0.726908965826771
0.323 -0.6900164392865757
0.324 -0.7293876300359345
0.325 -0.6721369017201712
0.326 -0.6993294889402016
0.327 -0.7850231978916977
0.328 -0.8386905142661875
0.329 -0.7779681716304312
0.33 -0.7271398489654767
0.331 -0.6471702453321915
0.332 -0.5648918347471336
0.333 -0.580777178152159
0.334 -0.608579887988958
0.335 -0.6493323667163053
0.336 -0.6331787085908256
0.337 -0.6151697602000457
0.338 -0.5804716767929889
0.339 -0.5272200798067448
0.34 -0.49432293740506805
0.341 -0.5035220833525018
0.342 -0.4814284697050255
0.343 -0.4691079807571108
0.34400000000000003 -0.5061195653140136
0.34500000000000003 -0.4713104694861158
0.34600000000000003 -0.5164760112830057
0.34700000000000003 -0.4169114650976344
0.34800000000000003 -0.38610520063845977
0.34900000000000003 -0.39219267543529135
0.35000000000000003 -0.36075781142716956
0.35100000000000003 -0.40423511945492707
0.352 -0.4608480321839685
0.353 -0.459264245892946
0.354 -0.38906470523282033
0.355 -0.3117385787434315
0.356 -0.342862070365278
0.357 -0.2398807401800154
0.358 -0.3556543577513947
0.359 -0.4090948672717476
0.36 -0.5274491936912606
0.361 -0.4385341801189624
0.362 -0.48247361286077295
0.363 -0.3530356763689302
0.364 -0.22383561676291733
0.365 -0.3071254227750727
0.366 -0.26591098594432816
0.367 -0.24054580597512298
0.368 -0.15716835851052166
0.369 -0.13428201810941964
0.37 -0.10536271668113907
0.371 -0.087787128530382
0.372 -0.07019704256971893
0.373 -0.12483156534670982
0.374 -0.09439114812292917
0.375 -0.17296903494001709
0.376 -0.19870512203415353
0.377 -0.17857355314649503
0.378 -0.2669265615166315
0.379 -0.3454893805513047
0.38 -0.34880329464464166
0.381 -0.4031468771333548
0.382 -0.2878658275230785
0.383 -0.3351272434391323
0.384 -0.3105077939492315
0.385 -0.304497717811999
0.386 -0.26480038042176457
0.387 -0.12703950720895715
0.388 -0.17272792160963862
0.389 -0.2100981741692198
0.39 -0.17649791547878965
0.391 -0.16728633683025274
0.392 -0.20433029374947567
0.393 -0.24617216291801639
0.394 -0.23963358144600214
0.395 -0.2097631724696367
0.396 -0.07767069186184042
0.397 -0.05101737495451552
0.398 0.01479600854446577
0.399 0.06679969659519086
0.4 0.11393123060673965
0.401 0.09184345560395724
0.402 0.13303393540676556
0.403 0.20748953477791887
0.404 0.3636998625050005
0.405 0.43130397085947736
0.406 0.44747169570478235
0.40700000000000003 0.4357381260032459
0.40800000000000003 0.3760921915552892
0.40900000000000003 0.3481685422279676
0.41000000000000003 0.4727090718749133
0.41100000000000003 0.3437879001736392
0.41200000000000003 0.13331459836528411
0.41300000000000003 0.19150558835083978
0.41400000000000003 0.18263278927767276
0.41500000000000004 0.11795172139568373
0.41600000000000004 0.1893334929204131
0.417 0.15094722233373137
0.418 0.20980762539354086
0.419 0.1008016766744485
0.42 0.09250418012790299
0.421 0.09069869479578246
0.422 0.1234518626516947
0.423 0.16357773510867016
0.424 0.2110954506836976
0.425 0.07746009173640694
0.426 0.0917300800608907
0.427 0.0786615309770253
0.428 0.1236593422804692
0.429 0.0986676846109057
0.43 -0.0900170927474973
0.431 -0.1439251285232846
0.432 -0.15398079188534286
0.433 -0.09671748837023651
0.434 0.0027890426205222224
0.435 0.07798468606095751
0.436 0.0834633441310347
0.437 0.06344914864558834
0.438 0.059997425963221634
0.439 0.11828448592963689
0.44 -0.014810040182664325
0.441 -0.04314524606614002
0.442 0.001852043500818433
0.443 -0.017807471765842447
0.444 0.022511017029176062
0.445 -0.11835772576533106
0.446 -0.09262312726486963
0.447 -0.029459768843524317
0.448 -0.10766330166211271
0.449 -0.11492441812197644
0.45 -0.038890716430498795
0.451 -0.09438665957508667
0.452 -0.1410135251234887
0.453 -0.10347838091843878
0.454 -0.1504346387547282
0.455 -0.15898605372251925
0.456 -0.15774943885801693
0.457 -0.14757866257021124
0.458 -0.06498216240540129
0.459 -0.06445914007769299
0.46 -0.02067178671568138
0.461 -0.04592011096231713
0.462 -0.07460951012020621
0.463 -0.15439347009135265
0.464 -0.10622691346338733
0.465 -0.08913076224735623
0.466 0.030059587849859876
0.467 0.2545961017658527
0.468 0.3828423169847541
0.46900000000000003 0.337364026241223
0.47000000000000003 0.4567004278693828
0.47100000000000003 0.38983323661487435
0.47200000000000003 0.3993020149214632
0.47300000000000003 0.41527422616704046
0.47400000000000003 0.4118636681420901
0.47500000000000003 0.4458065019131364
0.47600000000000003 0.4344260977392799
0.47700000000000004 0.4749891742192887
0.47800000000000004 0.4832287431360446
0.47900000000000004 0.38724304071240223
0.48 0.28243926351025406
0.481 0.2991089089252632
0.482 0.3158911608500858
0.483 0.27022133532717074
0.484 0.25311804019527767
0.485 0.23134970574990507
0.486 0.21426134716156475
0.487 0.3016196057648854
0.488 0.3019465369155379
0.489 0.2221669772795914
0.49 0.3073269551113531
0.491 0.37361880958212723
0.492 0.44052856604182355
0.493 0.30663487670910616
0.494 0.23777533209604626
0.495 0.24155810812473802
0.496 0.29150078293903925
0.497 0.3397286390695065
0.498 0.36285384358065387
0.499 0.40472315403605386
0.5 0.3958795708171809
0.501 0.35325197969787203
0.502 0.3215504248565809
0.503 0.2911779851680074
0.504 0.318507444032614
0.505 0.3146571803364198
0.506 0.28183277835892373
0.507 0.3579500399420949
0.508 0.342299543018763
0.509 0.3190563663645299
0.51 0.36785916195434143
0.511 0.4102232760829072
0.512 0.48239508133625786
0.513 0.4331239678636096
0.514 0.4583536914733154
0.515 0.4025691914874901
0.516 0.4883692909107385
0.517 0.47107232267292
0.518 0.39418650338651734
0.519 0.48385616321034
0.52 0.40130008994392785
0.521 0.4247405123288418
0.522 0.4752670409575871
0.523 0.44903993588257346
0.524 0.5474573140916115
0.525 0.518948289562381
0.526 0.4197990006937967
0.527 0.36220922040028947
0.528 0.410949391805739
0.529 0.4798483616967165
0.53 0.4733017557888428
0.531 0.4453803691920247
0.532 0.5110446088216795
0.533 0.5870170436370049
0.534 0.6009538675716597
0.535 0.5477408062723255
0.536 0.4818332446391562
0.537 0.4287719030556226
0.538 0.39278738799465307
0.539 0.3454452615428571
0.54 0.30893167057422627
0.541 0.26207743298381875
0.542 0.2789989842999785
0.543 0.4160843156456549
0.544 0.4581437302853384
0.545 0.35664436960997337
0.546 0.3730877943236305
0.547 0.35260696791398205
0.548 0.39921772878231127
0.549 0.3411284846415495
0.55 0.4060201405327256
0.551 0.3704972008924882
0.552 0.4081924172026569
0.553 0.48198984688905083
0.554 0.38666626769478335
0.555 0.30271348758172467
0.556 0.35397153058011044
0.557 0.3118611799335708
0.558 0.29398257206283007
0.559 0.3309847386196344
0.56 0.42882896249504404
0.561 0.29307671665285107
0.562 0.2875624460232553
0.5630000000000001 0.3093443408388272
0.5640000000000001 0.3145142027022997
0.5650000000000001 0.3743362164119031
0.5660000000000001 0.30080880541179006
0.5670000000000001 0.28083007146843486
0.5680000000000001 0.13508611070519036
0.5690000000000001 0.0970558937925031
0.5700000000000001 0.044331813214148176
0.5710000000000001 -0.017538107350489676
0.5720000000000001 -0.020824998702884102
0.5730000000000001 0.024092059558751697
0.5740000000000001 0.013795943801095079
0.5750000000000001 -0.05327315836120395
0.5760000000000001 -0.057708770550213534
0.577 0.03359537966819988
0.578 0.051924204600301456
0.579 0.2229294287028825
0.58 0.2330778834019912
0.581 0.3296018246020708
0.582 0.33526326404208756
0.583 0.29261263903038276
0.584 0.4794264629447594
0.585 0.46836678224641404
0.586 0.44530471085085227
0.587 0.4335736702633615
0.588 0.5405315610468113
0.589 0.5146589776880883
0.59 0.5649941480493051
0.591 0.5266477347741667
0.592 0.5317968887583424
0.593 0.6245917583293058
0.594 0.7011676080099272
0.595 0.7855352181577128
0.596 0.8293248504410656
0.597 0.8036511308188256
0.598 0.7555109193603635
0.599 0.7450123205938667
0.6 0.6183571660377114
0.601 0.623305390737384
0.602 0.7074860987502584
0.603 0.6282037559885001
0.604 0.6773680710367497
0.605 0.6944017565762407
0.606 0.7102852174194756
0.607 0.7273272181678582
0.608 0.7355409280356695
0.609 0.7373426356085615
0.61 0.7032423358438069
0.611 0.6486407581954545
0.612 0.6135260420991601
0.613 0.6870512687470356
0.614 0.7011441480530717
0.615 0.7429301023624223
0.616 0.7796625444894467
0.617 0.7496222460242414
0.618 0.8294074035699285
0.619 0.8214255041846752
0.62 0.8123640869621552
0.621 0.8112443177057993
0.622 0.9301824922597502
0.623 0.9148587124221997
0.624 0.8437737820144408
0.625 0.7494654219208865
0.626 0.709270673311642
0.627 0.6926506691438545
0.628 0.5923049634253865
0.629 0.6050692520949854
0.63 0.6133360004754629
0.631 0.5508469913017764
0.632 0.5486742583506901
0.633 0.5841076177055111
0.634 0.5123199451228706
0.635 0.4128183240716543
0.636 0.3951029008214274
0.637 0.3422131296262294
0.638 0.33224099002735996
0.639 0.36697930134389556
0.64 0.28352103453967
0.641 0.28400981710419815
0.642 0.23845677848235355
0.643 0.3181273125529507
0.644 0.20770919430091483
0.645 0.16961767140738146
0.646 0.22281779842858151
0.647 0.25499850748047515
0.648 0.28350403710910355
0.649 0.2585580792159149
0.65 0.15485563535324504
0.651 0.12936836086866071
0.652 0.16214003660977463
0.653 0.05225740497866277
0.654 0.07077203854403066
0.655 -0.035653269786009065
0.656 -0.010025370452809636
0.657 -0.10424468974625808
0.658 -0.04227419409500162
0.659 -0.10186360630524909
0.66 -0.030543665661239908
0.661 -0.04328143382417043
0.662 -0.12180940139064242
0.663 -0.0574231508523992
0.664 -0.11438718741247451
0.665 -0.019901526084229612
0.666 -0.03590236216028382
0.667 0.016610320896597926
0.668 0.05350158083489244
0.669 -0.0012401845261226577
0.67 -0.040145655573680605
0.671 -0.045880858874342324
0.672 0.06880053344826337
0.673 0.11862846596112353
0.674 0.21947182723183128
0.675 0.3134219154434406
0.676 0.27635229111007903
0.677 0.22361420483298702
0.678 0.3270699378425055
0.679 0.24123542624892275
0.68 0.08735373389099796
0.681 0.03067613520121818
0.682 0.02942730692591766
0.683 0.0341419914941554
0.684 0.09789790086137032
0.685 0.23360162007971408
0.686 0.24572527468605806
0.687 0.17961218449550342
0.6880000000000001 0.20742676391899093
0.6890000000000001 0.20353724761597583
0.6900000000000001 0.23468799504682533
0.6910000000000001 0.24910185771014434
0.6920000000000001 0.17320515823575922
0.6930000000000001 0.10195928845097242
0.6940000000000001 0.08775858225942115
0.6950000000000001 0.14792072255355077
0.6960000000000001 0.12689490304882411
0.6970000000000001 0.16604708130034104
0.6980000000000001 0.18303691563716148
0.6990000000000001 0.2875396870333841
0.7000000000000001 0.41436735922435275
0.7010000000000001 0.48436105453378875
0.7020000000000001 0.3996078694848451
0.7030000000000001 0.4570118664255576
0.704 0.40472051965632067
0.705 0.5451280169414656
0.706 0.5068982894432325
0.707 0.48145610408944833
0.708 0.621597979502537
0.709 0.6397976732536576
0.71 0.685034012217286
0.711 0.7172225223612717
0.712 0.8049863229407253
0.713 0.787788327467593
0.714 0.7641373924720447
0.715 0.7261734830972437
0.716 0.6959982506097394
0.717 0.6995886190576616
0.718 0.7282388875540664
0.719 0.6434346377450764
0.72 0.6915095233026906
0.721 0.7050635101497857
0.722 0.6472560849256601
0.723 0.6082161246437682
0.724 0.7180209610354157
0.725 0.8071450558896388
0.726 0.7193093580809126
0.727 0.7971459316046974
0.728 0.6928906011386601
0.729 0.7206456922152832
0.73 0.771223762485921
0.731 0.7719163078539268
0.732 0.8912119838758731
0.733 0.7824910585978028
0.734 0.7430902598588158
0.735 0.7580960244269636
0.736 0.8342457280633965
0.737 0.8119971936593426
0.738 0.943070594660039
0.739 0.8533354569315497
0.74 0.8330882616446416
0.741 0.8198905307893385
0.742 0.8043738747954814
0.743 0.7250247305131178
0.744 0.742385418517698
0.745 0.7465548448188914
0.746 0.720345772511274
0.747 0.6396021434104825
0.748 0.6146722597632542
0.749 0.7469780455944861
0.75 0.7412686686024819
0.751 0.7576949928148715
0.752 0.7393959492201495
0.753 0.7457513233396711
0.754 0.8132066730133138
0.755 0.8407503696835071
0.756 0.8375697416418818
0.757 0.8233020104245663
0.758 0.8720115523596876
0.759 0.8520377231867395
0.76 0.8659120457610041
0.761 1.0055382115823344
0.762 0.9014152827093288
0.763 0.8962670207987925
0.764 0.8902135837088108
0.765 0.8822547610467075
0.766 0.9631155298661875
0.767 0.9516593589443301
0.768 0.9117076849478907
0.769 0.9849266861158477
0.77 0.995917517430759
0.771 1.0444729823134917
0.772 1.0459666989918361
0.773 0.9072638838909011
0.774 0.9480725470482152
0.775 0.9972212362155168
0.776 0.9725619603874606
0.777 0.9943960153412995
0.778 1.0863589778276168
0.779 1.0000549147183697
0.78 0.9996088811635111
0.781 1.0207435308567632
0.782 1.055444091229052
0.783 1.2099315916360758
0.784 1.2029568562570805
0.785 1.0921322145009444
0.786 1.19466472434876
0.787 1.1277704607855352
0.788 1.1234582733202862
0.789 1.1373600838144593
0.79 1.0766689188652205
0.791 1.111959690668021
0.792 1.1133762953511115
0.793 1.140805583246001
0.794 1.0975770964712381
0.795 1.0580616176918596
0.796 1.1115946111285802
0.797 1.0639402514431848
0.798 1.0827319392497408
0.799 1.0845955001678023
0.8 1.1383689811430595
0.801 1.1666036079925481
0.802 1.1925878359897613
0.803 1.1097314534486507
0.804 1.1006127684690001
0.805 1.087502188072485
0.806 1.068727913939548
0.807 1.0860820388663706
0.808 0.9868308768613135
0.809 1.0045170267135755
0.81 0.9525087374912206
0.811 0.991367680024123
0.812 1.0951421684485
0.8130000000000001 1.0707781986811582
0.8140000000000001 1.0948874843558813
0.8150000000000001 1.037312261310512
0.8160000000000001 0.9668998750198674
0.8170000000000001 0.9521724619386459
0.8180000000000001 1.0243159124514662
0.8190000000000001 1.0917620787393214
0.8200000000000001 1.0313491413674238
0.8210000000000001 1.0195632240460226
0.8220000000000001 1.0183922797664373
0.8230000000000001 1.0125315564895903
0.8240000000000001 0.9977360669199691
0.8250000000000001 0.9956750260222058
0.8260000000000001 1.0489091487284206
0.8270000000000001 1.0676365490349322
0.8280000000000001 0.9886169107012017
0.8290000000000001 0.9816598394883514
0.8300000000000001 0.953206262853564
0.8310000000000001 0.9842188126748349
0.8320000000000001 1.0144910781772514
0.833 0.9610138166873565
0.834 1.0603364826465294
0.835 1.0636514484162503
0.836 1.0457360557366722
0.837 1.0607088612382531
0.838 1.1280796007106217
0.839 1.1897954973532185
0.84 1.2569857772575312
0.841 1.1310476324123468
0.842 1.135505232989376
0.843 1.1263835749193534
0.844 1.1180096990298876
0.845 1.1228086729849025
0.846 1.1041902419368503
0.847 1.1128220289691912
0.848 0.9837355111768651
0.849 0.9949158339505828
0.85 1.1178646116339057
0.851 1.0227113226437938
0.852 0.9884176631447982
0.853 1.0505307798907044
0.854 1.0351932272163566
0.855 1.0383603663924743
0.856 1.0790285372690451
0.857 1.0333999043871456
0.858 1.0116417661169428
0.859 1.0067684456361092
0.86 1.0732654292477197
0.861 0.9617810066760033
0.862 0.957403806918196
0.863 1.0281988404925633
0.864 1.065427978057337
0.865 0.948589064780371
0.866 1.033272439048062
0.867 0.9724470085246908
0.868 0.9820903392389586
0.869 0.8381519383016592
0.87 0.8151027598256666
0.871 0.7929394951880879
0.872 0.7577577016045353
0.873 0.7526724152095131
0.874 0.7258097343550276
0.875 0.8085160789969376
0.876 0.8778634984897532
0.877 0.9500839906486375
0.878 0.9241146226345476
0.879 0.8909326712269867
0.88 1.0000599246532216
0.881 1.011078540383527
0.882 1.1462631211211485
0.883 1.0430414121409441
0.884 0.9685641139094936
0.885 1.0282341950968845
0.886 0.9501875767444026
0.887 0.9333242404135536
0.888 0.8892791887317728
0.889 0.7980464655438844
0.89 0.7513096152088319
0.891 0.7325531831427936
0.892 0.7663493775388769
0.893 0.6995789264026545
0.894 0.8433123967688857
0.895 0.8749357838504844
0.896 0.8678242900268376
0.897 0.8337289377788809
0.898 0.7784153691259407
0.899 0.7624615240391439
0.9 0.7662499893330439
0.901 0.7268159600833686
0.902 0.7372180747578021
0.903 0.6568216780758969
0.904 0.645946210301144
0.905 0.5437615941907528
0.906 0.6854954660188363
0.907 0.6484447154388902
0.908 0.6529564712594375
0.909 0.5506143076122235
0.91 0.6066948595848263
0.911 0.5992331832753306
0.912 0.5698750730487199
0.913 0.5520340835074271
0.914 0.6201768085162447
0.915 0.5864880419758286
0.916 0.5267223822105458
0.917 0.48890892638775846
0.918 0.590957854940337
0.919 0.5924518377285621
0.92 0.6106789330891983
0.921 0.6680750148196142
0.922 0.6347351207679576
0.923 0.6249750019015163
0.924 0.49475960518641204
0.925 0.4810763232540853
0.926 0.5291122230477399
0.927 0.5140850088074115
0.928 0.5294140417117366
0.929 0.4386518878310772
0.93 0.3692943378796766
0.931 0.3701104892245693
0.932 0.38849686758773877
0.933 0.31313198286955696
0.934 0.4108183214360125
0.935 0.4593609327960904
0.936 0.4406506798026627
0.937 0.4218172124271716
0.9380000000000001 0.3199215242706618
0.9390000000000001 0.41948920512690213
0.9400000000000001 0.3005000389511509
0.9410000000000001 0.3192376472573713
0.9420000000000001 0.3822195677359681
0.9430000000000001 0.37893358158844986
0.9440000000000001 0.4524041908348481
0.9450000000000001 0.5402591705916738
0.9460000000000001 0.5744428715388383
0.9470000000000001 0.5885858401782735
0.9480000000000001 0.5714751651399682
0.9490000000000001 0.6729940123428899
0.9500000000000001 0.6867737468719627
0.9510000000000001 0.7378772955914471
0.9520000000000001 0.8145540157713224
0.9530000000000001 0.7440331221837926
0.9540000000000001 0.7454694547123283
0.9550000000000001 0.716050858722235
0.9560000000000001 0.7993359294045379
0.9570000000000001 0.8131224209034005
0.9580000000000001 0.8434553126535852
0.9590000000000001 0.8456196670608923
0.96 0.8570913580263653
0.961 0.9453157739559721
0.962 0.9135698769691047
0.963 0.9460789400931247
0.964 1.0019707033779852
0.965 0.94747486185702
0.966 0.8504523551865985
0.967 0.8502310833220398
0.968 0.6991136311433019
0.969 0.675449834191737
0.97 0.6697691752135186
0.971 0.7040939660167294
0.972 0.7858018531714801
0.973 0.8374026029087989
0.974 0.8660073469126671
0.975 0.8804150767399475
0.976 0.8270983081202421
0.977 0.8549867389626877
0.978 0.8553507482090719
0.979 0.7693185520507917
0.98 0.686949451038792
0.981 0.6403520817018798
0.982 0.722979404645189
0.983 0.6053041541796281
0.984 0.529877012006171
0.985 0.4365944064153059
0.986 0.4636386243803157
0.987 0.5399733010582517
0.988 0.5429793887891425
0.989 0.5384704644432621
0.99 0.5159533607345104
0.991 0.5258621669418586
0.992 0.5345503838822575
0.993 0.520581134229554
0.994 0.48439512619508784
0.995 0.42443119501014215
0.996 0.434385915444353
0.997 0.5749025453813976
0.998 0.5509104277642364
0.999 0.45230520425466436
1.0 0.44532135420389596
1.0010000000000001 0.06847548455575175
1.002 -0.1426328397344927
1.0030000000000001 -0.35489785721297373
1.004 -0.7897826549152882
1.0050000000000001 -1.2111755979962906
1.006 -1.5612739317237825
1.0070000000000001 -1.7703533642895897
1.008 -1.9646654697105663
1.0090000000000001 -2.2444301602596157
1.01 -2.4883290744133397
1.0110000000000001 -2.6721544214023445
1.012 -2.9071951367131526
1.0130000000000001 -3.0912899622696703
1.014 -3.286204754498717
1.0150000000000001 -3.386928620236631
1.016 -3.4883631508722432
1.0170000000000001 -3.5914181590477403
1.018 -3.716872476884742
1.0190000000000001 -3.831813740360248
1.02 -3.851014562663604
1.0210000000000001 -3.9728764899834723
1.022 -4.097614497658528
1.0230000000000001 -4.2085874344934675
1.024 -4.255318445711547
1.025 -4.148222268498109
1.026 -4.112694363827932
1.027 -4.144426504617931
1.028 -4.103139209510285
1.029 -4.074793208779157
1.03 -3.951934796444661
1.031 -3.91470738538554
1.032 -3.9635981072761473
1.033 -3.9131002897411253
1.034 -3.8707819258953986
1.035 -3.664951500591232
1.036 -3.5807872193114894
1.037 -3.418900160057847
1.038 -3.3007373868641006
1.039 -3.1126124320177118
1.04 -3.001047438245022
1.041 -2.802576460968613
1.042 -2.72425641387475
1.043 -2.6548720042495866
1.044 -2.5388732516031767
1.045 -2.4008455434502727
1.046 -2.2304031460519833
1.047 -2.143890971213811
1.048 -2.0049545014687906
1.049 -1.9543710916922712
1.05 -1.8008497516052357
1.051 -1.4956051910415804
1.052 -1.2139177814421205
1.053 -1.0598661706197126
1.054 -0.9967133981301559
1.055 -0.8230085327964816
1.056 -0.6086542979993532
1.057 -0.5170905089105717
1.058 -0.36843082792105264
1.059 -0.1938593300036502
1.06 -0.11031540915835891
1.061 0.08974894519819165
1.062 0.30979121026341117
1.063 0.38962440311183366
1.064 0.6205933974081692
1.065 0.8925764185314886
1.066 1.1361475755245776
1.067 1.3247469129337925
1.068 1.429808351831214
1.069 1.6553645823436507
1.07 1.823900202560853
1.071 1.9984014769998666
1.072 2.1010184856241816
1.073 2.2900407577562722
1.074 2.4359297771210446
1.075 2.627051428225178
1.076 2.7199620026044116
1.077 2.7671112023082927
1.078 2.9671717400028226
1.079 3.190923695333116
1.08 3.264089767162721
1.081 3.4827912155034824
1.082 3.4731298526982646
1.083 3.4883490409007214
1.084 3.613272923341499
1.085 3.7430907219558867
1.086 3.990530322649252
1.087 4.1568733543512835
1.088 4.125520876093987
1.089 4.2109593263091565
1.09 4.355891389653662
1.091 4.445701648463677
1.092 4.349007293120734
1.093 4.469777576885644
1.094 4.524863278716238
1.095 4.620863036554491
1.096 4.6733079917495175
1.097 4.742813589054223
1.098 4.76969747524614
1.099 4.851011672220116
1.1 4.840567567486858
1.101 4.81882625177029
1.102 4.737056166396496
1.103 4.764342150605377
1.104 4.734754082863376
1.105 4.683244967272566
1.106 4.719739492058488
1.107 4.57192269341026
1.108 4.492935258505566
1.109 4.423924514122101
1.11 4.407097594141481
1.111 4.3891564106687
1.112 4.330270960940008
1.113 4.296584442052497
1.114 4.12675262631067
1.115 3.9183244209989474
1.116 3.8881603976800987
1.117 3.8512929278250776
1.118 3.8460655888543127
1.119 3.807115971156061
1.12 3.675920917374816
1.121 3.5440978853285507
1.122 3.544150648863444
1.123 3.417568412228511
1.124 3.2736150361447334
1.125 3.08763812601351
1.1260000000000001 2.8768165161210604
1.127 2.710424652350172
1.1280000000000001 2.5996226589324847
1.129 2.4760357520932477
1.1300000000000001 2.3133340324640974
1.131 2.2270813431297087
1.1320000000000001 2.1540918835085954
1.133 1.9762705399948022
1.1340000000000001 1.8566593158233116
1.135 1.6891591106002783
1.1360000000000001 1.6303116335045336
1.137 1.5188425555731209
1.1380000000000001 1.397409608709582
1.139 1.2937774486563853
1.1400000000000001 1.1569620936329232
1.141 0.999372845762295
1.1420000000000001 0.8242753421766966
1.143 0.7170324125216023
1.1440000000000001 0.6719445769939771
1.145 0.6157243415857818
1.1460000000000001 0.4631940210785396
1.147 0.3438882233348476
1.1480000000000001 0.26830534382787885
1.149 0.20917299704226544
1.1500000000000001 0.06504509089550292
1.151 0.010597244033559772
1.1520000000000001 -0.08734447557137592
1.153 -0.24327250422979319
1.154 -0.2821099173364543
1.155 -0.3648335601517425
1.156 -0.4654963743384517
1.157 -0.5918473541145768
1.158 -0.6663297987694956
1.159 -0.7795299504986459
1.16 -0.9842368695035185
1.161 -0.9809717818997512
1.162 -0.9887385310828889
1.163 -1.1069404794321778
1.164 -1.256620231272546
1.165 -1.3164888021113301
1.166 -1.3952480744786369
1.167 -1.4671730441375799
1.168 -1.4906105789103268
1.169 -1.5785381990434817
1.17 -1.6763870360899051
1.171 -1.7760493083727051
1.172 -1.8104308581369188
1.173 -1.935798551602864
1.174 -1.9847715713579963
1.175 -1.9870232307256046
1.176 -1.977001551833712
1.177 -1.918198885682548
1.178 -1.8978081485247267
1.179 -1.798736630412689
1.18 -1.8129604497876126
1.181 -1.8798434315328711
1.182 -1.8770871030400302
1.183 -1.9749964976494712
1.184 -1.9224225668636312
1.185 -1.8390152143424332
1.186 -1.8027719925276329
1.187 -1.7514930074342874
1.188 -1.7722207264273202
1.189 -1.8607513350310012
1.19 -1.7090443596087626
1.191 -1.6873306313104726
1.192 -1.7308249438321672
1.193 -1.797793589940814
1.194 -1.7859118995713172
1.195 -1.932185121343211
1.196 -1.892052804297414
1.197 -1.8172510389282275
1.198 -1.880064079015837
1.199 -1.7188798948736186
1.2 -1.6691727915490377
1.201 -1.7286202467558094
1.202 -1.7619691586792525
1.203 -1.6866881825562918
1.204 -1.6898012705446135
1.205 -1.7071102055199363
1.206 -1.73735937670998
1.207 -1.7275142430153696
1.208 -1.726146562087468
1.209 -1.7506012635882182
1.21 -1.762550726725632
1.211 -1.6646552351628014
1.212 -1.6341484950065364
1.213 -1.5858948804551605
1.214 -1.5329987063593022
1.215 -1.5353834052217747
1.216 -1.5747545208964473
1.217 -1.5744836070589912
1.218 -1.5803417065881826
1.219 -1.5184838948986943
1.22 -1.5585676521383567
1.221 -1.54562158736215
1.222 -1.5388671875827538
1.223 -1.4881806415911756
1.224 -1.4623600674447217
1.225 -1.5411793295350276
1.226 -1.3873594100462252
1.227 -1.4527562603288127
1.228 -1.4628245652188505
1.229 -1.472285100819632
1.23 -1.390212447939622
1.231 -1.3475259657090064
1.232 -1.3087582799127817
1.233 -1.234008232361752
1.234 -1.2577789153573253
1.235 -1.3990079616748428
1.236 -1.3684210756603163
1.237 -1.3679940486327744
1.238 -1.3399447042402617
1.239 -1.3547381130614482
1.24 -1.3126238367119658
1.241 -1.2371763573633459
1.242 -1.1094891295628335
1.243 -1.1137864665764892
1.244 -1.0974580440418271
1.245 -1.1124239026852174
1.246 -1.135870366088945
1.247 -1.0424340474083686
1.248 -1.0393932122843321
1.249 -1.1185239841996075
1.25 -1.2026042818098035
1.2510000000000001 -1.1944512540804526
1.252 -1.2022006665925775
1.2530000000000001 -1.0973500068155397
1.254 -1.079979756297503
1.2550000000000001 -0.961384938805387
1.256 -0.9096905515200975
1.2570000000000001 -0.8589305503248271
1.258 -0.8302666899715493
1.2590000000000001 -0.8261596095579344
1.26 -0.8657274867181436
1.2610000000000001 -0.8453652078121182
1.262 -0.8578634268979664
1.2630000000000001 -0.8140064345660367
1.264 -0.7504830063993808
1.2650000000000001 -0.7583470426680023
1.266 -0.7565200652613894
1.2670000000000001 -0.6699316934074765
1.268 -0.8201173827352529
1.2690000000000001 -0.8971219072772127
1.27 -0.8577065974694383
1.2710000000000001 -0.7589293171364486
1.272 -0.6447051508892446
1.2730000000000001 -0.5503441020394422
1.274 -0.5662920692019607
1.2750000000000001 -0.5985253888655033
1.276 -0.6023562587622504
1.2770000000000001 -0.6686012353912884
1.278 -0.6209398977594354
1.2790000000000001 -0.6325469228709916
1.28 -0.6799330924946911
1.281 -0.6493501541585861
1.282 -0.5980867004953024
1.283 -0.6377718898127303
1.284 -0.7651616108130123
1.285 -0.7000608095940537
1.286 -0.7149095263700191
1.287 -0.6725556459960789
1.288 -0.7042446915439257
1.289 -0.7112065030399983
1.29 -0.7303312117396304
1.291 -0.7965981830537855
1.292 -0.8267242615122572
1.293 -0.935805029615066
1.294 -0.8112516441124852
1.295 -0.7657437614226936
1.296 -0.8824904317101007
1.297 -0.9206449230872595
1.298 -0.9043962476140692
1.299 -0.8441988258754369
1.3 -0.8454283447420704
1.301 -0.9542542374360976
1.302 -0.944147339157405
1.303 -0.9189163492691019
1.304 -0.9007239454610618
1.305 -0.7886823807616379
1.306 -0.8700790837465112
1.307 -0.8469616581446262
1.308 -0.9597745438029924
1.309 -0.9197155039166075
1.31 -0.8989817766569802
1.311 -0.7945233417068962
1.312 -0.804160826450554
1.313 -0.706669767077703
1.314 -0.6278990317768387
1.315 -0.6876107252691511
1.316 -0.7566987939106435
1.317 -0.7782839921736822
1.318 -0.7790453648701932
1.319 -0.834025445286548
1.32 -0.8293313602138914
1.321 -0.8819966389855359
1.322 -0.955966926304924
1.323 -0.8921097845872048
1.324 -0.8924033420242553
1.325 -0.8779128159251912
1.326 -1.0147236312009076
1.327 -1.04969663479459
1.328 -1.038273866115633
1.329 -0.9797660191839176
1.33 -0.9486020039918728
1.331 -0.9715932263888453
1.332 -1.0038876307782618
1.333 -1.1679319645528878
1.334 -1.224566913636215
1.335 -1.2650005806323152
1.336 -1.2096689873352804
1.337 -1.2261716801548168
1.338 -1.1849444728693042
1.339 -1.2536814791500315
1.34 -1.2811569810562158
1.341 -1.3473852150615686
1.342 -1.3613635135106843
1.343 -1.2409267216911826
1.344 -1.2467674351666973
1.345 -1.1350403148537573
1.346 -1.1694948874329978
1.347 -1.18522844191687
1.348 -1.2257225835383119
1.349 -1.3355272566429701
1.35 -1.3230767399212537
1.351 -1.332176509467114
1.352 -1.2832885982681925
1.353 -1.281945002815913
1.354 -1.3285279746652232
1.355 -1.261737711293942
1.356 -1.2518040395262786
1.357 -1.4256108749777112
1.358 -1.5319629775784114
1.359 -1.5177683728241282
1.36 -1.4491978828781396
1.361 -1.493769055508774
1.362 -1.5091477341095425
1.363 -1.6060203262228372
1.364 -1.6662088575644092
1.365 -1.6453312785592569
1.366 -1.7388908187041894
1.367 -1.8046307433663387
1.368 -1.904690206211243
1.369 -1.9084454208311625
1.37 -1.938818000214959
1.371 -1.8055954121430104
1.372 -1.8461460923705117
1.373 -1.758889512400406
1.374 -1.7997257880035098
1.375 -1.8313430050931423
1.3760000000000001 -1.8290783946584752
1.377 -1.7875844007605717
1.3780000000000001 -1.8899638195390005
1.379 -1.8507911614259887
1.3800000000000001 -1.9326501294256775
1.381 -1.8209727798059334
1.3820000000000001 -1.8542274536940857
1.383 -1.9025940359439923
1.3840000000000001 -1.9734350711939066
1.385 -1.999548150151363
1.3860000000000001 -2.0470228041572227
1.387 -2.064739317248871
1.3880000000000001 -2.068420954667248
1.389 -2.254442439260089
1.3900000000000001 -2.238834821840956
1.391 -2.2064055977566235
1.3920000000000001 -2.1540859051063315
1.393 -2.257510228923108
1.3940000000000001 -2.3741773766892
1.395 -2.447631452784379
1.3960000000000001 -2.515990149270223
1.397 -2.4882601565857776
1.3980000000000001 -2.579576813223252
1.399 -2.5986827825098553
1.4000000000000001 -2.639116212014802
1.401 -2.671284060991769
1.4020000000000001 -2.7623954379025273
1.403 -2.868819472993703
1.4040000000000001 -2.896884726334626
1.405 -2.7931372997013377
1.4060000000000001 -2.889660294496501
1.407 -2.851784405421078
1.408 -2.938350111305268
1.409 -3.010548896334253
1.41 -3.0296074040209473
1.411 -3.043252913899479
1.412 -3.147523153633857
1.413 -3.1104370313089515
1.414 -3.109719683758795
1.415 -3.141162826047937
1.416 -3.14740950498597
1.417 -3.142048433154018
1.418 -3.202607269334883
1.419 -3.340060548169594
1.42 -3.28439525658888
1.421 -3.3143333158770445
1.422 -3.4481002931895817
1.423 -3.4511542297802364
1.424 -3.4415875379391845
1.425 -3.359786203401338
1.426 -3.382637501538083
1.427 -3.3130725693825793
1.428 -3.3428909020850717
1.429 -3.390388588418338
1.43 -3.4077242304770223
1.431 -3.3828438323971324
1.432 -3.391954921929876
1.433 -3.4499110043666983
1.434 -3.3855329844049953
1.435 -3.2998709042895054
1.436 -3.438363153067277
1.437 -3.443948809728217
1.438 -3.4796001757728643
1.439 -3.4603010972097237
1.44 -3.5032347061161992
1.441 -3.5372266550082707
1.442 -3.58318536677831
1.443 -3.6144136675579848
1.444 -3.625167803424495
1.445 -3.670885064218557
1.446 -3.738616663616427
1.447 -3.660754202012652
1.448 -3.59972153359352
1.449 -3.585849762195664
1.45 -3.6142088485118284
1.451 -3.5874780150753733
1.452 -3.601630525190633
1.453 -3.6963831420642212
1.454 -3.7304189484472374
1.455 -3.8587257606608496
1.456 -3.9862550884663843
1.457 -4.058540257917767
1.458 -4.063475552425856
1.459 -4.0167023765684995
1.46 -4.0031549049758315
1.461 -4.030455460555688
1.462 -4.041316238862568
1.463 -4.082586619054978
1.464 -4.299426494572166
1.465 -4.235883026564518
1.466 -4.386468755971938
1.467 -4.411008527835847
1.468 -4.513686793685425
1.469 -4.610447611281968
1.47 -4.709421286483931
1.471 -4.683058007945116
1.472 -4.705784748519941
1.473 -4.737184837715065
1.474 -4.836626145445156
1.475 -4.950135857220692
1.476 -4.92453590043014
1.477 -5.013708143330947
1.478 -5.101479952432909
1.479 -5.181292268112277
1.48 -5.1337898722675375
1.481 -5.186534562569079
1.482 -5.1644015225092215
1.483 -5.123782412492716
1.484 -5.0985267925830895
1.485 -5.211243711929793
1.486 -5.204627615650166
1.487 -5.260887671395591
1.488 -5.366331048103432
1.489 -5.451928104778074
1.49 -5.618960428479802
1.491 -5.642262640525883
1.492 -5.694492244400584
1.493 -5.681337305951228
1.494 -5.731373423578374
1.495 -5.7512709706060665
1.496 -5.713326950455397
1.497 -5.703763958180209
1.498 -5.757847450092935
1.499 -5.719594435758539
1.5 -5.824613050196057
1.5010000000000001 -5.775888700090168
1.502 -5.841358684707046
1.5030000000000001 -5.913450436536365
1.504 -5.798816549864516
1.5050000000000001 -5.813846511624992
1.506 -5.883270785867191
1.5070000000000001 -5.92599392585386
1.508 -5.881792539800616
1.5090000000000001 -6.0002207587611895
1.51 -5.934265658630885
1.5110000000000001 -5.975988477188621
1.512 -5.991022881270771
1.5130000000000001 -6.158405778446686
1.514 -6.223959196422504
1.5150000000000001 -6.2466785012567785
1.516 -6.401465174639279
1.5170000000000001 -6.306650766736226
1.518 -6.382166374963839
1.5190000000000001 -6.362256413261498
1.52 -6.55732457169889
1.5210000000000001 -6.627190661982378
1.522 -6.567580848872942
1.5230000000000001 -6.589049860393195
1.524 -6.726225510689063
1.5250000000000001 -6.743942841037077
1.526 -6.691718168162876
1.5270000000000001 -6.738063331354482
1.528 -6.8102738351991965
1.5290000000000001 -6.8188020986285505
1.53 -6.766270947195759
1.5310000000000001 -6.791620024400783
1.532 -6.867098603671819
1.5330000000000001 -6.889719785390522
1.534 -6.917990979662532
1.5350000000000001 -6.927922037608432
1.536 -6.928408582113092
1.537 -6.84847356208393
1.538 -6.835679183722251
1.539 -6.85310625140659
1.54 -6.85879231551025
1.541 -6.919580301676962
1.542 -6.960225054969926
1.543 -6.972427259390001
1.544 -6.989197020578397
1.545 -6.930059855362142
1.546 -6.995330657768354
1.547 -7.000628997954595
1.548 -7.042876626031792
1.549 -7.138770943365833
1.55 -7.212559384385578
1.551 -7.177529069707981
1.552 -7.240481526894233
1.553 -7.299658727327874
1.554 -7.29043006680825
1.555 -7.34568451240824
1.556 -7.367957796372903
1.557 -7.444696510316734
1.558 -7.484761967525579
1.559 -7.442895178940746
1.56 -7.540595326137674
1.561 -7.496969324204057
1.562 -7.535094895136248
1.563 -7.441882032241306
1.564 -7.489187601263289
1.565 -7.537305481522212
1.566 -7.591273969435997
1.567 -7.619891269835433
1.568 -7.680340577520372
1.569 -7.671778965494634
1.57 -7.7376119483739565
1.571 -7.668790610650108
1.572 -7.686277834778338
1.573 -7.617900353829672
1.574 -7.390610095767711
1.575 -7.474501990449298
1.576 -7.491160800254123
1.577 -7.457646664265912
1.578 -7.367317723369079
1.579 -7.418865904467158
1.58 -7.468022578201367
1.581 -7.435200517097529
1.582 -7.3945222334060166
1.583 -7.314302591269606
1.584 -7.430885210866478
1.585 -7.422988648649112
1.586 -7.492617625646166
1.587 -7.430627310943301
1.588 -7.5564906738315125
1.589 -7.593169960957771
1.59 -7.5718213166681325
1.591 -7.547470189521709
1.592 -7.568677738045117
1.593 -7.453275036602531
1.594 -7.372853809656392
1.595 -7.320475752824183
1.596 -7.187103501163744
1.597 -7.1213805386803175
1.598 -7.230244273953003
1.599 -7.297561960392259
1.6 -7.273134583489959
1.601 -7.301476485325662
1.602 -7.287702739934835
1.603 -7.2389480840727956
1.604 -7.270333520223927
1.605 -7.254595760398003
1.606 -7.220550327382106
1.607 -7.194340625930586
1.608 -7.131428514745442
1.609 -7.097554952119846
1.61 -7.096949626214374
1.611 -6.952639511940499
1.612 -7.017158454892675
1.613 -6.9798492150429805
1.614 -6.958391951860964
1.615 -6.907906418195912
1.616 -6.954488753320225
1.617 -7.006945615323673
1.618 -7.000462733105568
1.619 -6.976432030474168
1.62 -7.008692737453523
1.621 -7.005437213049287
1.622 -6.917805452821305
1.623 -6.965265660400391
1.624 -6.963852470422044
1.625 -6.991546830907808
1.6260000000000001 -6.948240165301545
1.627 -6.929086263528615
1.6280000000000001 -6.797741375045888
1.629 -6.790554955387522
1.6300000000000001 -6.854403331186894
1.631 -6.827970141410428
1.6320000000000001 -6.7400145351934295
1.633 -6.565212140811136
1.6340000000000001 -6.52069294410989
1.635 -6.538928925984243
1.6360000000000001 -6.620897406380363
1.637 -6.638548639166464
1.6380000000000001 -6.654739557909912
1.639 -6.6365579379511495
1.6400000000000001 -6.637606447673529
1.641 -6.581656974849092
1.6420000000000001 -6.485846799658997
1.643 -6.507659694986973
1.6440000000000001 -6.550473297089909
1.645 -6.51795453667761
1.6460000000000001 -6.569634958360432
1.647 -6.508062570738632
1.6480000000000001 -6.464289876462183
1.649 -6.36317046888778
1.6500000000000001 -6.34538384187692
1.651 -6.39947824042007
1.6520000000000001 -6.3599475300547095
1.653 -6.234156892716289
1.6540000000000001 -6.183979328930229
1.655 -6.160681127822759
1.6560000000000001 -6.087786330951417
1.657 -5.900106170880141
1.6580000000000001 -5.8633800259031945
1.659 -5.938772741979943
1.6600000000000001 -5.889013569599102
1.661 -5.867969602922711
1.6620000000000001 -5.866123046358517
1.663 -5.90732301278626
1.6640000000000001 -5.8114658345051575
1.665 -5.78236079954332
1.666 -5.71319760301614
1.667 -5.64677646396758
1.668 -5.593458966450399
1.669 -5.602970999145664
1.67 -5.53603900178957
1.671 -5.375199458823948
1.672 -5.41321389588847
1.673 -5.259097708325224
1.674 -5.308739665152025
1.675 -5.227616225707195
1.676 -5.230587571073722
1.677 -5.221783467935762
1.678 -5.142741331145673
1.679 -5.201735365706886
1.68 -5.194049943069094
1.681 -5.148431677998177
1.682 -5.041016724054648
1.683 -5.012312039618863
1.684 -5.079163129334955
1.685 -5.073693142219049
1.686 -5.027700079108602
1.687 -4.991598724899353
1.688 -4.784006974672777
1.689 -4.6390789352138455
1.69 -4.52905205419179
1.691 -4.388924049967878
1.692 -4.3204761533972
1.693 -4.250471492202829
1.694 -4.166751089839571
1.695 -4.042508057815219
1.696 -3.992333729219602
1.697 -3.886907387568055
1.698 -3.763256361981223
1.699 -3.742215369975572
1.7 -3.6048548351355856
1.701 -3.5086341585094236
1.702 -3.414364813643581
1.703 -3.3021357100439914
1.704 -3.1725540411509896
1.705 -3.0837052138699317
1.706 -3.001618748960598
1.707 -3.0590399342730903
1.708 -2.9930852651563384
1.709 -2.824968666612109
1.71 -2.7339654504954733
1.711 -2.5501365281470934
1.712 -2.3774084595764764
1.713 -2.3718655907463413
1.714 -2.2373076680175856
1.715 -2.0825192594988553
1.716 -1.9695825485560592
1.717 -1.9359782270910084
1.718 -1.9174864981252229
1.719 -1.9273108198155644
1.72 -1.7461105552223535
1.721 -1.6722596707468513
1.722 -1.531870318752249
1.723 -1.3784186379834473
1.724 -1.3784250221219245
1.725 -1.211834939403909
1.726 -1.196025343762568
1.727 -1.1304116330628522
1.728 -1.1541402310067757
1.729 -0.9723776398027597
1.73 -0.8355472147388359
1.731 -0.7495940952065345
1.732 -0.6580422615007457
1.733 -0.6211845074554692
1.734 -0.4380339145810619
1.735 -0.368352485036358
1.736 -0.3087022331939613
1.737 -0.2886842022636469
1.738 -0.2074529555210427
1.739 -0.018518576809021026
1.74 0.08078741456756977
1.741 0.22435162694487776
1.742 0.36473553601150355
1.743 0.5253825476891325
1.744 0.6276143353145563
1.745 0.6974985500917266
1.746 0.7867520530901098
1.747 0.9889837863452005
1.748 1.0416695713715682
1.749 1.12399943310556
1.75 1.1752747235334116
1.7510000000000001 1.2096652022092498
1.752 1.1797881420113032
1.7530000000000001 1.2082982506333002
1.754 1.3116371855926123
1.7550000000000001 1.347003642592038
1.756 1.3651934462829913
1.7570000000000001 1.4545959517371474
1.758 1.48763739644322
1.7590000000000001 1.610980673490314
1.76 1.6368377819819253
1.7610000000000001 1.5624521628639476
1.762 1.5443477208276672
1.7630000000000001 1.4587539413836297
1.764 1.4669858632277906
1.7650000000000001 1.4310907838554858
1.766 1.3051455166958437
1.7670000000000001 1.4283682227350878
1.768 1.3720530581701638
1.7690000000000001 1.3288248942201673
1.77 1.4543188635098756
1.7710000000000001 1.410472003406625
1.772 1.399086503394383
1.7730000000000001 1.4570672063595704
1.774 1.4243000799733587
1.7750000000000001 1.4287619800273907
1.776 1.4347404820147005
1.7770000000000001 1.619201622244355
1.778 1.6079463430550138
1.7790000000000001 1.5981495880183743
1.78 1.6791277047038895
1.7810000000000001 1.740838257031925
1.782 1.7711940312037233
1.7830000000000001 1.7451009971186617
1.784 1.6596241230808066
1.7850000000000001 1.5954427305356949
1.786 1.5368073877427286
1.7870000000000001 1.4392080627072934
1.788 1.3960356524748763
1.7890000000000001 1.4535488606711677
1.79 1.437639197859656
1.7910000000000001 1.558877564471719
1.792 1.5684720429208443
1.793 1.60122414297274
1.794 1.6264335822437057
1.795 1.6154702969742878
1.796 1.5219667481458092
1.797 1.4918379108249138
1.798 1.4668587869775633
1.799 1.4361646323374988
1.8 1.5302671656281546
1.801 1.5500665659788484
1.802 1.6055158181441531
1.803 1.647020947776203
1.804 1.6383331602912012
1.805 1.636598900336489
1.806 1.667107173179086
1.807 1.6154982252040777
1.808 1.6094663928724084
1.809 1.5038389067550977
1.81 1.4697895761816644
1.811 1.499829921842268
1.812 1.5302586371975362
1.813 1.5098530438367113
1.814 1.5122199688377016
1.815 1.5541865974044549
1.816 1.5028494105311427
1.817 1.5107366292841762
1.818 1.5469269194775348
1.819 1.5876445311041931
1.82 1.675511660332788
1.821 1.6531781996795791
1.822 1.7571439470043064
1.823 1.775344008759277
1.824 1.5618803310186975
1.825 1.447779339515357
1.826 1.3828151375219269
1.827 1.3001104541199355
1.828 1.284216008535002
1.829 1.2687684419114809
1.83 1.3489430145203196
1.831 1.3176812673110752
1.832 1.268715044258491
1.833 1.2676421783482221
1.834 1.2003895018467863
1.835 1.234112353470235
1.836 1.3017526605377259
1.837 1.3343862346963873
1.838 1.284974144110947
1.839 1.2852219845171673
1.84 1.204214787121569
1.841 1.1879823197512036
1.842 1.10837445626661
1.843 1.0421480612639384
1.844 1.0348926556419156
1.845 1.0641524561012135
1.846 1.030968450402012
1.847 1.056233775884131
1.848 1.0488509313085812
1.849 1.0379589959811069
1.85 0.9454996398810606
1.851 0.9167179548856801
1.852 1.0292040590583977
1.853 0.9555857198995363
1.854 0.8549468007831912
1.855 0.8991583030812844
1.856 0.7691427604040638
1.857 0.7592165842637442
1.858 0.8117760060210777
1.859 0.7165577821579163
1.86 0.7167352439457751
1.861 0.6646481697218002
1.862 0.7545123318934599
1.863 0.7144703950148167
1.864 0.7358357363291438
1.865 0.7371125158634432
1.866 0.8771951237646359
1.867 0.8084642053133094
1.868 0.8483708739234874
1.869 0.7941990550744472
1.87 0.7927060139849417
1.871 0.8421287179679138
1.872 0.8229717946766071
1.873 0.8552167875084488
1.874 0.7449626913419991
1.875 0.7472790729617438
1.8760000000000001 0.7684854468960743
1.877 0.8632344649351491
1.8780000000000001 0.6978856979590506
1.879 0.6983452877381862
1.8800000000000001 0.6793707358453406
1.881 0.6732802176445298
1.8820000000000001 0.6140871849506154
1.883 0.7268640374795476
1.8840000000000001 0.6721163154955572
1.885 0.606435005721532
1.8860000000000001 0.5870147117929571
1.887 0.5707787579227899
1.8880000000000001 0.5952273753593039
1.889 0.5650242912132949
1.8900000000000001 0.5527310846677816
1.891 0.4983474837411397
1.8920000000000001 0.48189166188589244
1.893 0.48451042619756496
1.8940000000000001 0.41948062602469727
1.895 0.4173957974232568
1.8960000000000001 0.4444255496051992
1.897 0.45909266949216415
1.8980000000000001 0.3969976035514895
1.899 0.45559043454965426
1.9000000000000001 0.5151728767990312
1.901 0.5283974331810527
1.9020000000000001 0.5297401322098796
1.903 0.38922301120825936
1.9040000000000001 0.41346120832916616
1.905 0.46909405290152995
1.9060000000000001 0.4529591978047056
1.907 0.4989785295840695
1.9080000000000001 0.5058695214311617
1.909 0.605348035412004
1.9100000000000001 0.6309700696898096
1.911 0.6096326502797054
1.9120000000000001 0.6733558784190166
1.913 0.6077399811900523
1.9140000000000001 0.6270886238867629
1.915 0.46879467574921585
1.9160000000000001 0.4420428045202621
1.917 0.39563368716533304
1.9180000000000001 0.38374583369817544
1.919 0.3563402203135237
1.92 0.38578683984955603
1.921 0.3756645539551661
1.922 0.3531794515445657
1.923 0.3570593598671501
1.924 0.4291188879126092
1.925 0.5192635912460607
1.926 0.5729153271268953
1.927 0.5266914343889397
1.928 0.47859542014258016
1.929 0.4246214758228088
1.93 0.34350108736981183
1.931 0.2537519902546169
1.932 0.21901680123844755
1.933 0.3348966348223412
1.934 0.3621354363764755
1.935 0.33681328449986936
1.936 0.3744801975726254
1.937 0.35714651322212954
1.938 0.35483865120803654
1.939 0.450865294675345
1.94 0.4311038877063068
1.941 0.4987485187924721
1.942 0.4614510261378361
1.943 0.47842383471269034
1.944 0.4741285168935015
1.945 0.5158277431565534
1.946 0.5629611128075712
1.947 0.6461325973149626
1.948 0.7077141734015944
1.949 0.7053909401248595
1.95 0.7857333545826195
1.951 0.8943601941143492
1.952 0.9572676358212161
1.953 1.0266616795752443
1.954 1.0901295584856092
1.955 1.0857636308949177
1.956 1.047343105143152
1.957 1.0508075581733698
1.958 1.0288805158030392
1.959 0.9343375885384507
1.96 0.9872469013034751
1.961 0.9267741218768963
1.962 0.9062279859614821
1.963 0.9367937512550413
1.964 0.8886507381547695
1.965 0.9461746424836335
1.966 0.9742524652249949
1.967 1.0770825451415171
1.968 1.0113394575224313
1.969 0.9310787724575901
1.97 1.00219395846129
1.971 0.9883166899504525
1.972 0.9226857742929498
1.973 0.9165305811602573
1.974 0.9830530376559327
1.975 1.0698066228546683
1.976 1.1672513470117523
1.977 1.1038377061722018
1.978 1.312189455265839
1.979 1.2914476182236472
1.98 1.3223131806459254
1.981 1.3732945263314786
1.982 1.4691501362355193
1.983 1.4395774913258517
1.984 1.4283625569819953
1.985 1.3006210995358005
1.986 1.3166171497321526
1.987 1.3753335506797786
1.988 1.3900188721634696
1.989 1.4168228686928084
1.99 1.5080679206282877
1.991 1.5104299594225825
1.992 1.502647491978719
1.993 1.5041358670927107
1.994 1.5295442439583349
1.995 1.5955348561454672
1.996 1.6479382082629546
1.997 1.5747395600110752
1.998 1.4057151444720242
1.999 1.530208157657636
2.0 1.5915992625915336
2.001 1.4873139527573451
2.0020000000000002 1.5462104118952045
2.003 1.7159193222171687
2.004 1.7905229486561645
2.005 1.8436415947188414
2.0060000000000002 1.8404011100250708
2.007 1.8460395265099299
2.008 1.792942957077397
2.009 1.8066470803458228
2.0100000000000002 1.8168071544201003
2.011 1.8070806700144129
2.012 1.7695660074542163
2.013 1.7589795877066796
2.0140000000000002 1.6538422270487307
2.015 1.636053951771242
2.016 1.589110526751341
2.017 1.5665947940328606
2.0180000000000002 1.6071883283888975
2.019 1.6157688826914192
2.02 1.6755101100016903
2.021 1.5995187583714727
2.0220000000000002 1.6194833443705627
2.023 1.6690784985283411
2.024 1.6170542044751846
2.025 1.5942612721917466
2.0260000000000002 1.581694996263948
2.027 1.5291381377127422
2.028 1.5195342959786322
2.029 1.5269160500854326
2.0300000000000002 1.6155557072547773
2.031 1.6343843258296022
2.032 1.6118316884306525
2.033 1.596001350690261
2.0340000000000003 1.5816948093867145
2.035 1.611286652565231
2.036 1.636517149322439
2.037 1.6685667698250677
2.0380000000000003 1.6600901495936033
2.039 1.774409069506053
2.04 1.762156624811403
2.041 1.7547202998110591
2.0420000000000003 1.777140851665197
2.043 1.719226784967962
2.044 1.7413992265810283
2.045 1.708325680063129
2.0460000000000003 1.702552209665725
2.047 1.7654740068218284
2.048 1.7660744784474476
2.049 1.713514885222217
2.05 1.6379894591349342
2.051 1.740750408814905
2.052 1.6826226014563566
2.053 1.675078510884477
2.054 1.640003165792322
2.055 1.7050040814893375
2.056 1.7838048955061367
2.057 1.7698000772248204
2.058 1.7324755877914506
2.059 1.6868101653609435
2.06 1.6718368103771422
2.061 1.6421115071688037
2.062 1.5993551931086907
2.063 1.6545189836809866
2.064 1.634203256623906
2.065 1.5135223901907628
2.066 1.3496272415913353
2.067 1.4064542455397253
2.068 1.3165854575927662
2.069 1.253295154373255
2.07 1.2479488800485163
2.071 1.1135618018286824
2.072 1.056310027567631
2.073 0.9767041424063628
2.074 0.9721508004351749
2.075 1.0361872841197064
2.076 0.967319618693214
2.077 0.9089882295541437
2.078 0.8888128989739211
2.079 0.9300389915361673
2.08 0.9228431338962649
2.081 0.9183825861188485
2.082 0.8596446544802517
2.083 0.838706047433937
2.084 0.7831930192326353
2.085 0.7119399030017529
2.086 0.6847591484166047
2.087 0.6518264077177438
2.088 0.600471043357636
2.089 0.5536773634788517
2.09 0.566970221739293
2.091 0.5311840396679125
2.092 0.5146723009928744
2.093 0.41603029199314356
2.094 0.42813902459879416
2.095 0.39548993168806645
2.096 0.37766939395178334
2.097 0.2995770593439685
2.098 0.2180121289424245
2.099 0.27938668491641744
2.1 0.27232541376322106
2.101 0.1914153434831759
2.102 0.10311047581772347
2.103 0.11734661702471376
2.104 0.1385576857151548
2.105 0.011833051071821976
2.106 0.014243828342138685
2.107 0.06989329580088487
2.108 0.16492480437726353
2.109 0.18374843291339815
2.11 0.18528175672974165
2.111 0.3615898659070382
2.112 0.3744646853526792
2.113 0.3090906713158098
2.114 0.26643997824542265
2.115 0.29629811692323305
2.116 0.3751509928483068
2.117 0.36374159851641
2.118 0.48186661176155865
2.119 0.520710321771112
2.12 0.45341603373888806
2.121 0.44860057509416246
2.122 0.46175261999380934
2.123 0.5455502211099544
2.124 0.40443389679274416
2.125 0.4416519831723126
2.126 0.49198377337547283
2.1270000000000002 0.4757430526055276
2.128 0.5276510647502981
2.129 0.4878810383936688
2.13 0.5925257822124292
2.1310000000000002 0.6822054011357368
2.132 0.5733312549816811
2.133 0.5954082769878914
2.134 0.7886162072057403
2.1350000000000002 0.7093269035267631
2.136 0.7333735454429033
2.137 0.8176080287595413
2.138 0.8154310492838776
2.1390000000000002 0.8110764746673036
2.14 0.8599578969532057
2.141 0.8057129355869204
2.142 0.8653499655662998
2.1430000000000002 0.8976597114874709
2.144 0.9345566370643401
2.145 0.917992290494653
2.146 0.941845486562488
2.1470000000000002 0.9139954944776489
2.148 1.0357655659081955
2.149 0.9923199858830385
2.15 1.031626362154734
2.1510000000000002 1.1808738956315399
2.152 1.1656517873720849
2.153 1.1570878947371477
2.154 1.2488188264533817
2.1550000000000002 1.1687785637199684
2.156 1.1681792807199884
2.157 1.1146185878893868
2.158 1.097815999403405
2.1590000000000003 1.087821482302239
2.16 1.2043960155361288
2.161 1.2744971332704318
2.162 1.2778336190693167
2.1630000000000003 1.2448271922919616
2.164 1.3083422286899333
2.165 1.2854102573766726
2.166 1.2708995479684935
2.1670000000000003 1.2366259749739197
2.168 1.2533252621045057
2.169 1.2606557193245076
2.17 1.310392001658668
2.1710000000000003 1.2932208708087387
2.172 1.292562036722175
2.173 1.3379193769791577
2.174 1.360077997540745
2.1750000000000003 1.3654142660095787
2.176 1.3975613641027407
2.177 1.3000078236494332
2.178 1.2924346824174728
2.179 1.3201134198323166
2.18 1.274853381870449
2.181 1.2180045383844655
2.182 1.1991588958325292
2.183 1.1867536682269242
2.184 1.301950369993042
2.185 1.2698677660613302
2.186 1.2151298485888795
2.187 1.186139327939835
2.188 1.219668896216171
2.189 1.2505942112476034
2.19 1.2007047214233766
2.191 1.0888131705531439
2.192 1.1442897670015104
2.193 1.135419234528202
2.194 1.108902333594418
2.195 1.138019234944174
2.196 1.059384395701405
2.197 1.0956549842151795
2.198 1.0006571852476853
2.199 0.9417523682879965
2.2 0.8411352976722545
2.201 0.8906562433987548
2.202 0.8442225452494642
2.203 0.9013578021626821
2.204 0.8713782761956551
2.205 0.9000687906264497
2.206 0.9743060911340714
2.207 0.9947190279546184
2.208 1.0139130869005024
2.209 1.045878125712341
2.21 0.9866018222386413
2.211 0.9400339728925059
2.212 0.9067410691501533
2.213 0.9256023115209346
2.214 0.9282395804928626
2.215 0.9960955202972147
2.216 1.0066172595953942
2.217 1.0671795070782495
2.218 1.085721974772762
2.219 1.0792774449711544
2.22 1.0057013621378113
2.221 1.091549069050761
2.222 1.1073749803334736
2.223 1.0307435164693086
2.224 1.0305904787211146
2.225 1.0086476554500685
2.226 0.93210486897254
2.227 0.9626907476115196
2.228 0.8512498557902092
2.229 0.8252866909205152
2.23 0.853621637662865
2.231 0.8395308076641074
2.232 0.807237938866749
2.233 0.7921846376500918
2.234 0.7054308937892437
2.235 0.7030944194927555
2.236 0.7737436051829206
2.237 0.7535614303342857
2.238 0.7777513909919183
2.239 0.7299935530054853
2.24 0.7016519280878263
2.241 0.7216357713955697
2.242 0.906177964370735
2.243 0.8807245452950736
2.244 0.8275314057243374
2.245 0.8761020067314337
2.246 0.9312544427774968
2.247 0.9219216259261404
2.248 0.9416661147588109
2.249 1.011885674968561
2.25 0.915247507334674
2.251 0.9575930326685003
2.2520000000000002 0.966820274760372
2.253 0.8535759848468356
2.254 0.8547000243856206
2.255 0.805380567950613
2.2560000000000002 0.8098325825406333
2.257 0.8174010225557261
2.258 0.7493740312542321
2.259 0.7326584676053971
2.2600000000000002 0.7409631631225364
2.261 0.6823454809050317
2.262 0.6614231002261844
2.263 0.7099021656663449
2.2640000000000002 0.7125494615458806
2.265 0.6604311805744576
2.266 0.7064703353478536
2.267 0.7717869959554399
2.2680000000000002 0.7640402102629427
2.269 0.9304283298014759
2.27 0.9840340287025958
2.271 0.9243555442209953
2.2720000000000002 0.9156035893343257
2.273 0.8532925769009547
2.274 0.82017538062182
2.275 0.7712018385819963
2.2760000000000002 0.7580232113334531
2.277 0.7123633529858334
2.278 0.7461778308511957
2.279 0.7757168281283326
2.2800000000000002 0.7610958297565596
2.281 0.8765557097705605
2.282 0.8127047074437261
2.283 0.8255806507264553
2.2840000000000003 0.8417886425952257
2.285 0.8177662900699711
2.286 0.8016029728390284
2.287 0.871165137842346
2.2880000000000003 0.8735631165468339
2.289 0.9405610661597394
2.29 0.9391249561144736
2.291 0.8918110449823013
2.2920000000000003 0.8745154565406867
2.293 0.8916556356881208
2.294 0.905836516983571
2.295 0.9855733187974522
2.2960000000000003 0.9605207961779665
2.297 1.0179878900158463
2.298 1.037376508473396
2.299 1.2118551027494924
2.3000000000000003 1.2411549109990994
2.301 1.2757013673185702
2.302 1.266281561985302
2.303 1.2409789604381858
2.3040000000000003 1.111718356765389
2.305 1.0625522929507365
2.306 1.018533639987299
2.307 0.9182756652793609
2.308 0.9640927169159323
2.309 0.8039294947389275
2.31 0.8900163924065676
2.311 0.8617975491031669
2.312 0.8457769877785866
2.313 0.8513386239576949
2.314 0.8937804101699951
2.315 0.8117300500408968
2.316 0.8437524869063097
2.317 0.855314424615499
2.318 0.8708272418273968
2.319 0.8444470488710835
2.32 0.7822004417632147
2.321 0.7797179918412707
2.322 0.8381761545163684
2.323 0.7947855931600321
2.324 0.8427445686655057
2.325 0.8149860333993457
2.326 0.8007207150496403
2.327 0.6625984000095051
2.328 0.763731451638441
2.329 0.7923108961518279
2.33 0.8330318150971581
2.331 0.8783851645795338
2.332 0.8460658754269534
2.333 0.839495386450822
2.334 0.8075316451871282
2.335 0.7986641729249071
2.336 0.779763649368384
2.337 0.7327932502507237
2.338 0.7330272871459264
2.339 0.7089302921387982
2.34 0.7307775119181857
2.341 0.7711273391283457
2.342 0.8055723288355443
2.343 0.7944148270120436
2.344 0.7303086315450429
2.345 0.6894000067359081
2.346 0.6538959182411814
2.347 0.5254658798445585
2.348 0.5027045859983585
2.349 0.5960712103168353
2.35 0.5021325584467252
2.351 0.4421954626655848
2.352 0.4398279079012657
2.353 0.3847947447097785
2.354 0.362743407919675
2.355 0.42879130513157526
2.356 0.38253052247190045
2.357 0.28464240302729055
2.358 0.34757450920533434
2.359 0.3913991835430245
2.36 0.5160641159289225
2.361 0.5014141056260597
2.362 0.40978887577724205
2.363 0.5309184121401115
2.364 0.5090439583528223
2.365 0.42758367185182167
2.366 0.5080627218741486
2.367 0.5402371635206418
2.368 0.5909606514424492
2.369 0.6092772416981763
2.37 0.5910840899259062
2.371 0.5626603773718314
2.372 0.5686343710388119
2.373 0.5729787015841644
2.374 0.6317704163960223
2.375 0.5986986436697493
2.376 0.6479242076060654
2.3770000000000002 0.681073750019893
2.378 0.623650533388663
2.379 0.6389390399206764
2.38 0.5632784330198565
2.3810000000000002 0.656725508690459
2.382 0.649487488929393
2.383 0.762373215808294
2.384 0.721273450137744
2.3850000000000002 0.64275415655546
2.386 0.6490647417523655
2.387 0.6916473278315132
2.388 0.6450502168324774
2.3890000000000002 0.6635405701537913
2.39 0.5844189987067839
2.391 0.6413404619614469
2.392 0.5623612359986419
2.3930000000000002 0.5630829710492419
2.394 0.6518098009649742
2.395 0.616431942130602
2.396 0.6497500915879197
2.3970000000000002 0.6556944229720422
2.398 0.6777158365522197
2.399 0.611140968885656
2.4 0.6060057459635199
2.4010000000000002 0.6934578618361646
2.402 0.6842787131090213
2.403 0.6510400740943747
2.404 0.5319949099810595
2.4050000000000002 0.5511586534964371
2.406 0.4789518547680456
2.407 0.4493448241409631
2.408 0.45679975918466326
2.4090000000000003 0.5554241695212233
2.41 0.5883055073665322
2.411 0.677456781402208
2.412 0.6428775440058858
2.4130000000000003 0.5344941175401962
2.414 0.6343239443562998
2.415 0.5626625440954418
2.416 0.5109708376537374
2.4170000000000003 0.5186224243613592
2.418 0.5220289275638532
2.419 0.5927484011936844
2.42 0.6371547005458681
2.4210000000000003 0.7018966982029777
2.422 0.6879687600622749
2.423 0.8548055899463203
2.424 0.9043664208830281
2.4250000000000003 0.8396219900097086
2.426 0.853937690620473
2.427 0.865023692222534
2.428 0.7845492615416847
2.4290000000000003 0.8188661921679287
2.43 0.7262454119012441
2.431 0.7434790992124123
2.432 0.7263463486210096
2.433 0.8125088717547443
2.434 0.8382792651310209
2.435 0.9402363151357329
2.436 0.957833460820075
2.437 0.9254343429661105
2.438 0.9245307519515423
2.439 0.8488942486271168
2.44 0.8702996955653357
2.441 0.8746834673199284
2.442 0.835347711410128
2.443 0.7976537725306353
2.444 0.7813212159783762
2.445 0.8054741373044219
2.446 0.7212028843280812
2.447 0.734797639143658
2.448 0.7671785761540152
2.449 0.7381596450364014
2.45 0.8633731896584219
2.451 0.9111985431818969
2.452 0.8644381271880632
2.453 0.9053078343761563
2.454 0.8118617628628778
2.455 0.7444142302917269
2.456 0.7323538222477345
2.457 0.6443175413140504
2.458 0.6238842319449378
2.459 0.5284429003298687
2.46 0.4827299355015589
2.461 0.558026569752447
2.462 0.5689993077823994
2.463 0.6475362121170656
2.464 0.629528932140574
2.465 0.46562273771801954
2.466 0.5207981055280408
2.467 0.5032758982822026
2.468 0.45085323494448803
2.469 0.4119949539760287
2.47 0.3646886640743915
2.471 0.2578578368755011
2.472 0.36312708647647446
2.473 0.35078038430316566
2.474 0.4316929530561239
2.475 0.45218228583413517
2.476 0.5916038391782739
2.477 0.5740392959328715
2.478 0.47057717591922976
2.479 0.4213967267723548
2.48 0.31073054615586776
2.481 0.3249743741324107
2.482 0.3159816331476112
2.483 0.3689404043864132
2.484 0.3565201389717179
2.485 0.34455425337796786
2.486 0.44710819480445696
2.487 0.5122104243513396
2.488 0.593110631450124
2.489 0.6242197093571565
2.49 0.7200315777182185
2.491 0.7711989056434214
2.492 0.7243513893139576
2.493 0.8059994651796679
2.494 0.8320925192535564
2.495 0.8853680313808281
2.496 0.9169861760445304
2.497 0.9845477745792774
2.498 0.9777075080690802
2.499 0.9508321821007222
2.5 0.9640325067531629
2.501 0.9358999736662877
2.5020000000000002 0.895920591845662
2.503 0.9243893125738164
2.504 0.9516122895952284
2.505 0.8897225375852067
2.5060000000000002 0.861833525038259
2.507 0.8277015081471181
2.508 0.8251988643690293
2.509 0.7605868360777118
2.5100000000000002 0.7967396848897075
2.511 0.8305897541109396
2.512 0.8069119473554327
2.513 0.8158093817050166
2.5140000000000002 0.8130428241005522
2.515 0.8285577478174312
2.516 0.9091290076881406
2.517 0.9262083770958991
2.5180000000000002 0.9206657285388705
2.519 0.8846451987997781
2.52 0.9182314128638263
2.521 0.8810059066255914
2.5220000000000002 0.9987861766714439
2.523 0.9686434195807033
2.524 0.8832333732244118
2.525 0.7698663528668284
2.5260000000000002 0.8344035596303296
2.527 0.8060785621246312
2.528 0.7891715760535202
2.529 0.8609501136675053
2.5300000000000002 0.8044760135312137
2.531 0.8579504475334192
2.532 0.8065912501610842
2.533 0.7410091601521552
2.5340000000000003 0.7582477541920716
2.535 0.8162900032527352
2.536 0.8639929297524729
2.537 0.845528750112234
2.5380000000000003 0.8984059340555828
2.539 0.8438527159158281
2.54 0.8144165777709138
2.541 0.8505042840153908
2.5420000000000003 0.9139167179777982
2.543 0.8800085157196147
2.544 0.8945443838847977
2.545 0.8371543910027301
2.5460000000000003 0.7459257318647362
2.547 0.8233931440679683
2.548 0.8258120289977028
2.549 0.8183879078990652
2.5500000000000003 0.7764272985721205
