0.0 -0.5290440605753168
0.001 -0.40704252102848143
0.002 -0.40181792052515974
0.003 -0.25312462405603664
0.004 -0.2730172454114407
0.005 -0.2866783760781137
0.006 -0.3144898963501553
0.007 -0.4228773665853113
0.008 -0.29575823090962294
0.009000000000000001 -0.3160067581778917
0.01 -0.3221964131086049
0.011 -0.2973444949348254
0.012 -0.34249536524586793
0.013000000000000001 -0.3611142536692942
0.014 -0.30316450700914327
0.015 -0.33011935441394613
0.016 -0.3589753629426729
0.017 -0.3553413356547513
0.018000000000000002 -0.3781372126538674
0.019 -0.3599320609349596
0.02 -0.28616913475388306
0.021 -0.2142801380672502
0.022 -0.2468774533188329
0.023 -0.2600583777236638
0.024 -0.19806912047011055
0.025 -0.25711224054948256
0.026000000000000002 -0.2644200335181976
0.027 -0.38969161152454135
0.028 -0.3950520700297435
0.029 -0.4764233732190449
0.03 -0.5550875690670088
0.031 -0.6051655035529006
0.032 -0.6117331442606851
0.033 -0.6721228892042899
0.034 -0.6538873100171866
0.035 -0.7416242474662843
0.036000000000000004 -0.7876147018632923
0.037 -0.6803746040469307
0.038 -0.7762206152578393
0.039 -0.6198486911825878
0.04 -0.7748557022280437
0.041 -0.7660895248969313
0.042 -0.75998195683542
0.043000000000000003 -0.699127770553791
0.044 -0.6509328953936917
0.045 -0.6869953288153651
0.046 -0.6690738654715114
0.047 -0.6789736557580177
0.048 -0.596748080983473
0.049 -0.5012661369630365
0.05 -0.5632352328114877
0.051000000000000004 -0.5725578319356275
0.052000000000000005 -0.608706754735427
0.053 -0.5262259907940512
0.054 -0.49065479609877277
0.055 -0.494887896303723
0.056 -0.43805272218673497
0.057 -0.6181665079423049
0.058 -0.5963398126880913
0.059000000000000004 -0.5857368571245732
0.06 -0.6688727187236758
0.061 -0.7738208131090202
0.062 -0.6984693758191471
0.063 -0.747625308065119
0.064 -0.6949182470481572
0.065 -0.8356955354017637
0.066 -0.8683863353556496
0.067 -0.850063252726879
0.068 -0.928356381075914
0.069 -0.8985060445620884
0.07 -0.8492107090597538
0.07100000000000001 -0.8347371750592346
0.07200000000000001 -0.9214593280721128
0.073 -0.8535337807798723
0.074 -0.9200783881515625
0.075 -0.8314425109589355
0.076 -0.7171249524941297
0.077 -0.7354996785004647
0.078 -0.8124942442388106
0.079 -0.7969352521804759
0.08 -0.8549678843129729
0.081 -0.8133985247305765
0.082 -0.8630744219222122
0.083 -0.8606365077963307
0.084 -0.8932633804701339
0.085 -0.8015953882135644
0.08600000000000001 -0.7335029361777469
0.08700000000000001 -0.6771255284618276
0.088 -0.6280070803319763
0.089 -0.6220569046219608
0.09 -0.6315097001078833
0.091 -0.6009838844737247
0.092 -0.4907999013727756
0.093 -0.4345980793043183
0.094 -0.4073292343759346
0.095 -0.4035173699992865
0.096 -0.42453198047724694
0.097 -0.36739293817356694
0.098 -0.3518948233124013
0.099 -0.2758016151723018
0.1 -0.21880163580930817
0.101 -0.2191672112485466
0.10200000000000001 -0.36235688028464663
0.10300000000000001 -0.29085947194734074
0.10400000000000001 -0.33509804030980617
0.105 -0.25896228046183484
0.106 -0.30419231630978094
0.107 -0.1525889350153112
0.108 -0.19388999132442378
0.109 -0.1108913619469947
0.11 -0.14140020584707066
0.111 -0.08732545724842315
0.112 -0.10895460773678631
0.113 -0.15247483500827105
0.114 -0.0839679069769608
0.115 -0.1053805199178035
0.116 0.04961307930014608
0.117 0.086074259951717
0.11800000000000001 -0.028694028895420762
0.11900000000000001 -0.04702192064959696
0.12 -0.1203100872070488
0.121 -0.13364320935051266
0.122 -0.10958463638270668
0.123 0.016394218449143932
0.124 -0.049006638782237974
0.125 -0.030021995229390464
0.126 -0.11945448580093451
0.127 -0.023284414790669394
0.128 0.04495743644837759
0.129 0.12011551094461588
0.13 0.09996150114594166
0.131 0.1928875767963366
0.132 0.18894264012911932
0.133 0.1449803685126165
0.134 0.10239061463505626
0.135 0.04963560126791977
0.136 -0.021536726094485578
0.137 -0.07847964599755666
0.138 -0.15161565176776237
0.139 -0.13333569918028176
0.14 -0.021723051631956536
0.14100000000000001 -0.07534766919718992
0.14200000000000002 0.02395139198464903
0.14300000000000002 0.01874638946243038
0.14400000000000002 0.03247489687947175
0.145 0.10953936840313358
0.146 0.026094871974491354
0.147 0.032966014970760175
0.148 0.011909729050353045
0.149 -0.00631133342293275
0.15 -0.11753681786539759
0.151 -0.13614351425111682
0.152 -0.06276614400212635
0.153 -0.073252514326845
0.154 -0.08753176891104028
0.155 -0.08927575044798455
0.156 -0.07704322813307912
0.157 0.003753721590343123
0.158 0.0076668037941791745
0.159 0.009428236681890552
0.16 -0.042340598172290626
0.161 0.06738724534321255
0.162 0.014386989100001364
0.163 0.0580682689598183
0.164 -0.0004746938668949985
0.165 -0.017233099648270456
0.166 -0.004688284211906339
0.167 0.059933081648593914
0.168 -0.014964435254938416
0.169 0.04882599252740728
0.17 0.054984157916990024
0.171 0.08643102172053085
0.17200000000000001 0.10707356122971116
0.17300000000000001 0.13444256244078331
0.17400000000000002 0.02677506211912148
0.17500000000000002 -0.02916239030672039
0.176 -0.10473846107251614
0.177 -0.2136079583986938
0.178 -0.09494925811591315
0.179 -0.01336988877675449
0.18 0.024769883658508123
0.181 -0.0697967491855497
0.182 -0.15332632543873176
0.183 -0.11321774199729032
0.184 -0.13182506385568069
0.185 -0.06202568002536081
0.186 -0.12080807686971376
0.187 -0.06936475905549258
0.188 -0.14573081270754962
0.189 -0.20515990908303527
0.19 -0.23860578025308582
0.191 -0.24790095742024165
0.192 -0.4049439993232129
0.193 -0.32016281685686404
0.194 -0.3305230589417398
0.195 -0.28576489622465134
0.196 -0.3573335427205082
0.197 -0.421724657979202
0.198 -0.36534433943633887
0.199 -0.390518344862954
0.2 -0.4577885719993794
0.201 -0.4961584030276797
0.202 -0.5481407186975755
0.203 -0.5549778900487862
0.20400000000000001 -0.5582609730131198
0.20500000000000002 -0.5952657679492693
0.20600000000000002 -0.6331568379258308
0.20700000000000002 -0.6398121982283569
0.20800000000000002 -0.7585130540000875
0.209 -0.7264529393068413
0.21 -0.7949717407242591
0.211 -0.8813108344048025
0.212 -0.8501497162249932
0.213 -0.8735073283485054
0.214 -0.8280887985072704
0.215 -0.8164242738503368
0.216 -0.8431177337124975
0.217 -0.8326217612343572
0.218 -0.8278522846516737
0.219 -0.8769693505282243
0.22 -0.8355109760809767
0.221 -0.9497874489806573
0.222 -0.9073822906944382
0.223 -0.7889496878727231
0.224 -0.7174490343875157
0.225 -0.7523144958663751
0.226 -0.7412054948606178
0.227 -0.7629724937013446
0.228 -0.7260650044215438
0.229 -0.7250908636272472
0.23 -0.5453123374504358
0.231 -0.5032187276648721
0.232 -0.6195880360274653
0.233 -0.6023870142759461
0.234 -0.6053961419912164
0.23500000000000001 -0.6840630560173047
0.23600000000000002 -0.6591394387704544
0.23700000000000002 -0.7128283120161469
0.23800000000000002 -0.75076531570087
0.23900000000000002 -0.8347966731001267
0.24 -0.7747950837259086
0.241 -0.8567690000592088
0.242 -0.851685738499199
0.243 -0.828886571756131
0.244 -0.8208144505442351
0.245 -0.8023263071672873
0.246 -0.8252948937896901
0.247 -0.8422904203611404
0.248 -0.8676066896672029
0.249 -0.8503314215097828
0.25 -0.8554437353528348
0.251 -0.8864283378951165
0.252 -0.8287112921644398
0.253 -0.8167794775427947
0.254 -0.8160509829849001
0.255 -0.8240260798447863
0.256 -0.9246389774423555
0.257 -0.9228658648194493
0.258 -0.9603120169487244
0.259 -1.005892987720663
0.26 -1.1323823050842456
0.261 -1.1654151928171896
0.262 -1.1839843319765664
0.263 -1.0889879836362855
0.264 -1.072086269740582
0.265 -1.0438221695016612
0.266 -1.1660266819521508
0.267 -1.1409731088837698
0.268 -1.1740542266261456
0.269 -1.1117409873850637
0.27 -1.1096897164216104
0.271 -1.0822825632715949
0.272 -1.0110105366273971
0.273 -0.9762146119005871
0.274 -0.8839093392490828
0.275 -0.8424776658503353
0.276 -0.8634340196458882
0.277 -0.8924873001498623
0.278 -0.8184792627447202
0.279 -0.8442727089954803
0.28 -0.8667781669344524
0.281 -0.8662970602356381
0.28200000000000003 -1.0791291760532362
0.28300000000000003 -1.0761554866012624
0.28400000000000003 -1.0295413763476646
0.28500000000000003 -1.0134803907705119
0.28600000000000003 -0.8715800845246175
0.28700000000000003 -0.7535604280641454
0.28800000000000003 -0.7043296927887625
0.289 -0.6073318848469079
0.29 -0.7092897188455366
0.291 -0.7251146433158224
0.292 -0.6957562000238378
0.293 -0.6065599857406547
0.294 -0.6537038803621121
0.295 -0.6278667946883046
0.296 -0.5357938115506262
0.297 -0.45218269934516153
0.298 -0.35387368645602774
0.299 -0.3092920151686309
0.3 -0.30965613021245564
0.301 -0.23140347016833637
0.302 -0.2755735771101626
0.303 -0.23402543497240097
0.304 -0.11823773241316043
0.305 -0.09014630084502204
0.306 -0.12909282574750686
0.307 -0.10870606799124383
0.308 -0.19756344460303155
0.309 -0.07911437492947473
0.31 -0.08139975218030475
0.311 -0.1598121904532624
0.312 -0.09544789075910237
0.313 0.037208465515157246
0.314 0.013175100567000733
0.315 -0.005467395659897831
0.316 0.004368572339595193
0.317 -0.08484882521064252
0.318 -0.08784446881537358
0.319 -0.14467678095473943
0.32 -0.18280942043466147
0.321 -0.2696216070740283
0.322 -0.322935185636788
0.323 -0.36571903486097024
0.324 -0.40414946305285293
0.325 -0.4414732478466437
0.326 -0.4495821197656113
0.327 -0.41863570128232236
0.328 -0.5046742235885764
0.329 -0.5768651751381113
0.33 -0.4951422010552755
0.331 -0.5160780326762627
0.332 -0.4706423462578205
0.333 -0.4638129555109062
0.334 -0.37748501274018936
0.335 -0.3262213580183032
0.336 -0.2971180575534328
0.337 -0.1963128096718954
0.338 -0.06375057131864048
0.339 -0.1801999779084259
0.34 -0.24573981509662957
0.341 -0.1713593041067648
0.342 -0.09304522159262808
0.343 -0.14926709166738258
0.34400000000000003 -0.1897175799374703
0.34500000000000003 -0.24956574718656085
0.34600000000000003 -0.2975322486719365
0.34700000000000003 -0.30025117975469845
0.34800000000000003 -0.325773567108158
0.34900000000000003 -0.4082631008067479
0.35000000000000003 -0.3640183406636401
0.35100000000000003 -0.33866174057565274
0.352 -0.2804757432064885
0.353 -0.1994020601779083
0.354 -0.12639328012838613
0.355 -0.09913172085906052
0.356 -0.07758016267037508
0.357 -0.04201387244273546
0.358 -0.1308012267761436
0.359 -0.08381099217941256
0.36 -0.09638702000527151
0.361 -0.03186403691071381
0.362 -0.02370133783596682
0.363 -0.012273509174272699
0.364 0.006781054548663741
0.365 -0.03454146879530308
0.366 -0.0773945869577966
0.367 0.04513123347148522
0.368 0.05038810580981706
0.369 0.11684324208576977
0.37 0.0929099334490503
0.371 0.12053342002613833
0.372 0.1377220972720569
0.373 0.2880903508720031
0.374 0.33046007885075035
0.375 0.3335827327719637
0.376 0.33467560922529355
0.377 0.3439227984596688
0.378 0.44685862107279806
0.379 0.4844252404068541
0.38 0.3935322301675642
0.381 0.35577925580035474
0.382 0.27701491098266645
0.383 0.18887753974344534
0.384 0.1270480993453931
0.385 0.08869379769629036
0.386 0.1503988344081468
0.387 0.19632107044817998
0.388 0.1489446080497427
0.389 0.19820713994661127
0.39 0.26266166360271187
0.391 0.26563341132629176
0.392 0.37061455045433145
0.393 0.37969253724245905
0.394 0.4574609304429852
0.395 0.38908670841782667
0.396 0.3617789145798138
0.397 0.4418461917060373
0.398 0.4840654951850235
0.399 0.4482201771956022
0.4 0.36938058723147554
0.401 0.37159234781919215
0.402 0.3881253568649532
0.403 0.4697633395383445
0.404 0.49398105290617556
0.405 0.4841567667391967
0.406 0.4182252723577499
0.40700000000000003 0.5174688281706447
0.40800000000000003 0.5591654741991225
0.40900000000000003 0.5347959990628077
0.41000000000000003 0.4147338902698486
0.41100000000000003 0.36201474563658764
0.41200000000000003 0.49491904105452217
0.41300000000000003 0.5873846821796086
0.41400000000000003 0.7221497038614607
0.41500000000000004 0.6706228504928979
0.41600000000000004 0.6476644050014082
0.417 0.6238069130880247
0.418 0.5594642389574782
0.419 0.5600914830826481
0.42 0.5440142354585822
0.421 0.548768733948833
0.422 0.529088215204705
0.423 0.47509729598027195
0.424 0.5228160354511677
0.425 0.5504836864091163
0.426 0.5810482980842464
0.427 0.5659516785096743
0.428 0.5585112430499677
0.429 0.6669597254685271
0.43 0.6979551554495864
0.431 0.7426782150604461
0.432 0.6696577238976381
0.433 0.7092276440476575
0.434 0.7056245491143425
0.435 0.7630541813602799
0.436 0.7316585041956469
0.437 0.7311857774160545
0.438 0.7328417626641968
0.439 0.6958657255998448
0.44 0.5951752855905867
0.441 0.5981742771258407
0.442 0.5906107395010333
0.443 0.5544414975115544
0.444 0.48180675093685355
0.445 0.5114130863331582
0.446 0.49610181765930483
0.447 0.46636031709095105
0.448 0.444645529407501
0.449 0.5044428044042135
0.45 0.5018481702712028
0.451 0.5573935840898742
0.452 0.4774775253522928
0.453 0.4851366100204923
0.454 0.479208615944859
0.455 0.4500634727515142
0.456 0.4632763106750656
0.457 0.4108285481588596
0.458 0.46640493305523406
0.459 0.46429064352645005
0.46 0.34150264105107336
0.461 0.4137921372935486
0.462 0.49836849466138156
0.463 0.5538504201103477
0.464 0.5942506966533965
0.465 0.5210487746479296
0.466 0.463175359301249
0.467 0.5567524796305074
0.468 0.6406144497905392
0.46900000000000003 0.5229957035681919
0.47000000000000003 0.49826729864768377
0.47100000000000003 0.47854258871560135
0.47200000000000003 0.40528605151854324
0.47300000000000003 0.2877836671964041
0.47400000000000003 0.2473014274692224
0.47500000000000003 0.3083480645993546
0.47600000000000003 0.3608281698832215
0.47700000000000004 0.2622179921895885
0.47800000000000004 0.22234703080419005
0.47900000000000004 0.2313319910378602
0.48 0.2396741997677983
0.481 0.3075439723279372
0.482 0.33669220764354457
0.483 0.37496565482438804
0.484 0.35745079122895385
0.485 0.33472677759815284
0.486 0.32388469264860303
0.487 0.22329588868552624
0.488 0.23007475839984295
0.489 0.21494509391643868
0.49 0.1543686831976787
0.491 0.19103900492544904
0.492 0.1609885197005096
0.493 0.02668772049325585
0.494 0.0333029682595463
0.495 -0.07904672917111402
0.496 -0.008037682809689209
0.497 -0.016845810913743157
0.498 -0.19319304214045988
0.499 -0.21273118870625876
0.5 -0.14429352636483778
0.501 -0.21843583519890836
0.502 -0.24803439343717906
0.503 -0.31009316555714517
0.504 -0.28189570547539156
0.505 -0.19298535844203146
0.506 -0.2648284212342876
0.507 -0.4086015760919208
0.508 -0.5053392705201857
0.509 -0.6006474535460677
0.51 -0.667682952528427
0.511 -0.5744261481858994
0.512 -0.6690696428400835
0.513 -0.599059519303098
0.514 -0.6384720584870476
0.515 -0.7101845855605284
0.516 -0.6404091251349908
0.517 -0.6319935339466914
0.518 -0.6183638605844471
0.519 -0.5619135804225889
0.52 -0.6261849711491058
0.521 -0.6350485312425336
0.522 -0.5131773147243089
0.523 -0.553765476522907
0.524 -0.5473828935422536
0.525 -0.5420455828536253
0.526 -0.5034213996447512
0.527 -0.47252425204251985
0.528 -0.5327998029371586
0.529 -0.5082820969381808
0.53 -0.5613445696734325
0.531 -0.5452793316260944
0.532 -0.5322484228141863
0.533 -0.5440243464904496
0.534 -0.5446403558474487
0.535 -0.5725901314399733
0.536 -0.5908891408997805
0.537 -0.5730185387716638
0.538 -0.6403485869027638
0.539 -0.7820063136156437
0.54 -0.7850982004491474
0.541 -0.8374983358967738
0.542 -0.8065116967777276
0.543 -0.6410477651363717
0.544 -0.6286464309472536
0.545 -0.6433533631301568
0.546 -0.6963996432359905
0.547 -0.5873484693099532
0.548 -0.5620386368548183
0.549 -0.6524652710065433
0.55 -0.6262116043025747
0.551 -0.5549464503122774
0.552 -0.69149874786769
0.553 -0.729490525513353
0.554 -0.7875905111702962
0.555 -0.7349116220032983
0.556 -0.8480486161306234
0.557 -0.8958621339335504
0.558 -0.8129593190145279
0.559 -0.7753181860560452
0.56 -0.7339595863777035
0.561 -0.6955137373026141
0.562 -0.6069626695507686
0.5630000000000001 -0.6926850044361572
0.5640000000000001 -0.6426836437100691
0.5650000000000001 -0.6406014972514414
0.5660000000000001 -0.7331884849408304
0.5670000000000001 -0.8029354120863003
0.5680000000000001 -0.8211222207965512
0.5690000000000001 -0.8412976864183163
0.5700000000000001 -0.9182960081252936
0.5710000000000001 -0.8469997285177051
0.5720000000000001 -0.8605281318812085
0.5730000000000001 -1.0167606237539717
0.5740000000000001 -1.0683162900889214
0.5750000000000001 -1.013363185969789
0.5760000000000001 -1.008477581274103
0.577 -1.0193214244438655
0.578 -1.0828577304701468
0.579 -1.054735931994165
0.58 -0.966281365585021
0.581 -0.8386734652935764
0.582 -0.8641744804958643
0.583 -0.7715801772380407
0.584 -0.8418350899581021
0.585 -0.9107291454512532
0.586 -0.9367845009685135
0.587 -1.0071545223821763
0.588 -1.040201443225949
0.589 -1.064536311408541
0.59 -1.1167623656262824
0.591 -1.024505123381214
0.592 -1.0222248910409422
0.593 -1.1028833106226248
0.594 -1.2084914424186641
0.595 -1.2361494126656098
0.596 -1.1807327667443428
0.597 -1.2359983153854657
0.598 -1.1749448896589567
0.599 -1.2472222366283199
0.6 -1.282217723974444
0.601 -1.2787447732151025
0.602 -1.2985130235666698
0.603 -1.1415850690203868
0.604 -1.1419434708914948
0.605 -1.1771265191424167
0.606 -1.2260469400986589
0.607 -1.2722187658238546
0.608 -1.3238204520474088
0.609 -1.2945150064704456
0.61 -1.2860736828468822
0.611 -1.2083129315653263
0.612 -1.0541624704522279
0.613 -0.9666533689522455
0.614 -0.9253514348099886
0.615 -0.9802021119127355
0.616 -1.0470527473051026
0.617 -0.9913596111946594
0.618 -0.9702761146104928
0.619 -1.0468196155503917
0.62 -1.1217787105754653
0.621 -1.0648271691323334
0.622 -1.0828961894843177
0.623 -1.101116387293247
0.624 -1.15563778404257
0.625 -1.2485858185184
0.626 -1.2657918756115494
0.627 -1.3652315745625978
0.628 -1.3341470858889384
0.629 -1.3856614029901235
0.63 -1.3902184918559437
0.631 -1.312637313983057
0.632 -1.3195586509716524
0.633 -1.350123725407408
0.634 -1.3227689567350078
0.635 -1.210931064177867
0.636 -1.237412591168751
0.637 -1.254975119794803
0.638 -1.3223413644981612
0.639 -1.3738593639969852
0.64 -1.3692720223614492
0.641 -1.3438627615511123
0.642 -1.2826473543504295
0.643 -1.23517962108557
0.644 -1.1836192543791844
0.645 -1.2484590920740528
0.646 -1.2428062741348485
0.647 -1.1678185484784551
0.648 -1.242787852425926
0.649 -1.3387886133011992
0.65 -1.3442781070906635
0.651 -1.3516899655849497
0.652 -1.3421031211776189
0.653 -1.255335773671014
0.654 -1.2385331106012627
0.655 -1.2108362137600035
0.656 -1.2092225069314626
0.657 -1.2105892452223985
0.658 -1.2540211519184488
0.659 -1.2740715998136154
0.66 -1.3357253421239936
0.661 -1.2154023050079137
0.662 -1.1056048239449738
0.663 -1.0943720010313585
0.664 -1.066929387542337
0.665 -1.1274029986660707
0.666 -1.026541554056044
0.667 -1.1062838966162682
0.668 -1.1434241028828844
0.669 -1.1388421254491083
0.67 -1.0181079944050009
0.671 -1.0902851356389824
0.672 -1.1736930723170866
0.673 -1.1799109623702306
0.674 -1.1161867001505958
0.675 -1.1185199628291502
0.676 -1.2314896603542893
0.677 -1.232324650565546
0.678 -1.1959610545645305
0.679 -1.2364493075155012
0.68 -1.2843481930596732
0.681 -1.3025906885379266
0.682 -1.3288349490076825
0.683 -1.2421298783452566
0.684 -1.14450887505249
0.685 -1.0898063920900485
0.686 -1.0463627882744497
0.687 -0.9767033087056332
0.6880000000000001 -1.0290747700984717
0.6890000000000001 -1.0028280368658036
0.6900000000000001 -0.9722229286442686
0.6910000000000001 -0.9901541878226241
0.6920000000000001 -1.0644223636558372
0.6930000000000001 -1.0540720921001836
0.6940000000000001 -1.1178482807174603
0.6950000000000001 -1.0961051879533745
0.6960000000000001 -1.0995714190814634
0.6970000000000001 -1.0333435915869047
0.6980000000000001 -1.0582449693243279
0.6990000000000001 -1.07970951592937
0.7000000000000001 -1.10625195629375
0.7010000000000001 -1.1639393401662048
0.7020000000000001 -1.2155951771036912
0.7030000000000001 -1.1173281167593316
0.704 -1.1648490144754058
0.705 -1.1485082252547225
0.706 -1.1830889436697847
0.707 -1.1384731264818226
0.708 -1.2009305964581782
0.709 -1.1505915934027897
0.71 -1.0948239709041494
0.711 -1.0922800515356843
0.712 -1.0989986114828543
0.713 -1.0920436955170287
0.714 -1.1206769728280825
0.715 -1.2650299315410098
0.716 -1.3255669756958741
0.717 -1.317550432378145
0.718 -1.3620930441855144
0.719 -1.3770898175757678
0.72 -1.3744731906930352
0.721 -1.3594023722281143
0.722 -1.4147195182806689
0.723 -1.2995849585041581
0.724 -1.209736336474259
0.725 -1.2534483952861313
0.726 -1.1688893643983342
0.727 -1.171755846555831
0.728 -1.1079860120460405
0.729 -1.0757975628405434
0.73 -1.0981666200053164
0.731 -1.1375291688495517
0.732 -1.157116724130832
0.733 -1.2937411377030057
0.734 -1.3540030303753314
0.735 -1.3257360029082437
0.736 -1.4258555984987997
0.737 -1.4051198566122958
0.738 -1.342609294300855
0.739 -1.3693306473121687
0.74 -1.389165445834417
0.741 -1.333163721078747
0.742 -1.3623847872450883
0.743 -1.3623115232154217
0.744 -1.404240644159309
0.745 -1.4149756679743646
0.746 -1.330536031840804
0.747 -1.32721749422228
0.748 -1.372774349261665
0.749 -1.4330477834920785
0.75 -1.3241443367375991
0.751 -1.3124003236735555
0.752 -1.3778653844041104
0.753 -1.4361707048247727
0.754 -1.4118996324636988
0.755 -1.4087610073118964
0.756 -1.418345992558729
0.757 -1.2942933680998354
0.758 -1.295924530584848
0.759 -1.3620412122015293
0.76 -1.4142248497961392
0.761 -1.4335017652749058
0.762 -1.4641388057922962
0.763 -1.4955008502192133
0.764 -1.4673705667324692
0.765 -1.4496056983218852
0.766 -1.5365263971728214
0.767 -1.6530647336369066
0.768 -1.66375957504979
0.769 -1.6956579684634239
0.77 -1.7341469256413193
0.771 -1.6939127614028677
0.772 -1.648138473657048
0.773 -1.731650977706814
0.774 -1.7115297575229296
0.775 -1.7652769216429125
0.776 -1.6407884826430728
0.777 -1.5975226416096866
0.778 -1.481730861439256
0.779 -1.4726199309467671
0.78 -1.4569523111409366
0.781 -1.3766723252751485
0.782 -1.285925291782811
0.783 -1.3196076099836007
0.784 -1.339091984369817
0.785 -1.304228865752981
0.786 -1.2271689950800846
0.787 -1.2579944021735414
0.788 -1.2260490936936839
0.789 -1.2311146094827063
0.79 -1.072836778354853
0.791 -1.1159657076057565
0.792 -1.1624531759513554
0.793 -1.1361781853831572
0.794 -1.1238124825615654
0.795 -0.9794451475989601
0.796 -0.9189148304477188
0.797 -0.8951499904787122
0.798 -0.875465915960875
0.799 -0.8885005238413598
0.8 -0.904458570573094
0.801 -0.8538137408487295
0.802 -0.8678584261793858
0.803 -0.9936873630488362
0.804 -0.9948821925282058
0.805 -0.9199287715000665
0.806 -0.8621436786743941
0.807 -0.9707375593205301
0.808 -0.8743469273934581
0.809 -0.8503437118569578
0.81 -0.8695311009135746
0.811 -0.8436410823601547
0.812 -0.7216644618902628
0.8130000000000001 -0.7771708237743518
0.8140000000000001 -0.8382674280103792
0.8150000000000001 -0.8584371270206843
0.8160000000000001 -0.8492186889050936
0.8170000000000001 -0.8514297327158878
0.8180000000000001 -0.8271832361044803
0.8190000000000001 -0.9005694944465611
0.8200000000000001 -0.8745391662511905
0.8210000000000001 -0.8803294940145724
0.8220000000000001 -0.9012786320392956
0.8230000000000001 -1.0022013508045076
0.8240000000000001 -0.9280749511214286
0.8250000000000001 -0.9093741117592489
0.8260000000000001 -0.8174332144661346
0.8270000000000001 -0.8258613648763803
0.8280000000000001 -0.7102565071730402
0.8290000000000001 -0.7044426031286699
0.8300000000000001 -0.7122377810903882
0.8310000000000001 -0.7444957692547994
0.8320000000000001 -0.7600199634298693
0.833 -0.7583349318242425
0.834 -0.7992661818658043
0.835 -0.8163611216319615
0.836 -0.8533487597070901
0.837 -0.8289835437413241
0.838 -0.9550141914290969
0.839 -1.0363220925229155
0.84 -0.9819521492550087
0.841 -1.094895864859544
0.842 -1.151053084268717
0.843 -1.127366974378339
0.844 -1.0549814612965152
0.845 -0.9708518351922472
0.846 -0.9297485729604106
0.847 -0.8672187855894984
0.848 -0.8368381441523243
0.849 -0.8025531341740134
0.85 -0.7898193819775113
0.851 -0.7623588454823337
0.852 -0.716877104992999
0.853 -0.7665298717825907
0.854 -0.7306197013753786
0.855 -0.7446444161436611
0.856 -0.6644692737885083
0.857 -0.7132084522060759
0.858 -0.6570889855862583
0.859 -0.5886161979461917
0.86 -0.5987725751923135
0.861 -0.6238138008266292
0.862 -0.5287030313970593
0.863 -0.5241268978888847
0.864 -0.4922703924714186
0.865 -0.4973356217175254
0.866 -0.4486300029372683
0.867 -0.5486901952451134
0.868 -0.5540068547466515
0.869 -0.5920561174783019
0.87 -0.5798909308688049
0.871 -0.5379323462355625
0.872 -0.4755206821100473
0.873 -0.5434520511394684
0.874 -0.5658922298046131
0.875 -0.5300126085222236
0.876 -0.46337722873135956
0.877 -0.5063828515603123
0.878 -0.40628281692162266
0.879 -0.48834445562562945
0.88 -0.5888588016221343
0.881 -0.6522891044791854
0.882 -0.6021512109558265
0.883 -0.5388209988117625
0.884 -0.5702889969014882
0.885 -0.5911407563737932
0.886 -0.5699066583093334
0.887 -0.5891855733585623
0.888 -0.5441905387243708
0.889 -0.5065497295228286
0.89 -0.48854651702452534
0.891 -0.4878565537672821
0.892 -0.4490566240481659
0.893 -0.4268704801688253
0.894 -0.44417399963760784
0.895 -0.5023969228540269
0.896 -0.5586045462158357
0.897 -0.5414737664754238
0.898 -0.5933597654923596
0.899 -0.5539163922804747
0.9 -0.5338129818788248
0.901 -0.6275904407893387
0.902 -0.548258730088027
0.903 -0.5696698660152629
0.904 -0.5852813934531695
0.905 -0.652084532597937
0.906 -0.7759810349246943
0.907 -0.7743077358537482
0.908 -0.7974507665007387
0.909 -0.8295942783635999
0.91 -0.8440536079608965
0.911 -0.778101011020993
0.912 -0.767486957516324
0.913 -0.8853908749857564
0.914 -0.9392355317184848
0.915 -0.9108213403854104
0.916 -0.7691675781381224
0.917 -0.634030139578623
0.918 -0.6528362229161722
0.919 -0.7018470260265094
0.92 -0.6534307648045773
0.921 -0.7179772482990128
0.922 -0.6514260913802424
0.923 -0.6846034182725498
0.924 -0.6357071656336598
0.925 -0.6519710112719798
0.926 -0.6143222438030613
0.927 -0.6876644541427159
0.928 -0.6392559440276566
0.929 -0.5184536763783987
0.93 -0.4220925969237701
0.931 -0.42303409292355854
0.932 -0.35297289640807805
0.933 -0.4154967038749745
0.934 -0.3741604362187887
0.935 -0.41853920395797856
0.936 -0.4539100841646143
0.937 -0.481570389360145
0.9380000000000001 -0.5035483675611759
0.9390000000000001 -0.41735893006587593
0.9400000000000001 -0.324735344705975
0.9410000000000001 -0.22920264682781677
0.9420000000000001 -0.1517836953703294
0.9430000000000001 -0.1537113364086771
0.9440000000000001 -0.16228822837247242
0.9450000000000001 -0.22864202492538144
0.9460000000000001 -0.2280199986255368
0.9470000000000001 -0.2551520673263988
0.9480000000000001 -0.23790542829683364
0.9490000000000001 -0.2633452788426503
0.9500000000000001 -0.40997490446354246
0.9510000000000001 -0.324310356677252
0.9520000000000001 -0.39799936499273575
0.9530000000000001 -0.4796597268301413
0.9540000000000001 -0.4926352898173111
0.9550000000000001 -0.4076323061739848
0.9560000000000001 -0.4319620494445559
0.9570000000000001 -0.4577048981766042
0.9580000000000001 -0.49061080544739294
0.9590000000000001 -0.4744098809146727
0.96 -0.4922592045211164
0.961 -0.44479836702189557
0.962 -0.5046741911566097
0.963 -0.7030550029095339
0.964 -0.624953160121885
0.965 -0.509997654008445
0.966 -0.5983748849843059
0.967 -0.6179586512466928
0.968 -0.7145451711124585
0.969 -0.771004392602638
0.97 -0.8285208857192342
0.971 -0.8581059228378966
0.972 -0.8145946273059662
0.973 -0.8492039599997214
0.974 -0.8667217187868139
0.975 -0.8908273729721571
0.976 -0.8570134976795241
0.977 -0.8350632456855696
0.978 -0.800225168762003
0.979 -0.8123836158264616
0.98 -0.8493783105567131
0.981 -0.8291725514177377
0.982 -0.8555156348135504
0.983 -0.8386985688967794
0.984 -0.9457994950312272
0.985 -0.8491377458331539
0.986 -0.8773756286619693
0.987 -0.9391439895733593
0.988 -0.8813433829684437
0.989 -0.975044739633529
0.99 -1.0797263675785134
0.991 -1.0530847690557896
0.992 -1.0604856239828544
0.993 -1.167360673911645
0.994 -1.268280656707229
0.995 -1.2600553349129413
0.996 -1.223886976366591
0.997 -1.2224744748007907
0.998 -1.2967947117613652
0.999 -1.3161763359754792
1.0 -1.2500742144511887
1.0010000000000001 -1.520322207427525
1.002 -1.7450901342384417
1.0030000000000001 -1.940255258131843
1.004 -2.1956481180597684
1.0050000000000001 -2.4273658923101533
1.006 -2.68383140712015
1.0070000000000001 -2.851549995030249
1.008 -2.978946662509361
1.0090000000000001 -3.1703071663248337
1.01 -3.2170124204061503
1.0110000000000001 -3.2842604273217284
1.012 -3.472659371479571
1.0130000000000001 -3.5791708543492886
1.014 -3.642134738187278
1.0150000000000001 -3.8804875456089727
1.016 -3.9886611708341597
1.0170000000000001 -4.1275686230626505
1.018 -4.177852735136209
1.0190000000000001 -4.103837187991973
1.02 -4.163352635451102
1.0210000000000001 -4.209397048358447
1.022 -4.226088587128486
1.0230000000000001 -4.253362330508112
1.024 -4.3016738958671175
1.025 -4.454574785468701
1.026 -4.449546050054699
1.027 -4.508227366157814
1.028 -4.553217000426844
1.029 -4.512640180244113
1.03 -4.529192804843893
1.031 -4.494742846129954
1.032 -4.459045145509609
1.033 -4.441972229937404
1.034 -4.285174623489485
1.035 -4.230136566165199
1.036 -4.083122407656023
1.037 -4.0033172860672686
1.038 -3.940197549116963
1.039 -3.956166001283873
1.04 -3.788233195313989
1.041 -3.7063110678384157
1.042 -3.6276150131215426
1.043 -3.5278529818556636
1.044 -3.5166223864681427
1.045 -3.4090204831174358
1.046 -3.3692246488234208
1.047 -3.070681155181579
1.048 -2.926596889756973
1.049 -2.7971397334131183
1.05 -2.758528026996105
1.051 -2.65013205577383
1.052 -2.614710922745131
1.053 -2.502167616365617
1.054 -2.449343526555435
1.055 -2.238302908774108
1.056 -2.141602028316317
1.057 -1.869581919544927
1.058 -1.5625055135445018
1.059 -1.4899314046722634
1.06 -1.3888372883361866
1.061 -1.17541988137116
1.062 -0.9345493194137824
1.063 -0.7590203362630685
1.064 -0.5946690151741412
1.065 -0.45100792691264674
1.066 -0.2999249767254289
1.067 -0.19137962446349005
1.068 -0.1408695043367615
1.069 0.0018411361411985183
1.07 0.1284510633496045
1.071 0.2856441693533929
1.072 0.3279621259773724
1.073 0.6091080392315438
1.074 0.5470033220105022
1.075 0.6639735520695172
1.076 0.7104990665283084
1.077 0.7441619089349504
1.078 0.8070037005445992
1.079 0.9877784737525493
1.08 1.1434578820723869
1.081 1.3394675738835398
1.082 1.4245573984720803
1.083 1.6109513504856747
1.084 1.7685488753842717
1.085 1.8634329473097027
1.086 1.911768726792993
1.087 2.1027779267100657
1.088 2.3078254164395564
1.089 2.36079437418745
1.09 2.4818532044140134
1.091 2.5725291968342443
1.092 2.691014014216181
1.093 2.78257978239013
1.094 2.8965050973641233
1.095 2.946497437173235
1.096 2.9746203298091567
1.097 3.0069488146864853
1.098 2.9251394964240838
1.099 2.9386611318343934
1.1 2.997342187814734
1.101 3.0687896991195425
1.102 3.042928465321751
1.103 3.109721065537315
1.104 3.041852804464114
1.105 2.9507797391772717
1.106 2.9345357893831308
1.107 2.985370105126899
1.108 2.9938497156576216
1.109 2.985691188501068
1.11 3.025791584220368
1.111 2.99908730058963
1.112 3.0034799234559615
1.113 2.9757991704928286
1.114 2.9589458391529866
1.115 2.9756299429830575
1.116 2.921598397137358
1.117 2.833830741220826
1.118 2.726345310387844
1.119 2.6038496865655083
1.12 2.4665508905985742
1.121 2.362036208323917
1.122 2.261013161423302
1.123 2.112491637574368
1.124 1.9314561774432437
1.125 1.8478664193748577
1.1260000000000001 1.7267082791791872
1.127 1.652004753394686
1.1280000000000001 1.4736406493707543
1.129 1.2981726658828354
1.1300000000000001 1.163957191122178
1.131 1.0836139002518095
1.1320000000000001 0.9463656059087967
1.133 0.9484095607147017
1.1340000000000001 0.746337046906741
1.135 0.5950781465783823
1.1360000000000001 0.4504528329834496
1.137 0.3680648096428475
1.1380000000000001 0.29697204832711666
1.139 0.20385814217978554
1.1400000000000001 0.015606485232641298
1.141 -0.12419555310478603
1.1420000000000001 -0.15879220974921737
1.143 -0.30076940716283107
1.1440000000000001 -0.3026970611445182
1.145 -0.503972090371291
1.1460000000000001 -0.6007604632120516
1.147 -0.704420600033106
1.1480000000000001 -0.8341113121119303
1.149 -0.965680184773579
1.1500000000000001 -1.121926520011043
1.151 -1.242553648307038
1.1520000000000001 -1.3034687610270457
1.153 -1.4097332426832265
1.154 -1.5257232366521079
1.155 -1.6308753561875051
1.156 -1.738789154204356
1.157 -1.8316823739269728
1.158 -1.8676707456084374
1.159 -2.0258210943234563
1.16 -2.189979404036602
1.161 -2.3311246411420568
1.162 -2.5085683477119414
1.163 -2.5915136297360473
1.164 -2.7109495738707055
1.165 -2.842736744638832
1.166 -2.8580839920280203
1.167 -2.9962963083148706
1.168 -2.960873074603561
1.169 -3.0868150056296866
1.17 -3.075198459826263
1.171 -3.253194758641043
1.172 -3.346563804353497
1.173 -3.3266010808358
1.174 -3.2740610879306224
1.175 -3.3600873532611066
1.176 -3.313029357233068
1.177 -3.4461995313913145
1.178 -3.551349539208691
1.179 -3.588845635864398
1.18 -3.6751162779198063
1.181 -3.578679619340547
1.182 -3.689661445385517
1.183 -3.6337472241418562
1.184 -3.7153346721806946
1.185 -3.6766944635194805
1.186 -3.829625292559161
1.187 -3.684844353861896
1.188 -3.7749681160792843
1.189 -3.8748104661410414
1.19 -3.801595506347218
1.191 -3.775286805712728
1.192 -3.81334058244458
1.193 -3.995912110663551
1.194 -4.007777112843795
1.195 -3.929855107427865
1.196 -3.847932658851648
1.197 -3.757196786468974
1.198 -3.739697651099277
1.199 -3.696478110256296
1.2 -3.656493097979175
1.201 -3.677283867111386
1.202 -3.6066289751001213
1.203 -3.5824937031423323
1.204 -3.604443192543435
1.205 -3.4972841615034254
1.206 -3.510252133867114
1.207 -3.378521702046111
1.208 -3.3174054805867605
1.209 -3.352480204386019
1.21 -3.263716023086749
1.211 -3.2611192598058527
1.212 -3.131199633039711
1.213 -3.154087173841495
1.214 -3.0696893220294474
1.215 -3.0209251610701093
1.216 -3.064556808809519
1.217 -3.0177034514794174
1.218 -3.032490132854792
1.219 -3.081906003005299
1.22 -2.9684821589813715
1.221 -2.8407508680975893
1.222 -2.7590380263302015
1.223 -2.8018997503241496
1.224 -2.9110913638857534
1.225 -2.84420258803414
1.226 -2.776299298026906
1.227 -2.810091802918357
1.228 -2.7570111175739656
1.229 -2.842573097040675
1.23 -2.756778014930468
1.231 -2.639868293196947
1.232 -2.653981975022399
1.233 -2.6775793771729766
1.234 -2.621449707568839
1.235 -2.570742623871947
1.236 -2.515715544217666
1.237 -2.4680377345459794
1.238 -2.481048147483677
1.239 -2.505473314864239
1.24 -2.417862405750836
1.241 -2.330542723116797
1.242 -2.308043059474796
1.243 -2.270014191114012
1.244 -2.2207622370181515
1.245 -2.0370079286012004
1.246 -1.9842291841744537
1.247 -1.9210981608069824
1.248 -1.9647563302492668
1.249 -1.9432624874757096
1.25 -1.8641754967039037
1.2510000000000001 -1.9224831359810195
1.252 -1.8871224958118904
1.2530000000000001 -1.7837055974664544
1.254 -1.80727309260268
1.2550000000000001 -1.8593747690380296
1.256 -1.8630529882948594
1.2570000000000001 -1.8274368111510817
1.258 -1.7370164286023568
1.2590000000000001 -1.6674943815878893
1.26 -1.7305075063841606
1.2610000000000001 -1.7627044169708697
1.262 -1.652632620345797
1.2630000000000001 -1.4273992688080943
1.264 -1.4253433402780136
1.2650000000000001 -1.3835308157467163
1.266 -1.3004429803781359
1.2670000000000001 -1.300536832043542
1.268 -1.2716550136909222
1.2690000000000001 -1.3590836375783168
1.27 -1.2704854003026615
1.2710000000000001 -1.2773957246273726
1.272 -1.339273443605502
1.2730000000000001 -1.2647451508208052
1.274 -1.2913971317649016
1.2750000000000001 -1.2348548850127212
1.276 -1.2300926206105782
1.2770000000000001 -1.233686806018305
1.278 -1.205513266706114
1.2790000000000001 -1.2678326534530109
1.28 -1.285649236078613
1.281 -1.3255964165960905
1.282 -1.2471109505247886
1.283 -1.1947547735613813
1.284 -1.1482735693303232
1.285 -1.1206792732178075
1.286 -1.1270355434805368
1.287 -1.2216267602142976
1.288 -1.2215819962556378
1.289 -1.1151640571235788
1.29 -1.132711711937083
1.291 -1.1085542501901617
1.292 -1.1067518752214442
1.293 -1.1136428646010474
1.294 -1.1988236923282494
1.295 -1.271459937432076
1.296 -1.2847720220044954
1.297 -1.3642669749655552
1.298 -1.351185932116197
1.299 -1.428194105177718
1.3 -1.4166599540592213
1.301 -1.4328621885458666
1.302 -1.375708313580741
1.303 -1.3987161186133978
1.304 -1.3519545332576537
1.305 -1.3140707163310588
1.306 -1.2801849496992017
1.307 -1.1968116273409617
1.308 -1.2338926088415236
1.309 -1.2029740876147943
1.31 -1.1580218596979432
1.311 -1.1889974099461567
1.312 -1.2044499892653437
1.313 -1.2859286328248416
1.314 -1.283480487329276
1.315 -1.2786432477306418
1.316 -1.2961146520372364
1.317 -1.3258160420146243
1.318 -1.3521700949257152
1.319 -1.4104873988362605
1.32 -1.5464296040664265
1.321 -1.5924968502818715
1.322 -1.5182732730593287
1.323 -1.5759224965934613
1.324 -1.4648646526680558
1.325 -1.533832311693275
1.326 -1.5694533819036038
1.327 -1.5256254596561851
1.328 -1.6266182394872435
1.329 -1.7342117246372541
1.33 -1.7312384122630207
1.331 -1.7616407158658858
1.332 -1.8179771847043142
1.333 -1.7830249117547143
1.334 -1.8313828761550104
1.335 -1.8211538837126744
1.336 -1.8221041740594959
1.337 -1.7738042178997675
1.338 -1.7274140743102147
1.339 -1.6718177846803546
1.34 -1.6467034770649747
1.341 -1.6145957758068328
1.342 -1.6814315088385505
1.343 -1.778753262266217
1.344 -1.8313577321192958
1.345 -1.797790257519872
1.346 -1.7894963173673266
1.347 -1.7182232070989432
1.348 -1.6689007453427225
1.349 -1.7431887577742322
1.35 -1.7241036307420283
1.351 -1.8461181903300596
1.352 -1.807563662136313
1.353 -1.8042874889138543
1.354 -1.7906554570365647
1.355 -1.824847675881696
1.356 -1.7638430584284066
1.357 -1.804083730412873
1.358 -1.8183836376189793
1.359 -1.9186225846667981
1.36 -1.9381403338578402
1.361 -1.9895789713074121
1.362 -2.0503762965257293
1.363 -2.067969199374671
1.364 -2.0060499090782864
1.365 -1.975544781524612
1.366 -2.1065877528578056
1.367 -2.134699357052673
1.368 -2.102741110700723
1.369 -2.125852005997892
1.37 -2.142070284668147
1.371 -2.128317061018007
1.372 -2.0706326831686663
1.373 -2.226232210746286
1.374 -2.3424603173318803
1.375 -2.4169399271766023
1.3760000000000001 -2.3954523999618544
1.377 -2.4223796047677486
1.3780000000000001 -2.452507333736466
1.379 -2.536626063150936
1.3800000000000001 -2.560467963046303
1.381 -2.5884358507114342
1.3820000000000001 -2.6177309026713345
1.383 -2.706515388133246
1.3840000000000001 -2.8448276660136917
1.385 -2.8930953925462326
1.3860000000000001 -2.900102858466707
1.387 -2.902148773145883
1.3880000000000001 -2.8822197648826293
1.389 -2.9240256048681976
1.3900000000000001 -3.010128277032278
1.391 -3.007763951577454
1.3920000000000001 -3.0710577504861227
1.393 -3.1026900766745964
1.3940000000000001 -3.1919112110566585
1.395 -3.248818070522426
1.3960000000000001 -3.1897485366329916
1.397 -3.2253367267659225
1.3980000000000001 -3.200228756568793
1.399 -3.250406050723839
1.4000000000000001 -3.2672712115717
1.401 -3.250806458867036
1.4020000000000001 -3.2237909748670543
1.403 -3.310984854043955
1.4040000000000001 -3.3504692473443685
1.405 -3.3822020910718242
1.4060000000000001 -3.3436668960191325
1.407 -3.4232197254813848
1.408 -3.4799467952556564
1.409 -3.557998582439075
1.41 -3.6104812012975116
1.411 -3.574425834633969
1.412 -3.7272438408285566
1.413 -3.710066766457364
1.414 -3.7402747281317095
1.415 -3.779154956818406
1.416 -3.7671363847958714
1.417 -3.703570715174476
1.418 -3.7469890093555236
1.419 -3.8659549154997714
1.42 -3.9233992938443834
1.421 -4.041051120539319
1.422 -3.9990878425960625
1.423 -3.965349264755683
1.424 -3.9974550030427283
1.425 -4.077353537513563
1.426 -4.098469308886056
1.427 -4.1014984010609545
1.428 -4.26833741919847
1.429 -4.413551588603067
1.43 -4.49152019223083
1.431 -4.617454326534977
1.432 -4.604331769353027
1.433 -4.528682098678546
1.434 -4.684928270913865
1.435 -4.682336102044426
1.436 -4.7252551998754955
1.437 -4.794021949888669
1.438 -4.876455649794833
1.439 -4.946702777464864
1.44 -4.948825305041172
1.441 -4.879137795899126
1.442 -4.897652268955024
1.443 -4.866109057430554
1.444 -4.930301072955618
1.445 -5.021631618125297
1.446 -5.060584824629963
1.447 -5.06566730708246
1.448 -5.100041563607964
1.449 -5.102115938344808
1.45 -5.13028988179061
1.451 -5.047873628927773
1.452 -5.156834799849181
1.453 -5.2012455464964695
1.454 -5.21048580237278
1.455 -5.253878321291361
1.456 -5.321925950179688
1.457 -5.357804484190104
1.458 -5.443226299030359
1.459 -5.477138088280887
1.46 -5.498550535823662
1.461 -5.530688790360304
1.462 -5.514979994416697
1.463 -5.56677141255722
1.464 -5.567523690357802
1.465 -5.515118751040671
1.466 -5.45521409380066
1.467 -5.3982197577409625
1.468 -5.442700938891885
1.469 -5.458790023261226
1.47 -5.580805554788722
1.471 -5.679688050585001
1.472 -5.7871954502476415
1.473 -5.7907864563839215
1.474 -5.717776845366295
1.475 -5.670010429466728
1.476 -5.702608106501876
1.477 -5.658613961071339
1.478 -5.665235492981775
1.479 -5.69699004802098
1.48 -5.755037240822894
1.481 -5.731794783309227
1.482 -5.862526428627148
1.483 -5.862767708849437
1.484 -5.914018641991549
1.485 -5.909296752287476
1.486 -6.000736629670872
1.487 -6.0357109803931275
1.488 -6.205767896213186
1.489 -6.371815898951569
1.49 -6.438629842837188
1.491 -6.398111087420064
1.492 -6.5256369813660635
1.493 -6.605043043428228
1.494 -6.716466485924678
1.495 -6.7458015671512825
1.496 -6.824460364315523
1.497 -6.766881557434463
1.498 -6.851980577702528
1.499 -6.793030591157429
1.5 -6.846425137584138
1.5010000000000001 -6.953243383679032
1.502 -6.972406187682985
1.5030000000000001 -6.9992954556668625
1.504 -7.130336504120185
1.5050000000000001 -7.213209226976128
1.506 -7.397461236732415
1.5070000000000001 -7.368618230392283
1.508 -7.465681874242949
1.5090000000000001 -7.3749200834891155
1.51 -7.2642970406908045
1.5110000000000001 -7.2970216706706506
1.512 -7.323945638630248
1.5130000000000001 -7.367443955363141
1.514 -7.344746406512039
1.5150000000000001 -7.301566426853649
1.516 -7.411214908858208
1.5170000000000001 -7.4455873411972915
1.518 -7.561313698026149
1.5190000000000001 -7.657767658456142
1.52 -7.67152659293102
1.5210000000000001 -7.693564865384352
1.522 -7.684144356194728
1.5230000000000001 -7.7109627472121645
1.524 -7.735737238797206
1.5250000000000001 -7.800994935272205
1.526 -7.703229380297753
1.5270000000000001 -7.644817635392951
1.528 -7.599275483563545
1.5290000000000001 -7.516354467694505
1.53 -7.537033576132119
1.5310000000000001 -7.557144296254547
1.532 -7.620096365872881
1.5330000000000001 -7.584570895323138
1.534 -7.6981272813542425
1.5350000000000001 -7.724801321160509
1.536 -7.805774960089419
1.537 -7.849812668645502
1.538 -7.834814471617246
1.539 -7.727201365208088
1.54 -7.72481434788642
1.541 -7.740018053607666
1.542 -7.731124185823015
1.543 -7.73699024241478
1.544 -7.688811430268153
1.545 -7.773819853426479
1.546 -7.723420609426218
1.547 -7.738994980143286
1.548 -7.710160118246047
1.549 -7.685461963842794
1.55 -7.610831391707316
1.551 -7.58761007390059
1.552 -7.523653472345388
1.553 -7.4986923323008
1.554 -7.498418522801181
1.555 -7.4013124880847325
1.556 -7.47171215268231
1.557 -7.530506169326638
1.558 -7.680659210894447
1.559 -7.727145109327615
1.56 -7.687781963081443
1.561 -7.775702730262085
1.562 -7.89142331327524
1.563 -7.867311243188253
1.564 -7.791235913575625
1.565 -7.944711896443517
1.566 -8.04598233054752
1.567 -7.989743549665908
1.568 -8.033978472479351
1.569 -8.010545871018325
1.57 -8.007964682822909
1.571 -7.981115453367317
1.572 -8.048521341495695
1.573 -8.010394696564507
1.574 -8.011992099314554
1.575 -8.064871301700206
1.576 -8.116710557164122
1.577 -8.10352550123428
1.578 -8.13387455546658
1.579 -8.171685110949435
1.58 -8.269653931991218
1.581 -8.397828481481753
1.582 -8.371667970793162
1.583 -8.33877863267996
1.584 -8.342150312722646
1.585 -8.418094276273562
1.586 -8.446208214552797
1.587 -8.454444124054557
1.588 -8.500875870551182
1.589 -8.516234309535097
1.59 -8.55858217882193
1.591 -8.469259855774803
1.592 -8.471480040504419
1.593 -8.453135145818628
1.594 -8.445849901425994
1.595 -8.442856413446222
1.596 -8.374190412985605
1.597 -8.434827256268978
1.598 -8.430181035850193
1.599 -8.478905703679843
1.6 -8.408801433032107
1.601 -8.411392447495022
1.602 -8.422915918862877
1.603 -8.490548109405868
1.604 -8.481267370482652
1.605 -8.426062374188646
1.606 -8.444924126048738
1.607 -8.354703052823835
1.608 -8.316136010895388
1.609 -8.283401236980119
1.61 -8.251920537665756
1.611 -8.24326077673
1.612 -8.239658657366487
1.613 -8.281037989564911
1.614 -8.309376772303748
1.615 -8.182536603736047
1.616 -8.29253355038927
1.617 -8.285262621870423
1.618 -8.258199111593232
1.619 -8.284901503250362
1.62 -8.167943207046301
1.621 -8.247042222765433
1.622 -8.190125741041978
1.623 -8.092188177249191
1.624 -8.186138187110839
1.625 -8.19546337717522
1.6260000000000001 -8.139723039347713
1.627 -8.131432931190522
1.6280000000000001 -8.129079235867248
1.629 -8.067832747975816
1.6300000000000001 -8.098462331499903
1.631 -8.092788766301975
1.6320000000000001 -8.054125863644025
1.633 -7.950668348329854
1.6340000000000001 -7.869634420777216
1.635 -7.875502653611626
1.6360000000000001 -7.911122659742117
1.637 -7.86199420020547
1.6380000000000001 -7.815981831185473
1.639 -7.778254862941962
1.6400000000000001 -7.745614804331242
1.641 -7.595408710741384
1.6420000000000001 -7.653639889176343
1.643 -7.67244862912007
1.6440000000000001 -7.557078754095648
1.645 -7.561484336442248
1.6460000000000001 -7.660482720550032
1.647 -7.521765781595087
1.6480000000000001 -7.3952663797922265
1.649 -7.251298077743238
1.6500000000000001 -7.363354666493133
1.651 -7.327361106355148
1.6520000000000001 -7.246129635010238
1.653 -7.3044610776688526
1.6540000000000001 -7.3035154013112615
1.655 -7.286102323772338
1.6560000000000001 -7.30684845228972
1.657 -7.33421825778868
1.6580000000000001 -7.376325056357866
1.659 -7.310192519044327
1.6600000000000001 -7.246442545847161
1.661 -7.160545039862972
1.6620000000000001 -7.123560047146702
1.663 -7.003171527312411
1.6640000000000001 -6.902738526291978
1.665 -6.8909074591803146
1.666 -6.8634798305128175
1.667 -6.770658773589268
1.668 -6.723322970325017
1.669 -6.757885863100947
1.67 -6.665747192679999
1.671 -6.62772531176744
1.672 -6.668245752352257
1.673 -6.635131341935152
1.674 -6.466160724086576
1.675 -6.461905756779451
1.676 -6.387649231349733
1.677 -6.37788824858894
1.678 -6.439260300532725
1.679 -6.385240582761272
1.68 -6.330960346357605
1.681 -6.319623489138209
1.682 -6.306468507497335
1.683 -6.274654024481141
1.684 -6.188078240764788
1.685 -6.182369834926494
1.686 -6.031185689805122
1.687 -5.913765060026754
1.688 -5.811439127387085
1.689 -5.804712247637886
1.69 -5.702558262481235
1.691 -5.703852002572392
1.692 -5.55439980672434
1.693 -5.533604761992371
1.694 -5.544937935868976
1.695 -5.5502246138189815
1.696 -5.523457396868309
1.697 -5.520191007355353
1.698 -5.48007633190418
1.699 -5.3435488022207815
1.7 -5.352487791397538
1.701 -5.197490657705584
1.702 -5.140577929658951
1.703 -4.996500577297722
1.704 -4.919271465485027
1.705 -4.870356711672998
1.706 -4.736157702230485
1.707 -4.652071193104331
1.708 -4.590876993157576
1.709 -4.579635386215589
1.71 -4.559282241494617
1.711 -4.542186556228855
1.712 -4.486582607482934
1.713 -4.392600044123418
1.714 -4.22790100327267
1.715 -4.189597710751409
1.716 -4.206156652967498
1.717 -4.266234901681
1.718 -4.151814250332345
1.719 -4.0862686285136505
1.72 -3.932725646600634
1.721 -3.930768388730966
1.722 -3.821516070183559
1.723 -3.7766839397285077
1.724 -3.670654735072051
1.725 -3.4877193500573855
1.726 -3.3688860755704537
1.727 -3.3431298661506053
1.728 -3.299676207524816
1.729 -3.2150994929639927
1.73 -3.0940019290897895
1.731 -2.941210040663665
1.732 -2.8632002748225096
1.733 -2.7671824772124816
1.734 -2.6192681296238334
1.735 -2.580937189633679
1.736 -2.429599108301934
1.737 -2.317638446908197
1.738 -2.3359579332263536
1.739 -2.3339040757641216
1.74 -2.2017333749798764
1.741 -2.0924163299447596
1.742 -2.024131622669851
1.743 -1.9976340952239273
1.744 -1.890953734399974
1.745 -1.778489520735473
1.746 -1.6350625152418155
1.747 -1.548410760551729
1.748 -1.4946165988922147
1.749 -1.3530238900330909
1.75 -1.2756210659425382
1.7510000000000001 -1.3519597959602652
1.752 -1.3914385626179344
1.7530000000000001 -1.376955361814676
1.754 -1.351603590531863
1.7550000000000001 -1.2617897277728571
1.756 -1.260177085276367
1.7570000000000001 -1.2491755636607076
1.758 -1.190493614712817
1.7590000000000001 -1.2395028171037663
1.76 -1.2237803915094234
1.7610000000000001 -1.2319076633085864
1.762 -1.2800467540573912
1.7630000000000001 -1.2278604799315709
1.764 -1.2358457094502657
1.7650000000000001 -1.200812826739221
1.766 -1.179163898076737
1.7670000000000001 -1.1778923017009166
1.768 -1.2634728254645342
1.7690000000000001 -1.282146754721531
1.77 -1.1914299490761013
1.7710000000000001 -1.2797337266678266
1.772 -1.228764595436486
1.7730000000000001 -1.1427296807928922
1.774 -1.033290509146831
1.7750000000000001 -1.0428886562163031
1.776 -1.0372546418582616
1.7770000000000001 -1.0299990115450273
1.778 -1.054085289735231
1.7790000000000001 -1.1220429759328014
1.78 -1.2498225519035957
1.7810000000000001 -1.2639156288238782
1.782 -1.2252762000195996
1.7830000000000001 -1.211446815335366
1.784 -1.1655150085789148
1.7850000000000001 -1.2563118617893358
1.786 -1.1777167472931718
1.7870000000000001 -1.0997459884861824
1.788 -1.0542382212333232
1.7890000000000001 -1.0077706254934036
1.79 -1.0018794080226636
1.7910000000000001 -0.9836748083084305
1.792 -1.0552741800722738
1.793 -1.0666125382935627
1.794 -1.1224096098282927
1.795 -1.069029986146921
1.796 -1.051256926158207
1.797 -1.0331981607979621
1.798 -1.0312844590602082
1.799 -0.9530748049725966
1.8 -0.9548740539954557
1.801 -0.9228091928555214
1.802 -0.8307649925478241
1.803 -0.8143817017218449
1.804 -0.8980822212533274
1.805 -0.8227349072819616
1.806 -0.8323536013260288
1.807 -0.8683346283941831
1.808 -0.8314882732609084
1.809 -0.8303962181260716
1.81 -1.0029410599653812
1.811 -1.0731981456339428
1.812 -1.0750379631981946
1.813 -1.1025735825323755
1.814 -1.1322749005880648
1.815 -1.1094995153207807
1.816 -1.228035257669239
1.817 -1.2007275468432335
1.818 -1.218015628999501
1.819 -1.2814195297837565
1.82 -1.3186829040536767
1.821 -1.2606403589864126
1.822 -1.0780150413687601
1.823 -1.1014675498785786
1.824 -1.122662680919231
1.825 -1.1503494159645613
1.826 -1.177787937692742
1.827 -1.1921756263036227
1.828 -1.2948772433362286
1.829 -1.336559788277272
1.83 -1.3889378237028256
1.831 -1.3939837879155559
1.832 -1.3323793370597778
1.833 -1.3177564759733988
1.834 -1.2354526591379642
1.835 -1.2411138911819626
1.836 -1.2010705291635984
1.837 -1.2045821008435829
1.838 -1.1966298026720303
1.839 -1.1816443513134092
1.84 -1.1882137558159054
1.841 -1.0955823293942035
1.842 -1.0485517743409327
1.843 -1.0695277779990715
1.844 -1.0011407549794213
1.845 -0.8772852114921355
1.846 -0.9185753388759935
1.847 -0.9030641454805035
1.848 -0.8985156387104787
1.849 -0.9169067289567023
1.85 -0.8019012389027972
1.851 -0.790167982495632
1.852 -0.8192683757366254
1.853 -0.7794099794770867
1.854 -0.7762907945232775
1.855 -0.7394492033881921
1.856 -0.7276653296399106
1.857 -0.7805036990518939
1.858 -0.8790908117650683
1.859 -0.8367542771315448
1.86 -0.979695704364117
1.861 -1.007568959164498
1.862 -0.9051730410733121
1.863 -0.9365834638178763
1.864 -0.9304564590909914
1.865 -0.8391239828402896
1.866 -0.7839771660721665
1.867 -0.8116030085832721
1.868 -0.7734067894920069
1.869 -0.6612194164962971
1.87 -0.7432342283150223
1.871 -0.7562340731243093
1.872 -0.8073360484471315
1.873 -0.7956300685995633
1.874 -0.7077910077985667
1.875 -0.835319471163945
1.8760000000000001 -0.8055426607265539
1.877 -0.6748313542937106
1.8780000000000001 -0.6772043312794324
1.879 -0.685113176016771
1.8800000000000001 -0.5807046060683745
1.881 -0.6025056726611729
1.8820000000000001 -0.5970149506230047
1.883 -0.5431212091421811
1.8840000000000001 -0.49560882724789007
1.885 -0.5579543370872574
1.8860000000000001 -0.4989560361759329
1.887 -0.4476528023085424
1.8880000000000001 -0.3575476931839034
1.889 -0.3272438680161833
1.8900000000000001 -0.2661031779609888
1.891 -0.3040180407396961
1.8920000000000001 -0.2628414193344922
1.893 -0.17631327605392738
1.8940000000000001 -0.23454420496852454
1.895 -0.22500039138946473
1.8960000000000001 -0.26423281036502766
1.897 -0.44758350469568453
1.8980000000000001 -0.48250806958008086
1.899 -0.43196414407807115
1.9000000000000001 -0.3349058095187275
1.901 -0.36711577251392497
1.9020000000000001 -0.3550009165093031
1.903 -0.24403113881846017
1.9040000000000001 -0.3086742316560766
1.905 -0.3041721216224544
1.9060000000000001 -0.29242435446763665
1.907 -0.35234952031191064
1.9080000000000001 -0.2770145816843096
1.909 -0.3678761298688373
1.9100000000000001 -0.37109938228139566
1.911 -0.42013909049237225
1.9120000000000001 -0.44012292451163665
1.913 -0.4463012447758359
1.9140000000000001 -0.364306312079377
1.915 -0.36141325971840393
1.9160000000000001 -0.40387075198800104
1.917 -0.3786244514230739
1.9180000000000001 -0.3869249735987252
1.919 -0.43748719432584626
1.92 -0.2848406142758113
1.921 -0.36079637616622895
1.922 -0.4111555465694539
1.923 -0.3559662800178633
1.924 -0.42576821218198196
1.925 -0.41162482915926446
1.926 -0.3880088607473804
1.927 -0.46951796993884315
1.928 -0.4648943905733784
1.929 -0.4845519789728754
1.93 -0.43317498487497536
1.931 -0.5215868133424142
1.932 -0.5019526417808969
1.933 -0.44788303334734697
1.934 -0.5018916970588089
1.935 -0.47163199009359996
1.936 -0.4755173131409122
1.937 -0.5434417255668855
1.938 -0.5475438176969372
1.939 -0.4018913258460518
1.94 -0.49364646555340214
1.941 -0.48982874123070286
1.942 -0.47735687906464014
1.943 -0.41073058383547023
1.944 -0.37108580052629353
1.945 -0.33711292436733087
1.946 -0.3261987614909879
1.947 -0.3343197606173808
1.948 -0.38137490009543334
1.949 -0.4306820693569648
1.95 -0.35410928265541175
1.951 -0.3432797792398311
1.952 -0.44313022997605167
1.953 -0.5474437409032203
1.954 -0.6609152647560186
1.955 -0.6728274160943005
1.956 -0.7058123020842798
1.957 -0.6778214168566503
1.958 -0.7224671076061686
1.959 -0.7174130330562839
1.96 -0.7667639111266986
1.961 -0.7619326917172677
1.962 -0.7655399914338388
1.963 -0.7043515168279716
1.964 -0.6374093282419679
1.965 -0.6815770482551042
1.966 -0.6372816057192746
1.967 -0.604129279487003
1.968 -0.6758545517455318
1.969 -0.5815244528291599
1.97 -0.45657721270799645
1.971 -0.4775896686725102
1.972 -0.3357510516711226
1.973 -0.33709634961213525
1.974 -0.31587042864415277
1.975 -0.2966529738754084
1.976 -0.31297842692981215
1.977 -0.38765286284536754
1.978 -0.455927659802752
1.979 -0.5011373502950558
1.98 -0.5249112157959839
1.981 -0.37967591194323974
1.982 -0.3517705125331515
1.983 -0.3022603020797805
1.984 -0.269480926029153
1.985 -0.3037516780676555
1.986 -0.3403900040812211
1.987 -0.2169105991051683
1.988 -0.21550660133973906
1.989 -0.1293721938137285
1.99 -0.19968284244704476
1.991 -0.22243906935756155
1.992 -0.230489126623878
1.993 -0.25517178275077834
1.994 -0.16444012899379698
1.995 -0.1431677022967724
1.996 -0.22260948148964382
1.997 -0.06510346015810431
1.998 -0.12741959468912398
1.999 -0.16473953989771473
2.0 -0.06937446651906924
2.001 0.007041779466327613
2.0020000000000002 0.028492693504715526
2.003 0.09447274388949709
2.004 -0.012849836843006043
2.005 -0.001845138932354549
2.0060000000000002 0.009400038537390961
2.007 -0.0024360543490398196
2.008 0.12203097430201469
2.009 0.037398176539280834
2.0100000000000002 0.008814210349103645
2.011 0.0667367156457102
2.012 0.04837384099005464
2.013 0.03686221320758795
2.0140000000000002 0.08158906461200129
2.015 0.06337820798660888
2.016 0.11109390611259386
2.017 0.19874139326359014
2.0180000000000002 0.2742106835323877
2.019 0.2459497356293753
2.02 0.3164657665756081
2.021 0.2892923279050487
2.0220000000000002 0.2841946742357446
2.023 0.26988880912687957
2.024 0.32440266757290254
2.025 0.40200808468328275
2.0260000000000002 0.442910392947318
2.027 0.49267245901927476
2.028 0.44136955748474616
2.029 0.39178953357752644
2.0300000000000002 0.39005650780370865
2.031 0.48351997332268903
2.032 0.45900288014370766
2.033 0.44993529358813844
2.0340000000000003 0.3986894082211535
2.035 0.3595480466758622
2.036 0.34254252848580446
2.037 0.44219051875660714
2.0380000000000003 0.5674280530095341
2.039 0.6353965552722248
2.04 0.6384473243116189
2.041 0.6664269300964634
2.0420000000000003 0.8345742814702177
2.043 0.7305075875949527
2.044 0.7033304215264854
2.045 0.7235490696629368
2.0460000000000003 0.7893070459461866
2.047 0.694145432237596
2.048 0.6750151838917468
2.049 0.7221906345225085
2.05 0.590270351215728
2.051 0.6192127660461464
2.052 0.4433077251941037
2.053 0.4361617574599905
2.054 0.5022790127730486
2.055 0.43467684815131324
2.056 0.35479342951304804
2.057 0.342160192915969
2.058 0.30528908397206106
2.059 0.3595473138362289
2.06 0.3984930149167784
2.061 0.34531710615596045
2.062 0.32955728337168194
2.063 0.3380485604614734
2.064 0.37201244636297126
2.065 0.3841517540455394
2.066 0.4110650620565626
2.067 0.5204903401497568
2.068 0.4839093448987255
2.069 0.45442672737478434
2.07 0.45336054525957226
2.071 0.44547160700982774
2.072 0.4131492868457589
2.073 0.4119797569873982
2.074 0.3876493113319878
2.075 0.39093530293385864
2.076 0.3761225451525929
2.077 0.4138568387526586
2.078 0.29131554234496376
2.079 0.3395458068802777
2.08 0.20420739066478202
2.081 0.12799785156753718
2.082 0.17071358477234438
2.083 0.1404360956976081
2.084 0.1896048664251745
2.085 0.1653413387399222
2.086 0.1555105985538861
2.087 0.04338954047613562
2.088 -0.05270488027150469
2.089 -0.026143607897089836
2.09 -0.1192285517573875
2.091 -0.050716987135506486
2.092 -0.09708781227629112
2.093 -0.13947503751666457
2.094 -0.27179584109830734
2.095 -0.3015730095755375
2.096 -0.17903259776799635
2.097 -0.17437499389181332
2.098 -0.07769752000913929
2.099 -0.0581834582488633
2.1 0.041297921884274946
2.101 0.002990161179198543
2.102 0.06125785320355658
2.103 0.060632613403359986
2.104 0.030609699215284614
2.105 0.088773200160181
2.106 -0.011734127880530881
2.107 -0.04105265198921125
2.108 -0.03499971911399934
2.109 -0.1386416784652732
2.11 -0.14839963764673963
2.111 -0.1442288094403961
2.112 -0.16386474391382494
2.113 -0.11018665257504603
2.114 0.03582989520601845
2.115 -0.010080940324178236
2.116 -0.06061696249796353
2.117 -0.052249293554351865
2.118 -0.06854184457966822
2.119 -0.07826210233117875
2.12 -0.0007836262524051757
2.121 0.03512054546933059
2.122 0.12255443479150903
2.123 0.13808380578160304
2.124 0.09041398904841061
2.125 0.1347609003346383
2.126 0.08876366032073843
2.1270000000000002 0.2166124070084938
2.128 0.14981776863927238
2.129 0.15028612406532862
2.13 0.09067408088066187
2.1310000000000002 0.047392580312890134
2.132 -0.06564301208578883
2.133 -0.0016176259713135271
2.134 0.0033331054981895515
2.1350000000000002 -0.023529843789201945
2.136 -0.01681632175153044
2.137 0.10380668699405624
2.138 0.2302211505948661
2.1390000000000002 0.13732797074370562
2.14 0.04524424923025894
2.141 0.016826804222501174
2.142 0.037382265551768254
2.1430000000000002 0.017332501050636762
2.144 0.13025694038448507
2.145 0.1576345104190359
2.146 0.1696660328354362
2.1470000000000002 0.25244507864227383
2.148 0.20125577482880008
2.149 0.21337601867693104
2.15 0.28821039607167276
2.1510000000000002 0.413802313101707
2.152 0.4497752110016082
2.153 0.4100339496976315
2.154 0.3623124547969552
2.1550000000000002 0.3728585142518392
2.156 0.3211275016479013
2.157 0.3360328589455837
2.158 0.20033286673447628
2.1590000000000003 0.0998784148667501
2.16 0.15242081016967884
2.161 0.1617909731227984
2.162 0.19432377710896775
2.1630000000000003 0.16880088941326296
2.164 0.17512090092809818
2.165 0.14896470960708977
2.166 0.12494733714729342
2.1670000000000003 0.14462811906314718
2.168 0.16613649213832504
2.169 0.13520886314505332
2.17 0.11594763100247546
2.1710000000000003 0.10744417944324085
2.172 0.1867285167308564
2.173 0.20328448210986153
2.174 0.21001861416115175
2.1750000000000003 0.1788773355113045
2.176 0.13265961594154818
2.177 0.10796060529821137
2.178 0.18484691312736407
2.179 0.26265094467195177
2.18 0.28183526517242374
2.181 0.31688413969740636
2.182 0.3589331438975731
2.183 0.4250048579158327
2.184 0.34795828925174976
2.185 0.31679190035661997
2.186 0.26913219626658064
2.187 0.35827590058471825
2.188 0.4215403194375398
2.189 0.4469934922707223
2.19 0.5744357455896212
2.191 0.6209651357878379
2.192 0.7078096175995767
2.193 0.7514574483734163
2.194 0.818376724526147
2.195 0.7539415729793566
2.196 0.6875397869971376
2.197 0.752167931006304
2.198 0.6850171223759822
2.199 0.7286644761056614
2.2 0.6968576141684344
2.201 0.6261107741585908
2.202 0.6503965897158539
2.203 0.6421542967544075
2.204 0.6033248730592463
2.205 0.5896861422391656
2.206 0.6226933436995981
2.207 0.7124794257900633
2.208 0.725102003905592
2.209 0.7381521032249215
2.21 0.7366913706596389
2.211 0.6547165395119813
2.212 0.5839133663562888
2.213 0.5463293060564975
2.214 0.6357029792951878
2.215 0.5880611506536554
2.216 0.5724363386722644
2.217 0.6332695977349544
2.218 0.7177414443157355
2.219 0.7671168451128094
2.22 0.9004506232992314
2.221 0.7867723144295116
2.222 0.7716230617274997
2.223 0.7940023579432108
2.224 0.7127857534989364
2.225 0.6879023245865362
2.226 0.6162160955948661
2.227 0.6317633401743814
2.228 0.5953998726724155
2.229 0.5662713686867815
2.23 0.4751428283799571
2.231 0.5280768013693898
2.232 0.4175389284536797
2.233 0.44400078726200737
2.234 0.45696038063879474
2.235 0.5530394922719287
2.236 0.4870685611516269
2.237 0.5568377712636402
2.238 0.5821517872605628
2.239 0.5527975078931792
2.24 0.5927815654283223
2.241 0.5970369276070091
2.242 0.64451280965551
2.243 0.5969191581304042
2.244 0.5296259627423373
2.245 0.49530179576833455
2.246 0.5995344111896693
2.247 0.6384225749710063
2.248 0.5931890982983501
2.249 0.5298434057176632
2.25 0.6965157490473455
2.251 0.717883185050832
2.2520000000000002 0.6803192940387941
2.253 0.6438601808908664
2.254 0.6599563282004104
2.255 0.7064923126144932
2.2560000000000002 0.6254113669363407
2.257 0.6786126526508343
2.258 0.6148981459949162
2.259 0.5877777177547268
2.2600000000000002 0.5900446697468127
2.261 0.658839005175251
2.262 0.6092098923070021
2.263 0.6888749360238233
2.2640000000000002 0.7093490393145553
2.265 0.7927495003667346
2.266 0.7359700656861681
2.267 0.7718443350061731
2.2680000000000002 0.80669251866921
2.269 0.867176457022527
2.27 0.8840290016350029
2.271 0.9135181257729185
2.2720000000000002 0.9689566362530885
2.273 0.9338263276760144
2.274 0.9626291034394375
2.275 0.9013293785039589
2.2760000000000002 0.9895994571511432
2.277 0.9876300352322231
2.278 0.8645736723294022
2.279 0.8407629394153736
2.2800000000000002 0.8405670923395703
2.281 0.8217208423116901
2.282 0.7812985905846958
2.283 0.857717439509849
2.2840000000000003 0.7946214128903055
2.285 0.7260005400541643
2.286 0.7752632713658105
2.287 0.8669111027991488
2.2880000000000003 0.8140616276202045
2.289 0.8237803239817943
2.29 0.7714164248679218
2.291 0.7447660419293614
2.2920000000000003 0.7470119101717833
2.293 0.6895171739965056
2.294 0.7132798157330478
2.295 0.7136652007535781
2.2960000000000003 0.6467186863302974
2.297 0.5866384347442188
2.298 0.7178035673952621
2.299 0.6556874171183912
2.3000000000000003 0.7063033684141395
2.301 0.6429130890987379
2.302 0.5607159300172386
2.303 0.50423863734312
2.3040000000000003 0.5838801192719877
2.305 0.6239311180789973
2.306 0.6038917487319392
2.307 0.5605181491654979
2.308 0.5636159150800978
2.309 0.5918741340758171
2.31 0.6808654358826267
2.311 0.6244837694456628
2.312 0.6553629383354839
2.313 0.7166002572824659
2.314 0.7601168074886078
2.315 0.7958510340479726
2.316 0.7828090552313896
2.317 0.7594080679082983
2.318 0.6810838857709105
2.319 0.6029329207512286
2.32 0.5441566922921531
2.321 0.5183947620521215
2.322 0.49108213571946846
2.323 0.45762860059038474
2.324 0.4456988943944167
2.325 0.3968525519616802
2.326 0.3092324424549038
2.327 0.20717617742571226
2.328 0.14755247614356207
2.329 0.19158378127069417
2.33 0.3038455965712942
2.331 0.3983871485563073
2.332 0.39254802033379466
2.333 0.47825486046396487
2.334 0.49812577452255297
2.335 0.6098722835154965
2.336 0.6771032836794554
2.337 0.6559702119845048
2.338 0.6196875579220714
2.339 0.6624725395803324
2.34 0.7921833377521729
2.341 0.7847783249439424
2.342 0.8172524507590119
2.343 0.859745976823741
2.344 0.788144060109467
2.345 0.6877545713272551
2.346 0.6800050862114835
2.347 0.7153799158341002
2.348 0.7194006589762852
2.349 0.748604182107634
2.35 0.7172655089810783
2.351 0.5734195195870898
2.352 0.5007804099029962
2.353 0.463720917084589
2.354 0.40823543854385225
2.355 0.32654137594596033
2.356 0.3741086808289386
2.357 0.27953992646157116
2.358 0.2882861931942402
2.359 0.31207717080887404
2.36 0.31159987771267317
2.361 0.34659959604185514
2.362 0.4137569743345633
2.363 0.41670813329075884
2.364 0.41637179382697825
2.365 0.5036070316205193
2.366 0.522803766184321
2.367 0.46827242317216683
2.368 0.4293802603569926
2.369 0.39479503579305397
2.37 0.3591647995032804
2.371 0.3239502547204097
2.372 0.31258006378065406
2.373 0.3290715161440839
2.374 0.3280699523004266
2.375 0.31840830944054044
2.376 0.41951662346832735
2.3770000000000002 0.4572074638186412
2.378 0.4320335689897402
2.379 0.33405093010799003
2.38 0.37322026878103154
2.3810000000000002 0.4227091946409192
2.382 0.48724244684311796
2.383 0.5763250681570138
2.384 0.5285586844826083
2.3850000000000002 0.5449994032729591
2.386 0.5962600779354865
2.387 0.6473245311516488
2.388 0.6499132588904264
2.3890000000000002 0.5785613427429772
2.39 0.5964989893180404
2.391 0.5919369001227176
2.392 0.5629583392649568
2.3930000000000002 0.5717959987261216
2.394 0.6010663574860462
2.395 0.5315722193861169
2.396 0.5751000626158189
2.3970000000000002 0.6018888062106814
2.398 0.5599931500901977
2.399 0.6010776483160697
2.4 0.5320051181783865
2.4010000000000002 0.610422050031169
2.402 0.6329313163154827
2.403 0.6856511132968819
2.404 0.5178093456312123
2.4050000000000002 0.5162997273382304
2.406 0.5282108553032335
2.407 0.666719260055798
2.408 0.5704784984864892
2.4090000000000003 0.5621843170850701
2.41 0.56248968072144
2.411 0.5464580362801823
2.412 0.38364461243745746
2.4130000000000003 0.37000308789186936
2.414 0.39331350168524004
2.415 0.387376366406609
2.416 0.3654381163437721
2.4170000000000003 0.40611578702637335
2.418 0.343852886868322
2.419 0.388557793497831
2.42 0.38964781721498015
2.4210000000000003 0.45243174022184796
2.422 0.41065216606941635
2.423 0.45683611646413474
2.424 0.4163035472981924
2.4250000000000003 0.3471269115992067
2.426 0.34296109419115384
2.427 0.1766358493441304
2.428 0.22270852691495563
2.4290000000000003 0.23346592361230678
2.43 0.290940940984045
2.431 0.31049029235868264
2.432 0.35967753458374224
2.433 0.32330603027302585
2.434 0.2832383465202502
2.435 0.37388652749499557
2.436 0.245344619524514
2.437 0.19893573618119337
2.438 0.20463743387171804
2.439 0.20483782009131443
2.44 0.16954892864536553
2.441 0.172162830778188
2.442 0.14121772519964218
2.443 0.21143957752927073
2.444 0.27882307097126235
2.445 0.2556142720290586
2.446 0.28035872954911883
2.447 0.3012088329844393
2.448 0.37961227105188
2.449 0.41184867874064923
2.45 0.43138755095293857
2.451 0.5229396380665473
2.452 0.5028125769613151
2.453 0.5215046287677232
2.454 0.6515139584793423
2.455 0.6791198573392132
2.456 0.7607483881804018
2.457 0.7081823080965739
2.458 0.6443604725584982
2.459 0.7012716098888649
2.46 0.6496731224106314
2.461 0.7328532328490516
2.462 0.6589075584623596
2.463 0.609246851821526
2.464 0.561151687473485
2.465 0.6863322238066384
2.466 0.7001242298576198
2.467 0.699496616535323
2.468 0.7140979487045898
2.469 0.686340093980171
2.47 0.6253172296572314
2.471 0.47534077371936123
2.472 0.4466168648636335
2.473 0.4083429163500092
2.474 0.3359303089964069
2.475 0.2876798514248241
2.476 0.3437260606274927
2.477 0.4127324108711938
2.478 0.39561708964835685
2.479 0.33580381956191413
2.48 0.2632973243536339
2.481 0.27521114031598837
2.482 0.2695612759435872
2.483 0.182506159173896
2.484 0.338925080693582
2.485 0.3347597167859657
2.486 0.36437707801880004
2.487 0.28733210570021295
2.488 0.20389156888731094
2.489 0.11449376847756611
2.49 0.24224507168485526
2.491 0.19153790272104523
2.492 0.16262111711654895
2.493 0.1753687700387758
2.494 0.15258897567230575
2.495 0.1129424341576139
2.496 0.13366889016277764
2.497 0.13792056191744229
2.498 0.2056937004486796
2.499 0.15687298413891707
2.5 0.20895826548677082
2.501 0.20486751940256565
2.5020000000000002 0.17126593382188376
2.503 0.1229430870242636
2.504 0.10646570203433608
2.505 0.12488859000657143
2.5060000000000002 0.1716235267339718
2.507 0.15766837738676706
2.508 0.12083610746980825
2.509 0.2034124296845961
2.5100000000000002 0.1232987600452999
2.511 0.18943056199841246
2.512 0.22662932673723224
2.513 0.1239089016820025
2.5140000000000002 0.08539179853678869
2.515 0.013991956971925915
2.516 -0.017315027297368737
2.517 -0.020533206707417085
2.5180000000000002 -0.01577901265016291
2.519 0.1091607522007973
2.52 0.11527220969576686
2.521 0.1901970226744115
2.5220000000000002 0.2640021698400783
2.523 0.21464173747654597
2.524 0.21532493219924545
2.525 0.09724853990069292
2.5260000000000002 0.1712551636550619
2.527 0.16438391992207557
2.528 0.20383113511959086
2.529 0.19489630303777508
2.5300000000000002 0.080284156780992
2.531 0.05887582193654185
2.532 0.03591288752756648
2.533 0.008262009706869945
2.5340000000000003 -0.1203989227453498
2.535 -0.14647153406688412
2.536 -0.26147870286058583
2.537 -0.22960417522853344
2.5380000000000003 -0.20862389648176072
2.539 -0.19189754504570578
2.54 -0.1375889426836245
2.541 -0.15009411788947405
2.5420000000000003 -0.2508779615735693
2.543 -0.19260163822909596
2.544 -0.26660634296253144
2.545 -0.24769761864629047
2.5460000000000003 -0.17528675131469101
2.547 -0.08663492317339579
2.548 0.047311320543411514
2.549 -0.08126144972734851
2.5500000000000003 -0.12706870139202478
