0.0 -0.5207276203953414
0.001 -0.5620629860179386
0.002 -0.459210031665533
0.003 -0.47002811777225223
0.004 -0.46728654275395914
0.005 -0.45430054036882794
0.006 -0.5404854964360991
0.007 -0.5350206415127147
0.008 -0.5700763392660172
0.009000000000000001 -0.6149504777012141
0.01 -0.5711383907590303
0.011 -0.4714649724370857
0.012 -0.5370145187592343
0.013000000000000001 -0.5254841062074344
0.014 -0.4238745035370576
0.015 -0.487547471085503
0.016 -0.4375258451353755
0.017 -0.4342168601830848
0.018000000000000002 -0.48785853872169344
0.019 -0.3895282425435367
0.02 -0.3768484211333103
0.021 -0.2893855905114542
0.022 -0.17294716239333813
0.023 -0.15015862274122635
0.024 -0.15646928790055215
0.025 -0.16341035098037385
0.026000000000000002 -0.11840815379333611
0.027 -0.1198251951920166
0.028 -0.07716481152298146
0.029 -0.21393288704556204
0.03 -0.15142360242097774
0.031 -0.0852620530934338
0.032 -0.11219841860429189
0.033 -0.23045720700972733
0.034 -0.20385977189559243
0.035 -0.1912921669679291
0.036000000000000004 -0.12868249915031255
0.037 -0.17306899721497385
0.038 -0.20928642219693203
0.039 -0.2723669418690339
0.04 -0.19816430068265173
0.041 -0.1794492354410704
0.042 -0.2171161596204046
0.043000000000000003 -0.10675204453308151
0.044 0.05778142624333191
0.045 0.16718127989141185
0.046 0.2354693149676076
0.047 0.176024975371672
0.048 0.13848858768986655
0.049 0.05722985575124159
0.05 0.14939893997280235
0.051000000000000004 0.15039464831596935
0.052000000000000005 0.27237805468907195
0.053 0.22592236932993082
0.054 0.19528605709502733
0.055 0.16024195602050723
0.056 0.2411897462426541
0.057 0.22663796411523232
0.058 0.16372802541040776
0.059000000000000004 0.16678062917947942
0.06 0.15387661755205287
0.061 0.1133833323104445
0.062 0.23846550559081106
0.063 0.27676755519987534
0.064 0.356493564178604
0.065 0.3729007010128793
0.066 0.4259123269908689
0.067 0.33462231804848264
0.068 0.30948335335710286
0.069 0.3932103645094547
0.07 0.3302131895619191
0.07100000000000001 0.3383940119157321
0.07200000000000001 0.15470558517821303
0.073 0.10989485380637523
0.074 0.16706124517919482
0.075 0.10364573482787937
0.076 0.11258830805162258
0.077 0.07523188074997995
0.078 0.05067014244864404
0.079 0.03831974252077164
0.08 0.09561378297482598
0.081 0.09837700687435305
0.082 0.0708629134234961
0.083 0.04696516487760394
0.084 0.09086355827106883
0.085 0.126909471194483
0.08600000000000001 0.1239814977823511
0.08700000000000001 0.23327445518544693
0.088 0.3296941251415097
0.089 0.3371389119253811
0.09 0.33948751144331196
0.091 0.3616631193084544
0.092 0.24924473172349204
0.093 0.24901108085952922
0.094 0.3851411007481096
0.095 0.36939932686990634
0.096 0.43470813597335617
0.097 0.42320091953701205
0.098 0.5230968769353253
0.099 0.46156504353369776
0.1 0.5697753568974288
0.101 0.5343797586222133
0.10200000000000001 0.5726161545672459
0.10300000000000001 0.726532896913027
0.10400000000000001 0.6438142445433315
0.105 0.7397820587035339
0.106 0.7349608146132484
0.107 0.7508611493672132
0.108 0.7591530027474274
0.109 0.7714929932808188
0.11 0.8272701461801397
0.111 0.7612885351168819
0.112 0.7807982268758561
0.113 0.7884911915347715
0.114 0.7673231407469653
0.115 0.7659323368505461
0.116 0.8799768668549557
0.117 0.8043539958131113
0.11800000000000001 0.9421680390481444
0.11900000000000001 1.0440221429289984
0.12 1.1285589964629852
0.121 1.066970496520904
0.122 1.0485123517374053
0.123 0.999985345368076
0.124 0.9847331891690818
0.125 1.00149136225848
0.126 0.9412133171635488
0.127 0.8370574329417954
0.128 0.8174590364679744
0.129 0.777610466652229
0.13 0.8008564078869713
0.131 0.8782765950627536
0.132 0.9121210533035968
0.133 0.9923443149110065
0.134 0.9753528609497096
0.135 0.943378630877366
0.136 1.0213198748882706
0.137 1.0780802623305432
0.138 1.03444507827027
0.139 1.1049824990781856
0.14 1.0467938329772222
0.14100000000000001 0.9756386078062321
0.14200000000000002 0.9989724967242993
0.14300000000000002 1.02326370145146
0.14400000000000002 0.9907226583065504
0.145 1.0569554802663765
0.146 0.9993299884443057
0.147 1.082621642899139
0.148 1.1375512893377946
0.149 1.057612613752655
0.15 1.0933260713343091
0.151 1.117019053776885
0.152 1.0883504935702073
0.153 1.055554070009147
0.154 1.03663748113849
0.155 1.0588987029627772
0.156 1.0343594740229545
0.157 1.117042537499965
0.158 1.139681142335231
0.159 1.1369590715232554
0.16 1.0785440548464391
0.161 1.144150791722647
0.162 1.1713435155926553
0.163 1.1259640902084065
0.164 1.1465499672191444
0.165 1.2258396736378265
0.166 1.180256376174508
0.167 1.2121374321116256
0.168 1.1708970599954436
0.169 1.2142304145710794
0.17 1.2463433576089373
0.171 1.332164555580788
0.17200000000000001 1.3433774092461117
0.17300000000000001 1.3179018994192229
0.17400000000000002 1.4459552620950895
0.17500000000000002 1.4695665884091924
0.176 1.3713331970869833
0.177 1.5020124187233774
0.178 1.4140531527848486
0.179 1.4397250350771833
0.18 1.47229256945682
0.181 1.587696466472299
0.182 1.6118464074351277
0.183 1.6344916620686243
0.184 1.506503712772766
0.185 1.4564323854408616
0.186 1.5304115509417637
0.187 1.5628969425737655
0.188 1.5351824211274177
0.189 1.591202195913773
0.19 1.6105680461309264
0.191 1.5546783374116346
0.192 1.5849973083667876
0.193 1.5962838659236032
0.194 1.6596023866635807
0.195 1.6888371566116234
0.196 1.6535431417699564
0.197 1.6029658192810068
0.198 1.5416361706451696
0.199 1.580798757635079
0.2 1.525692925011861
0.201 1.4878916530645203
0.202 1.5650587750802423
0.203 1.4565326135445074
0.20400000000000001 1.4050098454228979
0.20500000000000002 1.2874023470360827
0.20600000000000002 1.2875742777892725
0.20700000000000002 1.367737064659549
0.20800000000000002 1.388872478908964
0.209 1.4625202338044887
0.21 1.5243996356780616
0.211 1.564088380359391
0.212 1.6409428633232788
0.213 1.582638861674798
0.214 1.5518669720300353
0.215 1.4536937162145238
0.216 1.4651138760565459
0.217 1.5316682408412199
0.218 1.6000037390206154
0.219 1.6331420725906662
0.22 1.6055679189285093
0.221 1.5599969211178095
0.222 1.7211780619729393
0.223 1.6297004833982645
0.224 1.558223193967647
0.225 1.5139072804434957
0.226 1.561125254611869
0.227 1.5279163929358353
0.228 1.5949267388359525
0.229 1.6011328953398658
0.23 1.571061629956988
0.231 1.5803003351785003
0.232 1.537747211968583
0.233 1.618830762729946
0.234 1.5400999147620547
0.23500000000000001 1.4953438833938533
0.23600000000000002 1.4957817720598405
0.23700000000000002 1.4548182618117276
0.23800000000000002 1.4596114913229492
0.23900000000000002 1.436165106581408
0.24 1.3774037538027295
0.241 1.368455531104945
0.242 1.2839051682790608
0.243 1.352042558894659
0.244 1.2320843967655624
0.245 1.287536959771779
0.246 1.2720633488662405
0.247 1.2583498971108318
0.248 1.3231846760058674
0.249 1.2871826691751649
0.25 1.309826802883388
0.251 1.1595973900330978
0.252 1.0966261770823234
0.253 1.1275470264176626
0.254 1.1388498894830974
0.255 1.1036096063976695
0.256 1.1269083584278343
0.257 0.9576088895954524
0.258 0.9258050639473852
0.259 0.8935989317734321
0.26 0.8548229810888643
0.261 0.8871338928234602
0.262 0.7547203225958042
0.263 0.8445511111670355
0.264 0.8205357955553243
0.265 0.9032532198426044
0.266 0.9529407385333503
0.267 1.0071545682040028
0.268 1.0273299649853922
0.269 1.0868459231392076
0.27 1.0352451907777895
0.271 1.0038279182510594
0.272 0.9702506743335533
0.273 0.8794185882137742
0.274 0.8653718505611621
0.275 0.8528970580750387
0.276 0.8011838529490594
0.277 0.8332770350224092
0.278 0.8097042686190333
0.279 0.9517751766642133
0.28 0.9064072112569758
0.281 0.8622244610406564
0.28200000000000003 0.8648628753016601
0.28300000000000003 0.8862175836510718
0.28400000000000003 0.8047835635818554
0.28500000000000003 0.7132461613103908
0.28600000000000003 0.5848869893652933
0.28700000000000003 0.5586654896853287
0.28800000000000003 0.6152308925882669
0.289 0.6211041678974035
0.29 0.5691470938195217
0.291 0.4771867900315749
0.292 0.4850357317776619
0.293 0.465282207679615
0.294 0.5177268327393197
0.295 0.5475891572773379
0.296 0.560102338366279
0.297 0.579960291770639
0.298 0.5964410011302878
0.299 0.5548870633687091
0.3 0.5674660874048802
0.301 0.4684252182674786
0.302 0.4390211162691959
0.303 0.3259782665136154
0.304 0.2924377656690176
0.305 0.2964961024359157
0.306 0.2798619534116793
0.307 0.35896296932308036
0.308 0.27467947474049087
0.309 0.3832130456201249
0.31 0.28904661296148054
0.311 0.31684240045313783
0.312 0.3124227507774005
0.313 0.25815645242085994
0.314 0.23420421729320814
0.315 0.10103314409689945
0.316 0.08286852024257461
0.317 0.2074569648830492
0.318 0.17069635003925077
0.319 0.15281411954642404
0.32 0.13855815629038523
0.321 0.2869671311811759
0.322 0.3069737921987566
0.323 0.24149469268578722
0.324 0.14462201806335
0.325 0.08865516470247858
0.326 0.06644621389622277
0.327 0.11620278743461088
0.328 0.08910144570505524
0.329 0.06852442840738825
0.33 0.146171832735622
0.331 0.1769455983076269
0.332 0.18040085705082093
0.333 0.1874373794497754
0.334 0.09030845687100279
0.335 0.06016534952424345
0.336 0.028692982120173127
0.337 -0.08805976528258509
0.338 -0.06337392889391448
0.339 -0.01191197849779907
0.34 -0.0787058267259204
0.341 -0.10505411722848804
0.342 -0.08547462268522253
0.343 -0.1693144086555951
0.34400000000000003 -0.17089959711527722
0.34500000000000003 -0.15468615761422586
0.34600000000000003 -0.20158948817134822
0.34700000000000003 -0.22916710587795824
0.34800000000000003 -0.12103496886034606
0.34900000000000003 -0.15531463115472455
0.35000000000000003 -0.11008076222406094
0.35100000000000003 -0.17568953962550854
0.352 -0.1309363526801334
0.353 -0.08895336532603967
0.354 -0.1502854824811669
0.355 -0.23674973450929845
0.356 -0.2650859522475746
0.357 -0.24424021395724896
0.358 -0.17466958000392682
0.359 -0.18751411853331518
0.36 -0.11744069764701663
0.361 -0.14237163782052964
0.362 -0.16170169007436733
0.363 -0.20199261914107794
0.364 -0.21649267955243928
0.365 -0.19497598331188914
0.366 -0.06459750509941631
0.367 -0.04664725544756225
0.368 -0.0953973502513909
0.369 -0.05675326836652788
0.37 -0.09757330768645542
0.371 -0.06960745782128322
0.372 -0.07336688091033348
0.373 -0.1008059532435644
0.374 -0.1617252673916521
0.375 -0.2073564001935329
0.376 -0.19056449556597518
0.377 -0.10255775666018448
0.378 0.03807864938359133
0.379 0.062285404620156096
0.38 0.02833662117714729
0.381 0.09334539489779793
0.382 0.1364235661431877
0.383 0.15796271546573407
0.384 0.1959874787663952
0.385 0.1924643609489734
0.386 0.16356021937302082
0.387 0.12371160511024765
0.388 0.16676763300897782
0.389 0.15633184573721187
0.39 0.031115880510340782
0.391 0.05577401038808294
0.392 0.08735684930371658
0.393 0.05918047462744838
0.394 0.029694810772634934
0.395 0.0429933754885639
0.396 0.06465608495361731
0.397 0.016374148742732506
0.398 -0.0043801915772008
0.399 -0.000635607739680581
0.4 0.05926492683024298
0.401 0.0005493027717963575
0.402 -0.15061659043136152
0.403 -0.10362878214717741
0.404 -0.024508224417817345
0.405 0.032497334518021205
0.406 0.07965143035327366
0.40700000000000003 0.05535223178218816
0.40800000000000003 -0.08104292104868212
0.40900000000000003 -0.05607630954417428
0.41000000000000003 -0.008053760183353027
0.41100000000000003 -0.038928550184864304
0.41200000000000003 -0.09712500958867426
0.41300000000000003 -0.14644978985265572
0.41400000000000003 -0.11088334729001573
0.41500000000000004 0.03727984857012115
0.41600000000000004 0.05620734535156162
0.417 0.007846002411257276
0.418 -0.057463050402730455
0.419 -0.0062631163240707555
0.42 -0.04193752697588647
0.421 -0.0696984644784498
0.422 -0.0793422166594667
0.423 -0.0894716153459057
0.424 -0.18808982328969615
0.425 -0.14000794152869436
0.426 -0.12791606999928304
0.427 -0.1530864354884155
0.428 -0.06706048285209332
0.429 0.002211213284074781
0.43 0.08503585207181122
0.431 0.09760367176500825
0.432 0.21518076637805916
0.433 0.15168799650248432
0.434 0.1264319020154674
0.435 0.07442132275702817
0.436 -0.043409338434549166
0.437 -0.12790560657354688
0.438 -0.27320087108871094
0.439 -0.3864940387916009
0.44 -0.4744065059951291
0.441 -0.36506360991951964
0.442 -0.3706068453701967
0.443 -0.3662346418890466
0.444 -0.3450290693619195
0.445 -0.34998015563632984
0.446 -0.36481760273890584
0.447 -0.49416011988984876
0.448 -0.4496785709786776
0.449 -0.4171463114478156
0.45 -0.5064556527060614
0.451 -0.44946588883088
0.452 -0.4576654652001425
0.453 -0.5163953323563886
0.454 -0.4930525633770716
0.455 -0.5573816404394889
0.456 -0.515886280737041
0.457 -0.6055460946077795
0.458 -0.5912524582584646
0.459 -0.5209087344332829
0.46 -0.5061549933769542
0.461 -0.4379534320115665
0.462 -0.4015436889256341
0.463 -0.35582306918105305
0.464 -0.34241867836665135
0.465 -0.2657966085039128
0.466 -0.2874901122091804
0.467 -0.23583483140100472
0.468 -0.20576345473627064
0.46900000000000003 -0.18551940893275012
0.47000000000000003 -0.10733799090218402
0.47100000000000003 -0.07750229090762287
0.47200000000000003 -0.24445201598097333
0.47300000000000003 -0.22871205728605154
0.47400000000000003 -0.19245412264961825
0.47500000000000003 -0.14562301247627324
0.47600000000000003 -0.11830539777594806
0.47700000000000004 -0.21706736231344648
0.47800000000000004 -0.26477276964241164
0.47900000000000004 -0.16822396072869367
0.48 -0.13579786198637953
0.481 -0.07241762923775573
0.482 -0.028787139895833994
0.483 0.01180684469664093
0.484 0.009216157183019024
0.485 0.10370749119702324
0.486 0.04731050912277397
0.487 0.062004714033276606
0.488 0.009850695403388926
0.489 -0.02844460456496272
0.49 -0.0589727332876179
0.491 0.10725400324107257
0.492 0.04795258200267275
0.493 0.04356179173395291
0.494 0.11025213245761697
0.495 0.1675116514964003
0.496 0.19557125982282608
0.497 0.17526213963711057
0.498 0.282053349898156
0.499 0.1705683712283859
0.5 0.04753015247489613
0.501 0.01629745919310647
0.502 0.10767821475501937
0.503 0.04854776827887037
0.504 0.10547714745692811
0.505 0.02333042814958315
0.506 0.09959553854737666
0.507 -0.05631467283836772
0.508 -0.11702847310470181
0.509 -0.053056957689461434
0.51 0.010455858630858239
0.511 0.02221251189794908
0.512 0.03186817247478317
0.513 0.007813439581222801
0.514 -0.009310140613835009
0.515 -0.09687429256618982
0.516 -0.14748274900743422
0.517 -0.18547451495531397
0.518 -0.20071110169622633
0.519 -0.333821203931441
0.52 -0.37107982791956706
0.521 -0.352100528031075
0.522 -0.27832886871780627
0.523 -0.23690347061092148
0.524 -0.3501168003209836
0.525 -0.39438004519945213
0.526 -0.3949261394116437
0.527 -0.3991269206589441
0.528 -0.37331693898416796
0.529 -0.2756461054952246
0.53 -0.3284436982466272
0.531 -0.2789284528149329
0.532 -0.23628646720852803
0.533 -0.2507899352572641
0.534 -0.2778246635395557
0.535 -0.12017219264819598
0.536 -0.11521014300784288
0.537 -0.04749925214388183
0.538 0.056018342353081285
0.539 -0.06259124656911687
0.54 0.011220845413638214
0.541 0.12902384246823423
0.542 0.29087487157285163
0.543 0.32654107155492074
0.544 0.33962917569231915
0.545 0.35201748207185235
0.546 0.40140808058308713
0.547 0.28201978861487487
0.548 0.2940156526391197
0.549 0.19847088120379902
0.55 0.17253537143876557
0.551 0.13324227620498214
0.552 0.0489177931343724
0.553 0.021016436180364487
0.554 0.05746438651213002
0.555 -0.04362490258803426
0.556 -0.08667231683534732
0.557 -0.14675379383610326
0.558 -0.06956656730456173
0.559 -0.021827684120283644
0.56 -0.037763679748511275
0.561 -0.08116582067816795
0.562 -0.07308068092047118
0.5630000000000001 -0.0388048617419747
0.5640000000000001 -0.06619725999543496
0.5650000000000001 -0.02201335204255813
0.5660000000000001 0.04761917646122583
0.5670000000000001 0.05615298375011794
0.5680000000000001 0.0552810684872287
0.5690000000000001 0.06638484411352907
0.5700000000000001 0.19965089270802397
0.5710000000000001 0.18212800939121712
0.5720000000000001 0.20556314799514475
0.5730000000000001 0.1453713700110562
0.5740000000000001 0.2345285778786112
0.5750000000000001 0.17053651332128578
0.5760000000000001 0.1284528842750074
0.577 0.15065192511530298
0.578 0.15860382939953663
0.579 0.1697890588869223
0.58 0.04293193024617806
0.581 0.0020209381568164347
0.582 0.009607486954891732
0.583 -0.06365882788132608
0.584 0.013519112508435613
0.585 0.08214801949860881
0.586 0.02928514385918863
0.587 0.05584314579630262
0.588 -0.08480119982897252
0.589 -0.0063318368269190545
0.59 -0.11181627628545947
0.591 -0.22025497174006903
0.592 -0.1613749817711792
0.593 -0.09694665623831146
0.594 -0.11125803053373874
0.595 -0.11491302586322547
0.596 -0.05128357935230725
0.597 0.04889289111967038
0.598 0.08815822524297619
0.599 0.09196865570225311
0.6 0.053185433466158505
0.601 0.14558860985620653
0.602 0.21419425981712892
0.603 0.19849076256230608
0.604 0.2006943790759462
0.605 0.2421958186313799
0.606 0.2575344380893838
0.607 0.2774744192524941
0.608 0.3284736096943565
0.609 0.3082090596774151
0.61 0.33247191887290534
0.611 0.3194946838532998
0.612 0.29634412883611694
0.613 0.23420412146273428
0.614 0.2357176753183559
0.615 0.24921209704826824
0.616 0.24858091207782435
0.617 0.24088374174105057
0.618 0.22738399236969148
0.619 0.17269249777654422
0.62 0.12409015982752128
0.621 0.14258157913765385
0.622 0.1929729768923394
0.623 0.2531248848725605
0.624 0.30587991091075856
0.625 0.2986268770154554
0.626 0.2760791333850417
0.627 0.17109622844477151
0.628 0.12212928784433498
0.629 0.17717351590594016
0.63 0.19617779371980287
0.631 0.2528514907228802
0.632 0.22594312627859622
0.633 0.26088136852295213
0.634 0.34170356563187854
0.635 0.31941151596372164
0.636 0.45022375556376704
0.637 0.5025785989860384
0.638 0.4311449541742659
0.639 0.3914272744045982
0.64 0.30553156093980843
0.641 0.2981871160031491
0.642 0.2767457234104804
0.643 0.30492181968464666
0.644 0.3087174474873507
0.645 0.32154500396591
0.646 0.3153813515251401
0.647 0.38277823748104245
0.648 0.46306312152257934
0.649 0.49053795221678237
0.65 0.4091280033093424
0.651 0.4112037056027219
0.652 0.395647640089475
0.653 0.385016268045497
0.654 0.2690508517854967
0.655 0.2757512242525694
0.656 0.27114776258233053
0.657 0.21563611310281922
0.658 0.18048510409957358
0.659 0.251354851538039
0.66 0.12359730810074904
0.661 0.08035259558218207
0.662 0.06850189523653426
0.663 0.11706642645806913
0.664 0.169742403523044
0.665 0.10467173675267656
0.666 0.12735966991929376
0.667 0.10333997894619475
0.668 0.1361946297626039
0.669 0.15872693834498736
0.67 0.17874133528087824
0.671 0.15306862298696047
0.672 0.08039186085937411
0.673 0.04238123094082556
0.674 0.04375469360468051
0.675 0.03221459150929684
0.676 0.031256040778768826
0.677 0.012638097207101247
0.678 0.06875730471389589
0.679 0.06125750845674055
0.68 0.0377384135103429
0.681 0.10303870406257704
0.682 0.008487762757263997
0.683 -0.027733097167959304
0.684 0.08821088013710049
0.685 0.2000438804620637
0.686 0.20575219660453012
0.687 0.22195140912105815
0.6880000000000001 0.15743653023003865
0.6890000000000001 0.09804769003031624
0.6900000000000001 0.08115314110002099
0.6910000000000001 0.0744797190792433
0.6920000000000001 0.0267797300026587
0.6930000000000001 -0.008755384061285128
0.6940000000000001 0.0816735693528731
0.6950000000000001 0.06122384493818371
0.6960000000000001 0.03596550265188489
0.6970000000000001 0.10119170358072442
0.6980000000000001 0.09451954997557632
0.6990000000000001 0.04823581980208548
0.7000000000000001 0.14612790241943968
0.7010000000000001 0.11575501002633798
0.7020000000000001 0.11138789570100886
0.7030000000000001 0.16186541834418197
0.704 0.21272878995322955
0.705 0.1482885718512067
0.706 0.13672978724467466
0.707 0.2030848721807833
0.708 0.20460607774251127
0.709 0.15000708253230757
0.71 0.17804035694197212
0.711 0.247263098328386
0.712 0.37293008206679784
0.713 0.3663518065068265
0.714 0.37130241477115195
0.715 0.40445036154467984
0.716 0.3678310702571515
0.717 0.3742099038693844
0.718 0.3033517588747136
0.719 0.2711241723292681
0.72 0.31709184256650524
0.721 0.3620974716125193
0.722 0.3535414336229308
0.723 0.41194345633009444
0.724 0.4353610685234421
0.725 0.36330691213923894
0.726 0.327936076614284
0.727 0.272708074718635
0.728 0.19177926831859257
0.729 0.26728904214251836
0.73 0.2687423376528434
0.731 0.21967049959600007
0.732 0.2132018919514152
0.733 0.20671795229674725
0.734 0.2093525371156244
0.735 0.2631228950726089
0.736 0.23854649221704108
0.737 0.17375103974351258
0.738 0.0648821488206511
0.739 0.007899951074734221
0.74 0.011549636829340383
0.741 0.09430392524733985
0.742 0.14059582540085772
0.743 0.0438822507071087
0.744 0.07835270206428667
0.745 0.09642371365269123
0.746 0.09919745491834038
0.747 0.10408100809889893
0.748 0.19122958485342645
0.749 0.10004832070783626
0.75 0.2394265231605066
0.751 0.21384392088565074
0.752 0.24990256242252873
0.753 0.2261544902959031
0.754 0.29203873265203517
0.755 0.2760234775219821
0.756 0.23076510054022964
0.757 0.2943611797451124
0.758 0.22079716345457667
0.759 0.30464841945589255
0.76 0.2691683034547745
0.761 0.10455561471701971
0.762 0.07075472113825837
0.763 0.048807491121577125
0.764 -0.012240566785890743
0.765 -0.03480895555004611
0.766 -0.015801527715590354
0.767 -0.07561344448465104
0.768 -0.11459866404653071
0.769 -0.046993484757095305
0.77 -0.12803369143924573
0.771 -0.1929314055003875
0.772 -0.341506896018307
0.773 -0.3856578193048114
0.774 -0.3826611502185824
0.775 -0.3397684537452115
0.776 -0.31124763273981876
0.777 -0.21726623153052343
0.778 -0.21573881330580882
0.779 -0.2730768609028427
0.78 -0.28473030073829575
0.781 -0.15511816928318484
0.782 -0.24355162991056267
0.783 -0.2014637450019391
0.784 -0.14958030367134148
0.785 -0.19444947645820657
0.786 -0.29273509660118435
0.787 -0.3660449212621941
0.788 -0.30685302609225495
0.789 -0.3584543505791755
0.79 -0.30516856959772687
0.791 -0.251911342319427
0.792 -0.14978873762187167
0.793 -0.11214234817867744
0.794 -0.24974629510429516
0.795 -0.23728565570209373
0.796 -0.15018683044147907
0.797 -0.11584594874422846
0.798 -0.05037594807182584
0.799 -0.013250998095650376
0.8 -0.06679956941945378
0.801 -0.03582011847139224
0.802 0.002149273723375221
0.803 -0.06717631610171795
0.804 -0.04075813081641402
0.805 -0.04083337254036936
0.806 -0.13564067044689443
0.807 -0.043221149110470286
0.808 -0.018749066310612465
0.809 0.09626226817417118
0.81 0.11715827179801547
0.811 0.13448557072028558
0.812 0.2716179748945826
0.8130000000000001 0.2447809796671975
0.8140000000000001 0.27821834676690704
0.8150000000000001 0.316984386354655
0.8160000000000001 0.31094131063099745
0.8170000000000001 0.3776370774323718
0.8180000000000001 0.3637484924282882
0.8190000000000001 0.413661711751965
0.8200000000000001 0.4202883114673827
0.8210000000000001 0.3369398722569248
0.8220000000000001 0.30734514668336504
0.8230000000000001 0.3173106745128354
0.8240000000000001 0.32213747805138604
0.8250000000000001 0.34825453479543267
0.8260000000000001 0.43640595048466274
0.8270000000000001 0.3570492996491266
0.8280000000000001 0.3303552389297282
0.8290000000000001 0.3536169666282234
0.8300000000000001 0.3949805457593054
0.8310000000000001 0.39233153969798
0.8320000000000001 0.4590930893808064
0.833 0.5926154443933602
0.834 0.554936339557873
0.835 0.6299549466383508
0.836 0.7169139097362129
0.837 0.6358028263165927
0.838 0.4957380890101418
0.839 0.4929783220070647
0.84 0.5367292864688409
0.841 0.5067778188714487
0.842 0.5277551140483527
0.843 0.501940676899659
0.844 0.46520073522765704
0.845 0.4172963600647668
0.846 0.3801894094479116
0.847 0.39836945308047184
0.848 0.5096929156826026
0.849 0.44260172349766186
0.85 0.5364548454860101
0.851 0.5934215464006237
0.852 0.6771133265376813
0.853 0.6846246891129341
0.854 0.6191637079906089
0.855 0.5917593963389413
0.856 0.5867171816305498
0.857 0.6486894265969904
0.858 0.6059335178019095
0.859 0.522223505689263
0.86 0.48961148806265264
0.861 0.5816268838998581
0.862 0.5728442407748311
0.863 0.6048165969118039
0.864 0.6308543797970965
0.865 0.70230545026902
0.866 0.6874517614976583
0.867 0.6087540178546704
0.868 0.5891462580825984
0.869 0.5153617487759352
0.87 0.432379554404108
0.871 0.4497608509480419
0.872 0.34141519634011197
0.873 0.3966678064005261
0.874 0.4144951713728924
0.875 0.2990901256085866
0.876 0.35001266290748456
0.877 0.4205633172380571
0.878 0.5143983227960831
0.879 0.5026444163567468
0.88 0.5100799619741432
0.881 0.5362305483261528
0.882 0.5203707381202469
0.883 0.44137429231717384
0.884 0.4093883226536118
0.885 0.47500727502091117
0.886 0.6021936696728508
0.887 0.7212599153003607
0.888 0.7303686606634078
0.889 0.7750217888325195
0.89 0.7846520975684651
0.891 0.7485822262708267
0.892 0.7707058113712499
0.893 0.829273660867369
0.894 0.8488258275175065
0.895 0.8915340613133739
0.896 0.9766409972912319
0.897 0.9011336786326147
0.898 0.9226276378164047
0.899 0.9715918429416941
0.9 0.9470972213237338
0.901 0.826226044686246
0.902 0.7862708940591469
0.903 0.8045189164168045
0.904 0.756314994648523
0.905 0.7036212259243811
0.906 0.6691018607349157
0.907 0.5969160401863096
0.908 0.567541438373451
0.909 0.4536274420359988
0.91 0.5623127300177138
0.911 0.5611277403497679
0.912 0.5821820360148814
0.913 0.4564423262537941
0.914 0.44486847850255756
0.915 0.4911274638681962
0.916 0.43360376067263223
0.917 0.3988373467237193
0.918 0.1497561591023163
0.919 0.2125355193982229
0.92 0.19025886530669828
0.921 0.11760569816923237
0.922 0.11174432154521635
0.923 0.19653147879448835
0.924 0.2252058151473708
0.925 0.2609156325711506
0.926 0.18670775251314087
0.927 0.2375999428301591
0.928 0.15034502641292727
0.929 0.24448830818923928
0.93 0.132476223951243
0.931 0.023321121279540682
0.932 0.06581352031865562
0.933 0.04707794080591697
0.934 0.24832503592581223
0.935 0.31168766691510086
0.936 0.28684078149835723
0.937 0.3524267015731883
0.9380000000000001 0.38061739917260956
0.9390000000000001 0.33228600513842993
0.9400000000000001 0.37001860537196624
0.9410000000000001 0.3223388559424628
0.9420000000000001 0.37186784276264434
0.9430000000000001 0.2823728422315667
0.9440000000000001 0.3009281217215886
0.9450000000000001 0.34481127648352106
0.9460000000000001 0.25465048978876625
0.9470000000000001 0.2075445774973981
0.9480000000000001 0.21815127185889951
0.9490000000000001 0.2885774512271986
0.9500000000000001 0.3581918531631406
0.9510000000000001 0.33666547722198825
0.9520000000000001 0.36136630427355226
0.9530000000000001 0.37971671693115044
0.9540000000000001 0.32395404073712913
0.9550000000000001 0.3757181141041519
0.9560000000000001 0.35825225777124253
0.9570000000000001 0.38680609686230605
0.9580000000000001 0.387390658593553
0.9590000000000001 0.39426193274989607
0.96 0.29243569442967193
0.961 0.295274226602467
0.962 0.3556619915932943
0.963 0.30548758291171124
0.964 0.34361574641340586
0.965 0.369261735702547
0.966 0.4687618228987496
0.967 0.43755429566589255
0.968 0.3802533793646975
0.969 0.35499369674612385
0.97 0.4546145185724057
0.971 0.42990948291922626
0.972 0.46908321245770257
0.973 0.48057691188639834
0.974 0.5048989009083169
0.975 0.4719736917439694
0.976 0.5074441928414819
0.977 0.4681763044670003
0.978 0.43483040523523603
0.979 0.4711162698671757
0.98 0.4813406920856962
0.981 0.415372346691991
0.982 0.5096565038357072
0.983 0.5566458097178612
0.984 0.6409969820300119
0.985 0.5992134281167202
0.986 0.65251732556158
0.987 0.6889008711800039
0.988 0.7520924348183836
0.989 0.8042485498814678
0.99 0.7389940391468031
0.991 0.6940406529562776
0.992 0.660979440587967
0.993 0.6774650731989054
0.994 0.7129695024969122
0.995 0.6749026237771213
0.996 0.728689593606249
0.997 0.6891970676191299
0.998 0.6790629380808891
0.999 0.6911898796648547
1.0 0.7494709692200962
1.0010000000000001 0.43573716751019864
1.002 0.20614036625339638
1.0030000000000001 -0.2205166011552594
1.004 -0.5028780976022962
1.0050000000000001 -0.7344436444215903
1.006 -0.9791907566733895
1.0070000000000001 -1.2567479129558876
1.008 -1.5301583072978922
1.0090000000000001 -1.8904809826003373
1.01 -2.0967894075148115
1.0110000000000001 -2.351935778644099
1.012 -2.5710539199802294
1.0130000000000001 -2.7277209775902516
1.014 -2.8061139465445244
1.0150000000000001 -2.9857674875354787
1.016 -3.1732952158346004
1.0170000000000001 -3.2804655555442563
1.018 -3.3858308449693872
1.0190000000000001 -3.475405987223516
1.02 -3.5511720015766657
1.0210000000000001 -3.7263089346909415
1.022 -3.855692426131862
1.0230000000000001 -3.9056499426341187
1.024 -3.954224811918747
1.025 -4.011130123133215
1.026 -4.049346249021761
1.027 -4.07427654455137
1.028 -4.123310074640665
1.029 -4.034802563602043
1.03 -3.976044294971995
1.031 -3.912162705799472
1.032 -3.844299828335581
1.033 -3.791068560754902
1.034 -3.7556271898093088
1.035 -3.770958090454158
1.036 -3.7632064435703403
1.037 -3.613095685951581
1.038 -3.6006297666795155
1.039 -3.6669199308027984
1.04 -3.558136582288101
1.041 -3.427426699098676
1.042 -3.2612265015466435
1.043 -3.241815798339578
1.044 -3.1550663761467956
1.045 -3.167318583255739
1.046 -3.0483797747345127
1.047 -2.990948169952184
1.048 -2.8965417004032723
1.049 -2.888274537070136
1.05 -2.735944153671261
1.051 -2.5971348537363776
1.052 -2.3628949626548983
1.053 -2.1817612910758526
1.054 -1.9924661777446484
1.055 -1.9012879038848962
1.056 -1.6733433690585942
1.057 -1.5158734446880815
1.058 -1.3193198076335402
1.059 -1.1958014747266508
1.06 -1.0454091248575696
1.061 -0.9603254471625737
1.062 -0.822571942346858
1.063 -0.7165235799620353
1.064 -0.512478751915171
1.065 -0.21907631173561926
1.066 0.02191310570770566
1.067 0.13888209594637513
1.068 0.25009231422923733
1.069 0.4377743390593464
1.07 0.6048624621993366
1.071 0.8078890434771968
1.072 0.8923384164518633
1.073 1.0142374807611996
1.074 1.2111777987037127
1.075 1.4295182425549406
1.076 1.5783588117207479
1.077 1.7151506025134724
1.078 1.9169403758667063
1.079 1.907503928743423
1.08 2.0392748938254197
1.081 2.1712741128228443
1.082 2.3605765430144094
1.083 2.491166474167735
1.084 2.624141602026331
1.085 2.857606422118192
1.086 2.993260666097035
1.087 3.1043529180015295
1.088 3.2190065426179393
1.089 3.333339698010633
1.09 3.4689210541816293
1.091 3.448173133899976
1.092 3.5110529713766527
1.093 3.5452835424769455
1.094 3.660820056622134
1.095 3.7206571395109354
1.096 3.6528961895394314
1.097 3.8878284249086534
1.098 3.9159794525704217
1.099 3.976308416270931
1.1 4.1484943267755385
1.101 4.2102451393152
1.102 4.208362938244026
1.103 4.177934500546472
1.104 4.156996100750878
1.105 4.133720129419059
1.106 4.0816451891675785
1.107 4.079265945416326
1.108 3.9820323391796824
1.109 3.9513577744548014
1.11 3.8395692220710878
1.111 3.773020310993525
1.112 3.784436529723336
1.113 3.8250682093595247
1.114 3.7800071434386946
1.115 3.7497241901098657
1.116 3.728174246276029
1.117 3.7555537863277353
1.118 3.7563516125788943
1.119 3.751024302159751
1.12 3.6479078149021857
1.121 3.520722123917146
1.122 3.46364215745592
1.123 3.475381168541948
1.124 3.423198116688905
1.125 3.2622331780380445
1.1260000000000001 3.147964185199756
1.127 3.1139766459100615
1.1280000000000001 3.018530353344623
1.129 2.911494666736153
1.1300000000000001 2.88190467708453
1.131 2.921656108436493
1.1320000000000001 2.8486741852452844
1.133 2.6962093927820407
1.1340000000000001 2.47284508370123
1.135 2.3775305849453963
1.1360000000000001 2.2958346181469667
1.137 2.1850386871325647
1.1380000000000001 2.1227867972683465
1.139 1.9667897558656793
1.1400000000000001 1.7785523849958744
1.141 1.6280244851236283
1.1420000000000001 1.4764881740481761
1.143 1.3320174257982034
1.1440000000000001 1.1922606219501355
1.145 0.9922340981215741
1.1460000000000001 0.9343852168104558
1.147 0.8794885500768143
1.1480000000000001 0.7195046193936524
1.149 0.8007910664870237
1.1500000000000001 0.618373363488945
1.151 0.4828324097171013
1.1520000000000001 0.3449870456161196
1.153 0.26273166140521753
1.154 0.13095735340074363
1.155 -0.0663666768753935
1.156 -0.14949512014484867
1.157 -0.2717526774954708
1.158 -0.3785435912642046
1.159 -0.4894665284068223
1.16 -0.591720980128535
1.161 -0.6777104253836224
1.162 -0.7662399926470063
1.163 -0.9127900921469941
1.164 -0.9708396108523746
1.165 -1.0638514240000823
1.166 -1.1340848331804856
1.167 -1.233597723137794
1.168 -1.2434861158843868
1.169 -1.3584970395402285
1.17 -1.5106408915238125
1.171 -1.5634813810906505
1.172 -1.5772172439897305
1.173 -1.6617161042201372
1.174 -1.7452181239121034
1.175 -1.895848971720878
1.176 -2.000425562090908
1.177 -2.1229804644097716
1.178 -2.10827272505734
1.179 -2.250902028642261
1.18 -2.299991146431426
1.181 -2.4224034966907944
1.182 -2.490273912626328
1.183 -2.484363123187091
1.184 -2.509024342117737
1.185 -2.4891045724090715
1.186 -2.4793848722161873
1.187 -2.46913488018007
1.188 -2.5417407726214503
1.189 -2.6549224706188315
1.19 -2.625854845563402
1.191 -2.5899184555037995
1.192 -2.6814141879163684
1.193 -2.7316163070629234
1.194 -2.7140198294142253
1.195 -2.704412637934
1.196 -2.6989700389601423
1.197 -2.7341033685699445
1.198 -2.6776266018873196
1.199 -2.714831660825182
1.2 -2.623801072036531
1.201 -2.631735748856784
1.202 -2.69354300557762
1.203 -2.671216570505466
1.204 -2.5893348344068556
1.205 -2.5717210037869247
1.206 -2.5825414557091064
1.207 -2.5342806300256204
1.208 -2.5368493962138925
1.209 -2.5143328869167316
1.21 -2.468618170322015
1.211 -2.3797318367382587
1.212 -2.3309050483848877
1.213 -2.3548599801565016
1.214 -2.229746107526549
1.215 -2.267331097099521
1.216 -2.1777024818841224
1.217 -2.214020262698815
1.218 -2.195678162505192
1.219 -2.1549212274720135
1.22 -2.0187159876921346
1.221 -2.000635647513252
1.222 -1.841431423783423
1.223 -1.8082881025869513
1.224 -1.78705744629145
1.225 -1.7808901116446905
1.226 -1.704842221905599
1.227 -1.6506395258297362
1.228 -1.5564398249127533
1.229 -1.5390181502182587
1.23 -1.5714294288674044
1.231 -1.452524614871788
1.232 -1.3999543322916963
1.233 -1.3210742526201618
1.234 -1.283331243322748
1.235 -1.2558501743173662
1.236 -1.1733897839556335
1.237 -1.1558143522159943
1.238 -1.143130760769345
1.239 -1.2227664717688933
1.24 -1.1562146266398816
1.241 -1.1922225176336227
1.242 -1.1922300220595878
1.243 -1.2186845458528217
1.244 -1.1629141477985867
1.245 -1.0929908438376572
1.246 -1.1354011726337927
1.247 -1.060291348711188
1.248 -1.1608879039621016
1.249 -1.162730345891366
1.25 -1.0711381043136838
1.2510000000000001 -1.0500155719235673
1.252 -1.1113086253753177
1.2530000000000001 -1.1289016122724251
1.254 -1.1471366991514227
1.2550000000000001 -1.060249888507972
1.256 -1.0071864342864654
1.2570000000000001 -0.9129964820759284
1.258 -1.0160652966653847
1.2590000000000001 -0.9891639299125082
1.26 -0.9303202378827131
1.2610000000000001 -0.8048141281366152
1.262 -0.7731974426546551
1.2630000000000001 -0.7314193989943564
1.264 -0.7153376307197039
1.2650000000000001 -0.6346157974676973
1.266 -0.5817228558097217
1.2670000000000001 -0.5798587253781615
1.268 -0.684942932207461
1.2690000000000001 -0.6661033606764803
1.27 -0.6150130084832084
1.2710000000000001 -0.5807693699063747
1.272 -0.5006586596850753
1.2730000000000001 -0.4746804551538994
1.274 -0.5073619455133519
1.2750000000000001 -0.5785299196627782
1.276 -0.45631759273291095
1.2770000000000001 -0.45059866402037974
1.278 -0.41856486559295725
1.2790000000000001 -0.3331716256283381
1.28 -0.3321800532432406
1.281 -0.2854242978400561
1.282 -0.24310986833401088
1.283 -0.3515762581489804
1.284 -0.4699750796401461
1.285 -0.3858462411983838
1.286 -0.43747720104247406
1.287 -0.4208491229408445
1.288 -0.5031142341758819
1.289 -0.5006923321372677
1.29 -0.4978833011950144
1.291 -0.503876044572764
1.292 -0.485447647861849
1.293 -0.5479771514958811
1.294 -0.5975319799865576
1.295 -0.5239907324761278
1.296 -0.5329263401620896
1.297 -0.6108497681753012
1.298 -0.617952454963197
1.299 -0.6323948609590098
1.3 -0.69669688927344
1.301 -0.689537450459944
1.302 -0.6679682876394417
1.303 -0.7992894749538225
1.304 -0.8287213771486135
1.305 -0.8172908001431225
1.306 -0.8292495586678839
1.307 -0.729488270384683
1.308 -0.8003132780471014
1.309 -0.7533734781458049
1.31 -0.7742813076873494
1.311 -0.6483445630485547
1.312 -0.6727262953776598
1.313 -0.560357281420149
1.314 -0.5534695145413797
1.315 -0.4380177648731227
1.316 -0.4625601351740014
1.317 -0.4833616366205997
1.318 -0.48846398444005745
1.319 -0.60271723128097
1.32 -0.5843113360313112
1.321 -0.5656868900426346
1.322 -0.5457443932310445
1.323 -0.5810270110135685
1.324 -0.6945873976481315
1.325 -0.7274899391929933
1.326 -0.7781979911297313
1.327 -0.863553631449484
1.328 -0.9126284139171499
1.329 -0.9904844946962614
1.33 -1.0852470129947691
1.331 -1.1745036178286983
1.332 -1.2147933532039659
1.333 -1.2106884439562908
1.334 -1.1911823606599259
1.335 -1.2302522718051747
1.336 -1.2515101790275946
1.337 -1.2603561971964332
1.338 -1.365241356598653
1.339 -1.3389574944819886
1.34 -1.310070958864769
1.341 -1.3427998164733883
1.342 -1.4624501891649127
1.343 -1.4697458104468808
1.344 -1.5802237824311178
1.345 -1.6752787290630917
1.346 -1.7632907484795033
1.347 -1.7991432959158684
1.348 -1.787622860219587
1.349 -1.8378708269221602
1.35 -1.8502121812077679
1.351 -1.985199470416335
1.352 -2.0962882127653737
1.353 -2.1585876969820497
1.354 -2.1641159454959475
1.355 -2.255456322767529
1.356 -2.2200387924825815
1.357 -2.1700081484011817
1.358 -2.186991853083655
1.359 -2.2156660366583862
1.36 -2.224959513023084
1.361 -2.1832276962330983
1.362 -2.1971427984659018
1.363 -2.233097564777944
1.364 -2.313867807295469
1.365 -2.4366910167579503
1.366 -2.507766938776099
1.367 -2.55180583443466
1.368 -2.482095870033461
1.369 -2.4471778046004484
1.37 -2.3406659505803087
1.371 -2.3181196909108706
1.372 -2.254268958485837
1.373 -2.252406671965305
1.374 -2.2864781121745565
1.375 -2.2750445110245523
1.3760000000000001 -2.2724770255394287
1.377 -2.2343852660737658
1.3780000000000001 -2.31833446004792
1.379 -2.3491991901596103
1.3800000000000001 -2.292359620744903
1.381 -2.2735110628225286
1.3820000000000001 -2.369416415401136
1.383 -2.3137251220486283
1.3840000000000001 -2.353293470682579
1.385 -2.311210367715355
1.3860000000000001 -2.4162281271863812
1.387 -2.4859012082611116
1.3880000000000001 -2.537934532042773
1.389 -2.6245001144395452
1.3900000000000001 -2.616676982318231
1.391 -2.6821309914758404
1.3920000000000001 -2.6885079501737708
1.393 -2.707126502057123
1.3940000000000001 -2.676414641373876
1.395 -2.706139593501023
1.3960000000000001 -2.726710003279702
1.397 -2.7895268583684567
1.3980000000000001 -2.7714571685887517
1.399 -2.792913548397114
1.4000000000000001 -2.861800886993524
1.401 -2.870137834214731
1.4020000000000001 -2.928819883065405
1.403 -3.0988368848011176
1.4040000000000001 -3.151702355177147
1.405 -3.1657275028404777
1.4060000000000001 -3.2188826793586576
1.407 -3.239234224783972
1.408 -3.2907140977489
1.409 -3.33612397969849
1.41 -3.288217094824863
1.411 -3.3996307141836075
1.412 -3.397090973805739
1.413 -3.3653716595834338
1.414 -3.358912049397627
1.415 -3.369235133003596
1.416 -3.489264411785278
1.417 -3.5431142661122816
1.418 -3.5989936997233674
1.419 -3.7243321487172647
1.42 -3.6641907253652835
1.421 -3.7510040457509
1.422 -3.757982707119954
1.423 -3.847319173167097
1.424 -3.9293606047527385
1.425 -4.062432552348839
1.426 -4.166287921347454
1.427 -4.111267490991099
1.428 -4.204934320213233
1.429 -4.202523254634967
1.43 -4.213160417451003
1.431 -4.282698775628199
1.432 -4.223972326114286
1.433 -4.368758254177953
1.434 -4.407106162518211
1.435 -4.4319753026106765
1.436 -4.441260871466436
1.437 -4.511668908318498
1.438 -4.540102623565394
1.439 -4.547306859781218
1.44 -4.576269409817281
1.441 -4.534366191777422
1.442 -4.572945634526816
1.443 -4.641440724828155
1.444 -4.713713208675522
1.445 -4.709204153322342
1.446 -4.761766516797917
1.447 -4.665694338612235
1.448 -4.591095243588041
1.449 -4.636235401064464
1.45 -4.662677119250236
1.451 -4.64715396233566
1.452 -4.677005008915713
1.453 -4.737094802833644
1.454 -4.731943322547358
1.455 -4.742303214384628
1.456 -4.770050728950831
1.457 -4.639517608028068
1.458 -4.594144589893148
1.459 -4.513507250265758
1.46 -4.587296922788474
1.461 -4.551112643038465
1.462 -4.5252348077692925
1.463 -4.521114359046207
1.464 -4.544327573475551
1.465 -4.57907687972695
1.466 -4.657354800560809
1.467 -4.734656191333025
1.468 -4.882925525443992
1.469 -4.889943106633128
1.47 -4.8143450350236785
1.471 -4.913741358164573
1.472 -4.94123045243956
1.473 -4.966901376231382
1.474 -4.925806817917456
1.475 -4.839867020674892
1.476 -4.8501958755186045
1.477 -4.804617322010531
1.478 -4.8058324141146604
1.479 -4.873249140179474
1.48 -4.944377209521518
1.481 -4.927149670617384
1.482 -4.937894871041787
1.483 -5.107614095405488
1.484 -5.161663774439814
1.485 -5.170618526948096
1.486 -5.213609746782179
1.487 -5.195432299902063
1.488 -5.238233179943683
1.489 -5.331629854210532
1.49 -5.406887979758896
1.491 -5.425104219773274
1.492 -5.449539132925353
1.493 -5.48799219937008
1.494 -5.493897526416388
1.495 -5.603269316291081
1.496 -5.656311087669862
1.497 -5.7544407315310515
1.498 -5.721767673028132
1.499 -5.774496554525993
1.5 -5.792569444060178
1.5010000000000001 -5.798854587357081
1.502 -5.886111021370555
1.5030000000000001 -5.898400813581334
1.504 -5.9459330688792775
1.5050000000000001 -6.010388494728077
1.506 -6.021245705094765
1.5070000000000001 -6.0207787091138805
1.508 -6.03049190869469
1.5090000000000001 -6.076373489748435
1.51 -6.08196944560319
1.5110000000000001 -6.237906579328196
1.512 -6.229038815813519
1.5130000000000001 -6.269442682002066
1.514 -6.252898102608895
1.5150000000000001 -6.289342447620619
1.516 -6.4114156466000995
1.5170000000000001 -6.3965704770106475
1.518 -6.434038655609666
1.5190000000000001 -6.538000999282171
1.52 -6.536163339538772
1.5210000000000001 -6.423089842461136
1.522 -6.389089540071993
1.5230000000000001 -6.5224807908252425
1.524 -6.489388771875911
1.5250000000000001 -6.453648854545193
1.526 -6.409907256535939
1.5270000000000001 -6.506333926192095
1.528 -6.385238132551443
1.5290000000000001 -6.327819112835083
1.53 -6.336318394104123
1.5310000000000001 -6.383614400767814
1.532 -6.347896391652169
1.5330000000000001 -6.385643050329677
1.534 -6.419915892405115
1.5350000000000001 -6.448181765899443
1.536 -6.525986331353213
1.537 -6.6212339801232565
1.538 -6.620677027644357
1.539 -6.578417776438127
1.54 -6.568357144250813
1.541 -6.552599558293097
1.542 -6.530095849955576
1.543 -6.478613011735412
1.544 -6.469877149390009
1.545 -6.5235204503540265
1.546 -6.527499785680153
1.547 -6.573737203218307
1.548 -6.481955474887217
1.549 -6.497219999833257
1.55 -6.619809543874071
1.551 -6.683503778765727
1.552 -6.770376157532828
1.553 -6.668160881375806
1.554 -6.756312657387915
1.555 -6.80299994318752
1.556 -6.889628038585261
1.557 -7.023664289035992
1.558 -7.147055113079337
1.559 -7.028366010701495
1.56 -7.088510139145635
1.561 -7.088443210012619
1.562 -7.091399603551807
1.563 -7.060686068706065
1.564 -7.0567590459127
1.565 -6.926607352754059
1.566 -7.070346811160415
1.567 -7.142066758683444
1.568 -7.117308931855398
1.569 -7.118699599810721
1.57 -7.229181547539153
1.571 -7.167475397072758
1.572 -7.183414952620939
1.573 -7.160361300131783
1.574 -7.1439180730393845
1.575 -7.0068910522089345
1.576 -7.133609422777285
1.577 -7.194467866992788
1.578 -7.243062367859295
1.579 -7.301313730745926
1.58 -7.347879180312806
1.581 -7.381827831697178
1.582 -7.447662494966597
1.583 -7.497124117033301
1.584 -7.565928193961478
1.585 -7.484563285445274
1.586 -7.519500972325421
1.587 -7.583716015899675
1.588 -7.659313924966864
1.589 -7.641909871991236
1.59 -7.660188938730414
1.591 -7.734016771110073
1.592 -7.731899994813327
1.593 -7.7856796291286585
1.594 -7.82542079764911
1.595 -7.889605916402687
1.596 -7.848466474080024
1.597 -7.852322807903938
1.598 -7.910980882215266
1.599 -7.85644275228514
1.6 -7.850005702317063
1.601 -7.770545755209383
1.602 -7.779562934711011
1.603 -7.721921599265807
1.604 -7.7056219070958125
1.605 -7.803314788626974
1.606 -7.847457687060075
1.607 -7.899128102353054
1.608 -7.8988220914495395
1.609 -7.8980710877399405
1.61 -7.971215469459095
1.611 -7.937095278743173
1.612 -7.990108204772559
1.613 -8.027484622613656
1.614 -7.966586181037037
1.615 -7.988821483664255
1.616 -8.0447145288735
1.617 -8.005555152853345
1.618 -8.034993918558575
1.619 -8.04263549916676
1.62 -8.063331574233533
1.621 -8.074695209285974
1.622 -8.037983706131492
1.623 -8.00982703278614
1.624 -8.102026994244904
1.625 -8.159616939288558
1.6260000000000001 -8.072499119907636
1.627 -7.995176202755242
1.6280000000000001 -7.932884718016903
1.629 -7.839712695850506
1.6300000000000001 -7.694796360934716
1.631 -7.578909631521257
1.6320000000000001 -7.487916978080271
1.633 -7.434924055697116
1.6340000000000001 -7.428379497968908
1.635 -7.394501138077598
1.6360000000000001 -7.3502583147102225
1.637 -7.345270973238879
1.6380000000000001 -7.30249296122872
1.639 -7.272370895117652
1.6400000000000001 -7.235168911263415
1.641 -7.261420519485449
1.6420000000000001 -7.153133002761975
1.643 -7.094280810586951
1.6440000000000001 -7.049453528980478
1.645 -7.122135028704739
1.6460000000000001 -7.108976932898858
1.647 -7.027673230874562
1.6480000000000001 -7.010547869742465
1.649 -6.9487807877133285
1.6500000000000001 -7.013284969946606
1.651 -6.882816227000738
1.6520000000000001 -6.792175213782198
1.653 -6.655837084905375
1.6540000000000001 -6.614291662150482
1.655 -6.6532728541077235
1.6560000000000001 -6.648426327907394
1.657 -6.4962944210224665
1.6580000000000001 -6.3813725598134905
1.659 -6.315350473813542
1.6600000000000001 -6.345143967179655
1.661 -6.288552813771475
1.6620000000000001 -6.167081254738245
1.663 -6.02399063907937
1.6640000000000001 -6.155812089087249
1.665 -6.086585805753862
1.666 -5.973253601909486
1.667 -5.94043579880551
1.668 -5.935758122562056
1.669 -5.836361458006778
1.67 -5.760140848417555
1.671 -5.701147053042595
1.672 -5.699341954061316
1.673 -5.5595380394531935
1.674 -5.474813828052845
1.675 -5.385671035944726
1.676 -5.429338448373414
1.677 -5.485317708146679
1.678 -5.424641179163832
1.679 -5.37988912523832
1.68 -5.3134493396112195
1.681 -5.313803425139794
1.682 -5.232716324477392
1.683 -5.18046212685193
1.684 -5.068615782611914
1.685 -5.00369155899152
1.686 -4.978891433874536
1.687 -4.932969069947148
1.688 -4.828458862363602
1.689 -4.631711792375631
1.69 -4.534926426326335
1.691 -4.413179862280382
1.692 -4.303898288165846
1.693 -4.291239266520934
1.694 -4.246441204952663
1.695 -4.125832568824535
1.696 -4.0508298585913955
1.697 -3.994434719342954
1.698 -3.961561926518089
1.699 -3.9008768351942096
1.7 -3.8007790033694935
1.701 -3.7429494548458115
1.702 -3.640602365869294
1.703 -3.584136582799059
1.704 -3.559170395512373
1.705 -3.5121411420851048
1.706 -3.4268979865061473
1.707 -3.2943276467554434
1.708 -3.3145539582144226
1.709 -3.289322582901289
1.71 -3.322219511870591
1.711 -3.2226814285971894
1.712 -3.157394707978238
1.713 -3.1011908577353586
1.714 -3.029704206482296
1.715 -3.0057990350016643
1.716 -2.9199514250332763
1.717 -2.791988220751166
1.718 -2.633423470698266
1.719 -2.5050718213731082
1.72 -2.379444303224003
1.721 -2.3671494090666267
1.722 -2.291880051154406
1.723 -2.292325155839136
1.724 -2.1949343531643075
1.725 -2.17177320382503
1.726 -2.071273725747278
1.727 -1.8868534910609278
1.728 -1.8463064757884076
1.729 -1.7982979889440978
1.73 -1.7538701331535786
1.731 -1.6628201738059287
1.732 -1.522734549048443
1.733 -1.4005808215955937
1.734 -1.4004107375675807
1.735 -1.2463141467111138
1.736 -1.1938894192656029
1.737 -1.1084195286134546
1.738 -0.9630807184467353
1.739 -0.8616512404770289
1.74 -0.8384829646678273
1.741 -0.7935356654219995
1.742 -0.7550314634684914
1.743 -0.6926006068616056
1.744 -0.5594280456924715
1.745 -0.5538695448411259
1.746 -0.32188441196759504
1.747 -0.2426168763636518
1.748 -0.10831027260472456
1.749 -0.06131502337173256
1.75 0.07362563883976034
1.7510000000000001 0.022706597957091422
1.752 0.0031497650189976356
1.7530000000000001 0.09920575191171319
1.754 0.04628996551809368
1.7550000000000001 -0.02178738141096409
1.756 -0.06355649131969834
1.7570000000000001 0.0025552156599581294
1.758 -0.05349077445368122
1.7590000000000001 0.08250881811268554
1.76 0.009868687231700493
1.7610000000000001 0.06074862676336705
1.762 0.09116217984334332
1.7630000000000001 0.06854335965202675
1.764 0.10251601761401427
1.7650000000000001 0.025524135505863035
1.766 0.12358857150582589
1.7670000000000001 0.10986999572307694
1.768 0.19326502768138035
1.7690000000000001 0.23520517920563744
1.77 0.25874427098365693
1.7710000000000001 0.3223233346282836
1.772 0.35123192241525897
1.7730000000000001 0.2931331148213379
1.774 0.27636732267065683
1.7750000000000001 0.24354160739872752
1.776 0.3267761445543693
1.7770000000000001 0.3578873414996002
1.778 0.35988999108077185
1.7790000000000001 0.43982022185208136
1.78 0.45692348884449346
1.7810000000000001 0.46772009384015584
1.782 0.4806210096078973
1.7830000000000001 0.4909234940798456
1.784 0.48550286888355815
1.7850000000000001 0.4356718717921553
1.786 0.46391595500735555
1.7870000000000001 0.4228236696411491
1.788 0.48676851266749277
1.7890000000000001 0.6609471442815672
1.79 0.5815260086777854
1.7910000000000001 0.43951632144412733
1.792 0.5191301110173717
1.793 0.4301624631351161
1.794 0.459667910219641
1.795 0.5164044258229394
1.796 0.5717373561581989
1.797 0.5935701114084478
1.798 0.5674274420691341
1.799 0.5637786710211431
1.8 0.491391973698036
1.801 0.5246703650914245
1.802 0.5897363462122829
1.803 0.5891355054511246
1.804 0.7008024517676197
1.805 0.6641423331859845
1.806 0.6824762514654482
1.807 0.7432578077657541
1.808 0.765344432727524
1.809 0.6947747979150397
1.81 0.6514921813652629
1.811 0.6186400679643764
1.812 0.7000932806811814
1.813 0.733921356580365
1.814 0.8086628677804509
1.815 0.7587701929189169
1.816 0.7160751668446281
1.817 0.6234529484243061
1.818 0.5614920378587037
1.819 0.4926841012333324
1.82 0.49578760662381816
1.821 0.5003629135142234
1.822 0.561854687182512
1.823 0.608309894705225
1.824 0.7201551636901505
1.825 0.5942987459960108
1.826 0.6297696566527691
1.827 0.6069052071862813
1.828 0.576226452669618
1.829 0.7452374683897681
1.83 0.7966402729324253
1.831 0.7814676560163065
1.832 0.8084272842433733
1.833 0.7765310395102336
1.834 0.7919748283408785
1.835 0.838143993549945
1.836 0.8636578046953958
1.837 0.8561848881082462
1.838 0.8001851286076319
1.839 0.8221004283201763
1.84 0.67297198888294
1.841 0.5965912495238563
1.842 0.6073600678653678
1.843 0.6397366575133099
1.844 0.5915421568601148
1.845 0.5922319883776149
1.846 0.6271062066345842
1.847 0.6254887662902844
1.848 0.5719109660211804
1.849 0.6766739824952918
1.85 0.5711040252276195
1.851 0.6045292839346269
1.852 0.5938713019882769
1.853 0.5336634642693716
1.854 0.5940757923124447
1.855 0.5674161078358281
1.856 0.5140583330807349
1.857 0.5157003707755979
1.858 0.46242516623010965
1.859 0.6160648774757544
1.86 0.6047848618295568
1.861 0.5773549604177708
1.862 0.5970959816788967
1.863 0.6483161816561553
1.864 0.6537468183728345
1.865 0.5763277085388991
1.866 0.5834270716592894
1.867 0.5425171398872545
1.868 0.6585752281730435
1.869 0.7560932035414916
1.87 0.7503052767097503
1.871 0.6988155895283542
1.872 0.6046210242036179
1.873 0.5375149375519161
1.874 0.3797698451397787
1.875 0.4043024431152488
1.8760000000000001 0.3805384352428406
1.877 0.4731832939556882
1.8780000000000001 0.49520454535086555
1.879 0.45618594785929034
1.8800000000000001 0.40553007680389724
1.881 0.44151235205534467
1.8820000000000001 0.406049823365565
1.883 0.5253825575535256
1.8840000000000001 0.48673810595761136
1.885 0.4453787206457588
1.8860000000000001 0.49139736166756687
1.887 0.49373213443311753
1.8880000000000001 0.543611338692274
1.889 0.5166584639398888
1.8900000000000001 0.5065751632298315
1.891 0.4403451821652389
1.8920000000000001 0.47082304335616976
1.893 0.38963919140596015
1.8940000000000001 0.48235402373767244
1.895 0.47382338209194097
1.8960000000000001 0.4201784673716321
1.897 0.4157942066693377
1.8980000000000001 0.37565294317761005
1.899 0.3530434754957398
1.9000000000000001 0.2683873700704449
1.901 0.24623656619005033
1.9020000000000001 0.2654021601321899
1.903 0.18318853683813818
1.9040000000000001 0.24327078579068692
1.905 0.17730626497105795
1.9060000000000001 0.2633520511107084
1.907 0.27624047175556654
1.9080000000000001 0.3564867811378268
1.909 0.324370474274524
1.9100000000000001 0.43903444268546676
1.911 0.4480183044948701
1.9120000000000001 0.4628521015932638
1.913 0.47841540981922753
1.9140000000000001 0.5627225741755345
1.915 0.5206215623893636
1.9160000000000001 0.5644219350076565
1.917 0.5656366628630641
1.9180000000000001 0.6625027596553781
1.919 0.5875991607722857
1.92 0.647964022622141
1.921 0.5099744861105747
1.922 0.48822541814390064
1.923 0.5141496381678442
1.924 0.6250476582436176
1.925 0.6246421284797711
1.926 0.5433253469916979
1.927 0.5360627423111634
1.928 0.5803527938189703
1.929 0.6455406574815024
1.93 0.6218017980632333
1.931 0.7184849975728529
1.932 0.7533865465140196
1.933 0.7212242865986151
1.934 0.5656144687759452
1.935 0.6669927957451351
1.936 0.7035903292653743
1.937 0.6113807556550345
1.938 0.5660571371451633
1.939 0.588921399183607
1.94 0.6615436743581958
1.941 0.7238747266092894
1.942 0.5846799513345589
1.943 0.5649782336695988
1.944 0.43047072676884146
1.945 0.4618151350830749
1.946 0.5200996307067556
1.947 0.43140532344793464
1.948 0.37383595049126095
1.949 0.46938163560165447
1.95 0.4908108370919579
1.951 0.5719409244810795
1.952 0.5460856782669988
1.953 0.4347272655929322
1.954 0.4480258753867728
1.955 0.5188101666624968
1.956 0.4678956190175858
1.957 0.4849808856397037
1.958 0.4742407605463342
1.959 0.5421187058582837
1.96 0.5965787241578929
1.961 0.5669013721053063
1.962 0.5606815597925153
1.963 0.5523119816055878
1.964 0.6604180286487005
1.965 0.6661733834393919
1.966 0.6822036218277041
1.967 0.6960787058928426
1.968 0.6030500713872428
1.969 0.5809622816531631
1.97 0.6419261982001617
1.971 0.6411365777625819
1.972 0.5291822555755232
1.973 0.5095412409516086
1.974 0.5269076819961986
1.975 0.5948775600728782
1.976 0.5400896833636075
1.977 0.45000796414524474
1.978 0.44425094557618466
1.979 0.5023987881216844
1.98 0.3710677166384691
1.981 0.40935407480561364
1.982 0.4215200035675213
1.983 0.3643641335092478
1.984 0.26579048662343635
1.985 0.3027427513827173
1.986 0.3826548955239344
1.987 0.3282525793570229
1.988 0.42135770894613045
1.989 0.4050115245890397
1.99 0.3103262972574193
1.991 0.3106930248359681
1.992 0.3482225502012344
1.993 0.34425729108408876
1.994 0.2845675171468468
1.995 0.31997628666916367
1.996 0.19721988824013514
1.997 0.23742521765541041
1.998 0.20968448160170994
1.999 0.14684150538789634
2.0 0.20205686164132636
2.001 0.15976423586842783
2.0020000000000002 0.09747071445781916
2.003 -0.04194074876240883
2.004 -0.09755001376277778
2.005 -0.021863356099104045
2.0060000000000002 -0.04197587482706913
2.007 -0.1047884418710978
2.008 0.062361977230476276
2.009 0.04732819116673325
2.0100000000000002 0.10150975068094326
2.011 0.16103760389571414
2.012 0.1602162213708834
2.013 0.13745092156043592
2.0140000000000002 0.12602091509214283
2.015 0.1307972591017599
2.016 0.10293490099785091
2.017 0.14317297303057608
2.0180000000000002 0.23026234675011142
2.019 0.10461271949332612
2.02 0.11198024406315056
2.021 0.1745960401054515
2.0220000000000002 0.11206749528361125
2.023 0.18007634032353992
2.024 0.21873273295054618
2.025 0.34642630943550595
2.0260000000000002 0.2648812348075047
2.027 0.2131085862014542
2.028 0.21598310699044443
2.029 0.21006510091203487
2.0300000000000002 0.2261808692259137
2.031 0.28966783314096656
2.032 0.42510369130447534
2.033 0.28328913212723617
2.0340000000000003 0.30215138215009496
2.035 0.20691980625048675
2.036 0.23797512916260358
2.037 0.24804258480703534
2.0380000000000003 0.25052691323591947
2.039 0.2068463302846045
2.04 0.19037811857488848
2.041 0.09742679439524005
2.0420000000000003 0.20112791515163475
2.043 0.15606581192829816
2.044 0.04197622425269715
2.045 0.03532528527208519
2.0460000000000003 0.07339404481907189
2.047 0.1384610456707574
2.048 0.22864626983008335
2.049 0.14457544252777543
2.05 0.1240074614608277
2.051 0.15705057072987466
2.052 0.1498631873222458
2.053 0.09512890671058914
2.054 0.06437774450602879
2.055 0.04536235257274904
2.056 0.013356862654986944
2.057 0.003898858371685814
2.058 -0.02112809346029198
2.059 0.035348762426760244
2.06 0.09785070581294389
2.061 0.013335040867333378
2.062 -0.06475742234403037
2.063 -0.1442291945420207
2.064 -0.0461789812530537
2.065 -0.08922673575528503
2.066 -0.06273256424731037
2.067 -0.008806204832529495
2.068 -0.006644253069221074
2.069 0.05986484528138694
2.07 0.007289546865654077
2.071 -0.05343440220636727
2.072 0.04657574350021134
2.073 0.08877775923787143
2.074 0.05559389277668209
2.075 0.08799820682016699
2.076 0.10604278187293766
2.077 0.1387917393675151
2.078 0.20311510454047765
2.079 0.2636275916243022
2.08 0.40784645178547013
2.081 0.4924161689931601
2.082 0.5118021253468958
2.083 0.5299238480567133
2.084 0.537663534227529
2.085 0.6960495996198838
2.086 0.6032617908179655
2.087 0.6264561625509515
2.088 0.5708144330770636
2.089 0.5860680674878884
2.09 0.5367971999362865
2.091 0.4912346973946206
2.092 0.565585825676452
2.093 0.5715776442872132
2.094 0.4247097263209695
2.095 0.3803226137897113
2.096 0.36960142797866774
2.097 0.4402294152840331
2.098 0.3238270525767787
2.099 0.37648760572118245
2.1 0.2515679741150111
2.101 0.2622302405053722
2.102 0.2649108150451426
2.103 0.3495183493049735
2.104 0.36131894913783463
2.105 0.3104008004170904
2.106 0.3014420211486793
2.107 0.1947863621560569
2.108 0.2130651625314106
2.109 0.15578252861643344
2.11 0.22511410656465575
2.111 0.16843379434647537
2.112 0.24284715132394397
2.113 0.2805273475394279
2.114 0.2414633138071397
2.115 0.19967152349820544
2.116 0.25242141680742214
2.117 0.35002922712228673
2.118 0.4674978189117978
2.119 0.38950753555712164
2.12 0.38336950729608205
2.121 0.36990317922876137
2.122 0.38583307395057825
2.123 0.41470564663659165
2.124 0.37418325523029694
2.125 0.2637965778968451
2.126 0.2079756005445374
2.1270000000000002 0.19115540600209435
2.128 0.10752075460393654
2.129 0.1381468320234169
2.13 0.19087389354622422
2.1310000000000002 0.22767325407908062
2.132 0.3206693245593045
2.133 0.3916614104916726
2.134 0.39049299800678494
2.1350000000000002 0.37270546015747796
2.136 0.352368079945916
2.137 0.4457407792765624
2.138 0.4371079870395164
2.1390000000000002 0.5024556829643195
2.14 0.392822686599115
2.141 0.37568739000927276
2.142 0.43400815195834597
2.1430000000000002 0.43413059855873015
2.144 0.42034791782374176
2.145 0.4850104784497843
2.146 0.5316200881562394
2.1470000000000002 0.5154039539080205
2.148 0.4719858238305988
2.149 0.4975900076932582
2.15 0.3676852285119232
2.1510000000000002 0.33427238756480726
2.152 0.3499807562875679
2.153 0.2862887388018256
2.154 0.3433479378234698
2.1550000000000002 0.4747860464783144
2.156 0.38126875665345983
2.157 0.44278223760476365
2.158 0.41108850951912435
2.1590000000000003 0.3998882164332358
2.16 0.46256301650807
2.161 0.5042419709940865
2.162 0.5141050545977469
2.1630000000000003 0.5469533879287535
2.164 0.5400674665277466
2.165 0.4781097250458425
2.166 0.43590350276536777
2.1670000000000003 0.4189906430731391
2.168 0.27077520843860636
2.169 0.2965280292178381
2.17 0.24896966880115992
2.1710000000000003 0.16069925982912547
2.172 0.06651699722382268
2.173 0.09223330394829832
2.174 0.09762833096428204
2.1750000000000003 0.062453005703730816
2.176 0.12124264855799166
2.177 0.13291290728966196
2.178 0.15991970282348963
2.179 0.21629901795805045
2.18 0.09892744438803527
2.181 0.12282687290360586
2.182 0.12931027341126555
2.183 0.16341203476985888
2.184 0.16010369081993828
2.185 0.19092076227192387
2.186 0.1914292840281786
2.187 0.20098023783187607
2.188 0.22576728928149342
2.189 0.2122436932648
2.19 0.16164941094552848
2.191 0.08873737082844609
2.192 0.11195364820447272
2.193 0.09026800315567457
2.194 0.15266825592708966
2.195 0.2087603906955175
2.196 0.24926726540696514
2.197 0.23471945726534257
2.198 0.19639145262140084
2.199 0.09323228095241091
2.2 -0.06979893094836749
2.201 -0.09470387523559179
2.202 -0.1311291666242811
2.203 -0.17604955754476542
2.204 -0.1713156205206251
2.205 -0.15885098954303412
2.206 -0.18299529458056146
2.207 -0.16256789526823265
2.208 -0.12099318317090667
2.209 -0.10754028516443179
2.21 -0.1577554764784074
2.211 -0.033852743290939985
2.212 0.0620125424839318
2.213 0.032339560058924036
2.214 -0.11916923818900073
2.215 -0.06908687903059449
2.216 -0.1314195314966577
2.217 -0.11128924178472155
2.218 -0.033810032483355734
2.219 0.0343162505561988
2.22 0.06088214243772684
2.221 0.0330912887878741
2.222 0.053239335166295754
2.223 0.12728994479932523
2.224 0.13026327590436795
2.225 0.12591311969402474
2.226 0.14410626248213299
2.227 0.12602412606198135
2.228 0.13841561897951224
2.229 0.19378457447513495
2.23 0.1565197293153258
2.231 0.2870520025029394
2.232 0.34429802068860804
2.233 0.2991144585500894
2.234 0.2685449515232313
2.235 0.3109373266295634
2.236 0.2182911973603302
2.237 0.21494482676397675
2.238 0.1570721171488455
2.239 0.1833226350115977
2.24 0.0627804421309951
2.241 0.08360481774952078
2.242 0.03604686609394566
2.243 -0.04350898364112527
2.244 -0.04213113261903052
2.245 -0.09446729757714918
2.246 -0.07334768580355026
2.247 -0.15332069610898463
2.248 -0.08889770475831757
2.249 -0.07260200724882451
2.25 -0.14938294769513089
2.251 -0.1493725002699431
2.2520000000000002 -0.10535748682107993
2.253 -0.17302169654547644
2.254 -0.13668456703212764
2.255 -0.11077447613122188
2.2560000000000002 -0.09639177882564531
2.257 -0.13891069227049047
2.258 -0.17358799174392608
2.259 -0.07688004857563835
2.2600000000000002 -0.0072454309253656285
2.261 0.02084017128550244
2.262 0.06166803148370809
2.263 0.10760144828790258
2.2640000000000002 0.021999037058281296
2.265 0.0682039016958359
2.266 0.06056774809128833
2.267 -0.00937018796621189
2.2680000000000002 0.09788464768430415
2.269 0.07417984987641794
2.27 0.09072586319255
2.271 -0.037137376310759584
2.2720000000000002 -0.020481993699498508
2.273 -0.07600367590217652
2.274 -0.07734881881422025
2.275 -0.13873470152559444
2.2760000000000002 -0.13432475676619374
2.277 -0.2260415371439361
2.278 -0.19178325483712405
2.279 -0.23520990030394326
2.2800000000000002 -0.23005558754451927
2.281 -0.21641082384125312
2.282 -0.3705971146958192
2.283 -0.3474310439225991
2.2840000000000003 -0.39365048381718437
2.285 -0.47965012316740324
2.286 -0.48959223795702694
2.287 -0.5091223654964805
2.2880000000000003 -0.467233295805798
2.289 -0.46363108984126855
2.29 -0.554819367944562
2.291 -0.6083041752637334
2.2920000000000003 -0.5511048794767038
2.293 -0.5501169935928767
2.294 -0.4779880199097509
2.295 -0.42350660292668985
2.2960000000000003 -0.3203056465409383
2.297 -0.3852118736581064
2.298 -0.27522189333378727
2.299 -0.192782893833601
2.3000000000000003 -0.14320646359486028
2.301 -0.12679202036940934
2.302 -0.04601006156826769
2.303 0.03706852535944835
2.3040000000000003 -0.038892269772507496
2.305 0.05198901353752122
2.306 0.0311297421328442
2.307 0.08088904250879222
2.308 0.03403218790012829
2.309 0.06763379283247858
2.31 0.05211359271724955
2.311 0.19556144660945865
2.312 0.2862281452532415
2.313 0.2904364332716994
2.314 0.2624142853722636
2.315 0.30978860959015636
2.316 0.3062745573431224
2.317 0.32048799456273896
2.318 0.24415916048607758
2.319 0.22414100201575377
2.32 0.2826551550298567
2.321 0.21476452007766056
2.322 0.18628178721579863
2.323 0.23637689538386047
2.324 0.19516662994525696
2.325 0.25740344940709325
2.326 0.19414953858261957
2.327 0.18722795201227418
2.328 0.1002823242053297
2.329 0.0731881471311861
2.33 -0.04824717803365369
2.331 -0.010772151375525542
2.332 -0.001988368874958138
2.333 -0.07049079757975667
2.334 -0.0291112723623305
2.335 -0.06493496408182203
2.336 -0.027503845577463944
2.337 0.10890804457000791
2.338 0.16475929555591143
2.339 0.14954320701959622
2.34 0.1613075099991295
2.341 0.15885212575906105
2.342 0.2797403059865103
2.343 0.29330077511453595
2.344 0.4433414252817849
2.345 0.39391299072633157
2.346 0.3526929967219129
2.347 0.2661934049596463
2.348 0.3130534842771673
2.349 0.3272653895479932
2.35 0.3140412854924016
2.351 0.35191300906548506
2.352 0.36535860010772636
2.353 0.3552946013754728
2.354 0.4415281409397712
2.355 0.42545324387295624
2.356 0.2733873857218544
2.357 0.22721293305700263
2.358 0.18999509871987025
2.359 0.18296379206319704
2.36 0.1378477446324581
2.361 0.18104643527419256
2.362 0.3603249325380088
2.363 0.2225286921032016
2.364 0.17598335454842545
2.365 0.16157025881570872
2.366 0.24135316802254747
2.367 0.21065477002057148
2.368 0.3205995077403498
2.369 0.341678655911939
2.37 0.4021931368007943
2.371 0.3796547093984897
2.372 0.377103020016491
2.373 0.3425140049300871
2.374 0.43188473747823575
2.375 0.3612175067504042
2.376 0.16734401121051812
2.3770000000000002 0.13459941900965222
2.378 -0.00882609924389885
2.379 -0.03741425803400393
2.38 -0.10040250345435753
2.3810000000000002 -0.00929221603037575
2.382 -0.20769448523112635
2.383 -0.19369890618270116
2.384 -0.32674391597886504
2.3850000000000002 -0.27553081726712714
2.386 -0.3476308087194478
2.387 -0.39618807702679615
2.388 -0.4167957246651412
2.3890000000000002 -0.31287627481506364
2.39 -0.3694817491282712
2.391 -0.3196968075270137
2.392 -0.4302234455776266
2.3930000000000002 -0.3585768792575369
2.394 -0.4263479680866211
2.395 -0.44309443235645113
2.396 -0.4235211026588029
2.3970000000000002 -0.5329191354161702
2.398 -0.5459305607694084
2.399 -0.6541608457685287
2.4 -0.6698283751067249
2.4010000000000002 -0.7132701373981433
2.402 -0.7266517167568737
2.403 -0.7473501061508002
2.404 -0.5923058221036652
2.4050000000000002 -0.6685241241450693
2.406 -0.627549187745679
2.407 -0.5973718087055995
2.408 -0.5219660321397035
2.4090000000000003 -0.5453679670823811
2.41 -0.4343624343086748
2.411 -0.4160104363624149
2.412 -0.4077864391774913
2.4130000000000003 -0.4847365475677002
2.414 -0.4996715004911845
2.415 -0.50874306216469
2.416 -0.5312895890307648
2.4170000000000003 -0.5029777858932927
2.418 -0.3847841436023509
2.419 -0.26972571225049846
2.42 -0.29428786787168193
2.4210000000000003 -0.35815168466316927
2.422 -0.3459413129357776
2.423 -0.31929611663956814
2.424 -0.2874793556076955
2.4250000000000003 -0.3762436260986366
2.426 -0.42035120196031006
2.427 -0.323827710488803
2.428 -0.1999236996436606
2.4290000000000003 -0.272639244770635
2.43 -0.35650214376981565
2.431 -0.36477930027403294
2.432 -0.36940157556671094
2.433 -0.4703059753501967
2.434 -0.48555429455752125
2.435 -0.41151170624379885
2.436 -0.4523045329085327
2.437 -0.31031498208252195
2.438 -0.28232295938629687
2.439 -0.2548261254908491
2.44 -0.26299168151743046
2.441 -0.2863346684563445
2.442 -0.22735997726309268
2.443 -0.3082501077678037
2.444 -0.3056213223957702
2.445 -0.3124505712752786
2.446 -0.19640326388046503
2.447 -0.21360973628296062
2.448 -0.23423750907779367
2.449 -0.22256646512835462
2.45 -0.20626913176870307
2.451 -0.24557154911164847
2.452 -0.34232120168882824
2.453 -0.2770467994606354
2.454 -0.3281549997692049
2.455 -0.38146917692951493
2.456 -0.3731812914830001
2.457 -0.454426766501399
2.458 -0.3575391627801382
2.459 -0.4695726056393026
2.46 -0.43887200052518704
2.461 -0.47358216165237127
2.462 -0.48984088491824224
2.463 -0.4570211221686726
2.464 -0.5963284458018746
2.465 -0.6107234723396173
2.466 -0.6924671967556494
2.467 -0.7193441769445696
2.468 -0.85625945515482
2.469 -0.9561076297289035
2.47 -1.0492100960777715
2.471 -1.060591038894457
2.472 -1.1508215582906671
2.473 -1.1309891051079688
2.474 -1.0864326846023125
2.475 -1.0589011137520032
2.476 -1.0243359795176379
2.477 -1.067614926931542
2.478 -1.0178319771367734
2.479 -1.061117431180976
2.48 -1.0528536921660148
2.481 -1.1071067625235917
2.482 -0.9880241138023597
2.483 -0.9721295868687186
2.484 -0.859733940354595
2.485 -0.8895520728751132
2.486 -1.010806724900855
2.487 -1.0856385614055186
2.488 -1.031795620476182
2.489 -1.0777835966807654
2.49 -1.140437343351225
2.491 -1.186535849573478
2.492 -1.1564912411543131
2.493 -1.184187160632503
2.494 -1.2932480654322327
2.495 -1.232729850415515
2.496 -1.238084601297886
2.497 -1.198398717536309
2.498 -1.2256444019929964
2.499 -1.2986076909105166
2.5 -1.3802079655807247
2.501 -1.3383925163458925
2.5020000000000002 -1.3420767715123025
2.503 -1.30392978774254
2.504 -1.2934906742191894
2.505 -1.2947133526411705
2.5060000000000002 -1.2013595963321115
2.507 -1.2341939241785231
2.508 -1.1546146543706532
2.509 -1.1987724071535142
2.5100000000000002 -1.2086243118415398
2.511 -1.2313125482092357
2.512 -1.1031179558205784
2.513 -0.9589831763430168
2.5140000000000002 -0.9922260559525786
2.515 -1.0340262403329368
2.516 -1.0297740363708474
2.517 -1.0317711072188567
2.5180000000000002 -1.023657635840681
2.519 -1.1301642451527483
2.52 -1.2191640478298305
2.521 -1.250429482246029
2.5220000000000002 -1.3260769075036114
2.523 -1.3642337096248647
2.524 -1.265336082442873
2.525 -1.2710099841443638
2.5260000000000002 -1.2921038264770468
2.527 -1.3129510806304687
2.528 -1.3511128223053117
2.529 -1.2612521859777057
2.5300000000000002 -1.2894302871552248
2.531 -1.3181753590852188
2.532 -1.3793843005302213
2.533 -1.2319471048307404
2.5340000000000003 -1.2115803627851207
2.535 -1.300785549967307
2.536 -1.3721599218867364
2.537 -1.3313535697054804
2.5380000000000003 -1.3154878992714363
2.539 -1.3200549382231603
2.54 -1.3894380515467581
2.541 -1.4093672759831026
2.5420000000000003 -1.3720412179260466
2.543 -1.300530697768783
2.544 -1.3490330245876527
2.545 -1.3019331193420067
2.5460000000000003 -1.2735746099317116
2.547 -1.2955377309465894
2.548 -1.2195543892371794
2.549 -1.1231510519777779
2.5500000000000003 -1.100919662482034
