0.0 1.0658035145638967
0.001 0.9992288337471437
0.002 0.9372366751535072
0.003 1.0226123429879066
0.004 1.1056691357100135
0.005 1.118378833427952
0.006 1.1692798515981284
0.007 1.2525247157726684
0.008 1.2963647536478522
0.009000000000000001 1.1703062960483985
0.01 1.1268137500982203
0.011 1.0651589076843497
0.012 1.0296054993719441
0.013000000000000001 1.1351826634462963
0.014 1.0573774231907023
0.015 1.079628303606309
0.016 1.1252234505670367
0.017 1.0221082195879752
0.018000000000000002 1.0016072086830459
0.019 0.9675530219872674
0.02 1.0443357923640613
0.021 0.989934690738163
0.022 0.9410496049309798
0.023 0.8780489542052208
0.024 0.9466810776792013
0.025 0.8913041462246174
0.026000000000000002 0.8485917893152081
0.027 0.6766259449949896
0.028 0.7195456665807897
0.029 0.6970333056493848
0.03 0.7640082683683663
0.031 0.7804409082178811
0.032 0.7610996133371478
0.033 0.6313808915216548
0.034 0.6267653282741655
0.035 0.5694821404065937
0.036000000000000004 0.5455961524435861
0.037 0.5368554150900565
0.038 0.554362457132568
0.039 0.550915928535994
0.04 0.4685572756886752
0.041 0.49391489502518354
0.042 0.4451918202475829
0.043000000000000003 0.3717403826757896
0.044 0.325048757931021
0.045 0.23991687449991303
0.046 0.259652791781963
0.047 0.3021552617662237
0.048 0.21718633297543577
0.049 0.2655780234317868
0.05 0.2738688239564335
0.051000000000000004 0.2658495070717698
0.052000000000000005 0.2864044397784881
0.053 0.16860100912794085
0.054 0.10802652616658959
0.055 0.16747654535176149
0.056 0.17443880463940908
0.057 0.1373179565170348
0.058 0.12623906116705155
0.059000000000000004 0.18807650228486938
0.06 0.21059345304283517
0.061 0.283927967793567
0.062 0.2908890237040015
0.063 0.24845241267370918
0.064 0.27107697093106853
0.065 0.2648554045098048
0.066 0.1860263904873184
0.067 0.2793193323936598
0.068 0.35975984813795414
0.069 0.37228780202394535
0.07 0.34051795478361135
0.07100000000000001 0.3405466525295622
0.07200000000000001 0.3873975208312405
0.073 0.40543942621792434
0.074 0.39864704403855816
0.075 0.4951702514735254
0.076 0.4278553576466031
0.077 0.4070733978953871
0.078 0.38848750958520795
0.079 0.34170843034025367
0.08 0.4145105716717806
0.081 0.4602945368381542
0.082 0.45884281692267864
0.083 0.39043555137213404
0.084 0.3980339832447598
0.085 0.37498999084589824
0.08600000000000001 0.4550154780549309
0.08700000000000001 0.3631570516585656
0.088 0.27850145698800294
0.089 0.16747341761233803
0.09 0.19029183127390067
0.091 0.10282495271896146
0.092 0.08002402269413961
0.093 0.12970700935179513
0.094 0.11383431237077177
0.095 0.09891515165137713
0.096 0.1612144057452734
0.097 0.20420173014760937
0.098 0.20865185004932468
0.099 0.23190707141826386
0.1 0.3055179887923584
0.101 0.32588406441494655
0.10200000000000001 0.30096040069727903
0.10300000000000001 0.25114082385428693
0.10400000000000001 0.24399522718919894
0.105 0.22080561575899463
0.106 0.19526874976021066
0.107 0.2239667153163183
0.108 0.2600869023996803
0.109 0.26010050379394994
0.11 0.2551960496450404
0.111 0.35508958891652986
0.112 0.39837831534997065
0.113 0.3933829870119828
0.114 0.5041568190500333
0.115 0.4812193935809536
0.116 0.4845222929600289
0.117 0.4739656171066614
0.11800000000000001 0.3883963411828931
0.11900000000000001 0.3659159062672332
0.12 0.3128832235908736
0.121 0.4467554420426938
0.122 0.3921908182704435
0.123 0.32595315033075495
0.124 0.3625779954707821
0.125 0.343782811653806
0.126 0.38894148696020914
0.127 0.4444298203004319
0.128 0.4089749603783658
0.129 0.28126731100265223
0.13 0.20166597200112868
0.131 0.1834447707703606
0.132 0.23368412709412903
0.133 0.22085052819422452
0.134 0.24350109815252313
0.135 0.2327699094028966
0.136 0.2010835230700117
0.137 0.3333273065450605
0.138 0.327482193566992
0.139 0.4116004505509535
0.14 0.5229356068509248
0.14100000000000001 0.46934381276326864
0.14200000000000002 0.5367056282968323
0.14300000000000002 0.5488047467153117
0.14400000000000002 0.6097153219471402
0.145 0.5543361911233541
0.146 0.4075275393271237
0.147 0.3853246285664851
0.148 0.2988500322704085
0.149 0.33643066876173855
0.15 0.350149512957902
0.151 0.3233405977133672
0.152 0.2443317502726018
0.153 0.2699684051826353
0.154 0.19995915383552681
0.155 0.19963070606647532
0.156 0.11411621865553254
0.157 0.24254504882779293
0.158 0.3358637880862956
0.159 0.3240454240564941
0.16 0.34885374535715014
0.161 0.4198558218654542
0.162 0.4896829910430425
0.163 0.3527765032364649
0.164 0.38547634549063925
0.165 0.40441777694887177
0.166 0.36009813698469195
0.167 0.3546105482802787
0.168 0.25582881336834107
0.169 0.2877558964327347
0.17 0.29817481844417604
0.171 0.26736253741542265
0.17200000000000001 0.18083175325653056
0.17300000000000001 0.08988899168658088
0.17400000000000002 0.1276430455175554
0.17500000000000002 0.05765348966614503
0.176 0.011191142785969332
0.177 -0.07633314878969467
0.178 -0.12442491382268334
0.179 -0.21349384085382178
0.18 -0.31001124009191444
0.181 -0.33458003812140535
0.182 -0.4071735968391826
0.183 -0.41542143679453786
0.184 -0.46862496983493257
0.185 -0.5658425234707064
0.186 -0.5127983987598016
0.187 -0.5039049958105721
0.188 -0.5424471468582698
0.189 -0.43830863347532995
0.19 -0.35722206053828903
0.191 -0.37985765003513144
0.192 -0.40010464522013006
0.193 -0.44600509725166276
0.194 -0.3891742780555315
0.195 -0.3553002846553148
0.196 -0.39311567700729605
0.197 -0.41430116463729827
0.198 -0.39454548224347363
0.199 -0.3658136900389963
0.2 -0.28284574873802965
0.201 -0.23125028470174402
0.202 -0.22183434336686889
0.203 -0.2771596924962013
0.20400000000000001 -0.3645067422168791
0.20500000000000002 -0.3884598970921447
0.20600000000000002 -0.4083100239598347
0.20700000000000002 -0.5023304153429798
0.20800000000000002 -0.5012691157834663
0.209 -0.5053182014337987
0.21 -0.6137650947650044
0.211 -0.5520199269829862
0.212 -0.5799088424095
0.213 -0.554898864274282
0.214 -0.6659084000670203
0.215 -0.7123836190808328
0.216 -0.640170459623004
0.217 -0.7443290598763151
0.218 -0.7786293658299128
0.219 -0.878350984814224
0.22 -0.7686669767381467
0.221 -0.8034337271017841
0.222 -0.8005645330689184
0.223 -0.7470294991175019
0.224 -0.6370129419616408
0.225 -0.6898707226051003
0.226 -0.7726130642486593
0.227 -0.7765682714273539
0.228 -0.8653543234718282
0.229 -0.8908543315557292
0.23 -0.8471209917827427
0.231 -0.9063662745098651
0.232 -0.9396076042488857
0.233 -0.9105974940702667
0.234 -0.9510992080801854
0.23500000000000001 -0.9924072019842295
0.23600000000000002 -1.0123622940835366
0.23700000000000002 -0.9467273188937326
0.23800000000000002 -0.9372733772861451
0.23900000000000002 -0.8414091609722858
0.24 -0.8284423665698123
0.241 -0.784840851043502
0.242 -0.7904384674610456
0.243 -0.8255650277938567
0.244 -0.7588330345791814
0.245 -0.7188655973230436
0.246 -0.6871169855802789
0.247 -0.6605608148032454
0.248 -0.6740229156948918
0.249 -0.6039335616626553
0.25 -0.5934404803547888
0.251 -0.5820287630764115
0.252 -0.5422360355118977
0.253 -0.48820089104116793
0.254 -0.4934096839477875
0.255 -0.5271627563158992
0.256 -0.5438081273487732
0.257 -0.5441389546823733
0.258 -0.5918805931837146
0.259 -0.5647606595682624
0.26 -0.6682999357437682
0.261 -0.5229665134843173
0.262 -0.48786110605321203
0.263 -0.3517685916380247
0.264 -0.3424012175347685
0.265 -0.403910801128445
0.266 -0.29999923419775265
0.267 -0.29043999954283856
0.268 -0.3597655888552104
0.269 -0.3234034829179151
0.27 -0.33120165907936805
0.271 -0.3622313237549342
0.272 -0.3413991069561075
0.273 -0.3172634479875871
0.274 -0.41027546607235077
0.275 -0.38980353985346305
0.276 -0.44235739910321337
0.277 -0.2384117556544017
0.278 -0.31330330275484536
0.279 -0.3079166748577194
0.28 -0.3200361279866572
0.281 -0.3350036529865352
0.28200000000000003 -0.2859658285362456
0.28300000000000003 -0.2909808710160305
0.28400000000000003 -0.2666846344070622
0.28500000000000003 -0.22799540979364546
0.28600000000000003 -0.2974245196530129
0.28700000000000003 -0.2442390147535502
0.28800000000000003 -0.2509160677532338
0.289 -0.17655984896206164
0.29 -0.1651583303683264
0.291 -0.0811624901821868
0.292 -0.024869223501165307
0.293 -0.013062541844818934
0.294 -0.06525806193377445
0.295 -0.07347624918689823
0.296 -0.10020256224599247
0.297 -0.12446092706113776
0.298 -0.09832134679596949
0.299 -0.13724614347476416
0.3 -0.1140128463478904
0.301 -0.08557107968495689
0.302 -0.08014601572974035
0.303 -0.07116441146928221
0.304 -0.08804729672138867
0.305 -0.11023702071519856
0.306 -0.06472411915392734
0.307 -0.00843146986002527
0.308 0.01873471244482574
0.309 0.015147195596022619
0.31 0.04728947218404382
0.311 0.0717689846303497
0.312 0.10912556927476855
0.313 0.12451466744588693
0.314 0.12223976815952606
0.315 -0.05884429840184721
0.316 -0.06508675016890886
0.317 -0.0910541567686857
0.318 -0.128867745945522
0.319 -0.23271974845229543
0.32 -0.15794820005264676
0.321 -0.11309550000170288
0.322 -0.14623935410418779
0.323 -0.09240574669357189
0.324 -0.1907336848713195
0.325 -0.2534784186544453
0.326 -0.2470124391062337
0.327 -0.14966905796997323
0.328 -0.046600644379176825
0.329 -0.03613631232323604
0.33 -0.04632383011640571
0.331 -0.09012157368672713
0.332 0.012432855599956605
0.333 0.08401833247692307
0.334 -0.01063453760163964
0.335 0.05580356706107756
0.336 0.0674145865871833
0.337 0.1153367177706005
0.338 0.2156003053788947
0.339 0.28371493573532564
0.34 0.222787892452028
0.341 0.2228073125895592
0.342 0.31914492482398277
0.343 0.30152203900422825
0.34400000000000003 0.26263185579444626
0.34500000000000003 0.15794945336724495
0.34600000000000003 0.27114654078272366
0.34700000000000003 0.22218762197055394
0.34800000000000003 0.19904232941598984
0.34900000000000003 0.14814301342781172
0.35000000000000003 0.062110567458457416
0.35100000000000003 0.042636865906901605
0.352 -0.021635316641843733
0.353 0.07312461858080635
0.354 0.1496518307404464
0.355 0.12939498851225242
0.356 0.09337664555736412
0.357 0.13459645955277189
0.358 0.2218001495745227
0.359 0.23140115421014787
0.36 0.34146836062546054
0.361 0.3111921506156773
0.362 0.22856495327759258
0.363 0.18337971976112588
0.364 0.2188263370033499
0.365 0.28373107803406905
0.366 0.3046208420082979
0.367 0.2607043159738348
0.368 0.27880462422871105
0.369 0.23180275043283696
0.37 0.05190534409811759
0.371 -0.10829955016644674
0.372 -0.13528203715071208
0.373 -0.15462730671882424
0.374 -0.10426009663812481
0.375 0.02329554870794713
0.376 -0.015345015923397792
0.377 -0.012558765939303418
0.378 -0.025751869040676074
0.379 -0.06752337802404101
0.38 -0.12735127088012102
0.381 -0.14434034843259938
0.382 -0.0854714918544224
0.383 -0.09393107606399743
0.384 -0.039911005723954875
0.385 0.03088450251715632
0.386 0.056264835889756386
0.387 0.12104756809456965
0.388 0.09855522901943795
0.389 0.05423829507585914
0.39 0.015267058675942573
0.391 -0.0020239593310961354
0.392 -0.04493010945817635
0.393 -0.041914698350661826
0.394 -0.019668011716314413
0.395 0.005512484340989471
0.396 0.014890177313339952
0.397 0.0057065903722402205
0.398 0.21066250873872067
0.399 0.1606851788487982
0.4 0.18567192777481992
0.401 0.1870878492492611
0.402 0.1217372703802573
0.403 0.07390909944700028
0.404 0.02200703094578539
0.405 -0.014594952589569804
0.406 -0.07116877508450628
0.40700000000000003 0.016280749904252545
0.40800000000000003 0.0365942270921363
0.40900000000000003 0.012246059629491438
0.41000000000000003 0.10760565169484648
0.41100000000000003 0.1542062416226369
0.41200000000000003 0.16065995470551175
0.41300000000000003 0.21741991446602182
0.41400000000000003 0.21886021372568407
0.41500000000000004 0.20324015948350815
0.41600000000000004 0.20504350913171282
0.417 0.26495322523287673
0.418 0.2849312199662867
0.419 0.291613699902672
0.42 0.2189399598143712
0.421 0.26709748798923694
0.422 0.3123122194724792
0.423 0.2301365229187618
0.424 0.2161275029864434
0.425 0.16369200695268027
0.426 0.141139778102875
0.427 0.04756896756355712
0.428 0.036141755825810015
0.429 0.015169925342011191
0.43 -0.039962788426903054
0.431 -0.0020935763305064206
0.432 -0.06443097241368825
0.433 -0.04275161977601381
0.434 -0.05986220687819156
0.435 0.01564733567264809
0.436 -0.011783759124026107
0.437 -0.056068603280695455
0.438 0.003046582552548631
0.439 -0.001683472444895565
0.44 0.021380738962946205
0.441 0.01648361839050409
0.442 -0.034496855842693824
0.443 0.054446459211475465
0.444 0.13952729022454946
0.445 0.07617268666488866
0.446 0.050468945212910586
0.447 -0.03573792151814704
0.448 -0.007567885521627071
0.449 0.06887897668148941
0.45 0.006868203853304236
0.451 -0.021083640462514305
0.452 0.17853135623750044
0.453 0.31619804937326396
0.454 0.34184743470101203
0.455 0.3710467432282714
0.456 0.4827497686088159
0.457 0.47207318894336214
0.458 0.6129662095407546
0.459 0.5806944301836863
0.46 0.57077226600366
0.461 0.633071105967221
0.462 0.7372452189097973
0.463 0.7721601537862719
0.464 0.8130626628799725
0.465 0.8888302080115975
0.466 0.876651095878882
0.467 0.8519537007026955
0.468 0.8194209161017273
0.46900000000000003 0.7640373748423482
0.47000000000000003 0.6963833118096804
0.47100000000000003 0.7425953758835098
0.47200000000000003 0.7029213555390059
0.47300000000000003 0.7495522630912651
0.47400000000000003 0.6843393414964901
0.47500000000000003 0.7102321747409023
0.47600000000000003 0.7230642459214635
0.47700000000000004 0.7948455986252713
0.47800000000000004 0.8175815963731247
0.47900000000000004 0.7960324121515585
0.48 0.7760811670924878
0.481 0.7470558203238059
0.482 0.746582525312712
0.483 0.6663851451927356
0.484 0.7007485959753222
0.485 0.8486030680330486
0.486 0.8799007172519068
0.487 0.9672605139317235
0.488 1.043488384587695
0.489 1.0108478681509243
0.49 1.0446107359583852
0.491 1.0821880568540452
0.492 1.05388423931532
0.493 1.0208526807840055
0.494 0.9958663282915483
0.495 0.9425854834754492
0.496 0.8840716381261302
0.497 1.0128893677521296
0.498 1.1300809561558514
0.499 1.0573765047408152
0.5 1.0148463689540166
0.501 1.0302804633885518
0.502 0.908849622620624
0.503 0.8605384545792942
0.504 0.8635804469459715
0.505 0.8937758310623467
0.506 0.7266454785858756
0.507 0.7857746981576306
0.508 0.7757240189129846
0.509 0.9199831694656965
0.51 0.8584526237815508
0.511 0.9216422175196479
0.512 0.815018380251302
0.513 0.6437088755813818
0.514 0.6332894471839625
0.515 0.5566358420314338
0.516 0.6800715001798182
0.517 0.7236951257900192
0.518 0.7082465586682934
0.519 0.7256146397645964
0.52 0.7160710608859016
0.521 0.7536527041258674
0.522 0.722244845207454
0.523 0.7671881192922655
0.524 0.6790768258332519
0.525 0.6091024483274803
0.526 0.7159937141691063
0.527 0.8609059171066753
0.528 0.8294218192448056
0.529 0.8305796714419879
0.53 0.7644875545956806
0.531 0.8838611174763146
0.532 1.0200189636178085
0.533 1.035671230712669
0.534 1.0442022777165343
0.535 1.0384614179995129
0.536 0.9120107547400024
0.537 0.8794528061865069
0.538 0.8513841701481932
0.539 0.8363386342674407
0.54 0.9187582008983519
0.541 0.8908638231026178
0.542 0.802262881668991
0.543 0.7798335400426242
0.544 0.8039000365863987
0.545 0.7525095561730929
0.546 0.7419946689660617
0.547 0.6425177401330558
0.548 0.7366694265504606
0.549 0.723449572010629
0.55 0.7830770928138758
0.551 0.7310251795409928
0.552 0.7038654498462926
0.553 0.6710556837934526
0.554 0.5476386805434319
0.555 0.5311918419865206
0.556 0.6034010381708304
0.557 0.6236020448856276
0.558 0.6413833191693854
0.559 0.6163916512005808
0.56 0.7287278728624783
0.561 0.6207443454214312
0.562 0.5708951506821653
0.5630000000000001 0.4778771983551928
0.5640000000000001 0.4752455000560663
0.5650000000000001 0.4294256134941286
0.5660000000000001 0.4299082812829097
0.5670000000000001 0.2633129427660035
0.5680000000000001 0.18687651855909249
0.5690000000000001 0.03694658727719624
0.5700000000000001 0.029063947708341344
0.5710000000000001 0.029717478794657068
0.5720000000000001 0.0036967328764405324
0.5730000000000001 -0.07008491765001865
0.5740000000000001 -0.08072890696924663
0.5750000000000001 -0.07032053906185559
0.5760000000000001 -0.039259499728112796
0.577 -0.00047575206149618604
0.578 0.1120136978319321
0.579 0.21637362335436533
0.58 0.12037125619044849
0.581 0.10938526885761339
0.582 0.1923412120203601
0.583 0.13748996168378813
0.584 0.10784264893293069
0.585 0.03045913270561229
0.586 0.002137113004003155
0.587 -0.05543343748033302
0.588 0.018999850843173245
0.589 -0.08245033315378489
0.59 -0.09330630047644926
0.591 0.027257401736512435
0.592 0.042264741222885455
0.593 -0.0055914060507332025
0.594 0.03147008953334826
0.595 0.09272255351332004
0.596 0.06368933227236993
0.597 0.06760903672936974
0.598 0.060191289715840784
0.599 0.1418927387131658
0.6 0.021797073304861067
0.601 -0.004400639663512361
0.602 -0.1387047252546472
0.603 -0.15708819706386262
0.604 -0.21075405248529194
0.605 -0.218151308755169
0.606 -0.26366080610770126
0.607 -0.23163099178291466
0.608 -0.3135375279107452
0.609 -0.29174987693073906
0.61 -0.3216190233375016
0.611 -0.3020350316987045
0.612 -0.3318973085855798
0.613 -0.4556073298756591
0.614 -0.3527111224102034
0.615 -0.30276701395173544
0.616 -0.1921757206282031
0.617 -0.23790639841742867
0.618 -0.15946103987998084
0.619 -0.24064704467268433
0.62 -0.2737021869430344
0.621 -0.2660702390625304
0.622 -0.38234702126282566
0.623 -0.3673152209949648
0.624 -0.40162681932122507
0.625 -0.41776943286749146
0.626 -0.5470779370207424
0.627 -0.5990278597061716
0.628 -0.7009955296330376
0.629 -0.6302289011667495
0.63 -0.6549041716034487
0.631 -0.7254603254177024
0.632 -0.8524162815830686
0.633 -0.8366055501137546
0.634 -0.7903490372924874
0.635 -0.8243794816608926
0.636 -0.8381212183636448
0.637 -0.8507228389045972
0.638 -0.7569759847562019
0.639 -0.7235541531843861
0.64 -0.7706209374768965
0.641 -0.7040192247771346
0.642 -0.6003989591611002
0.643 -0.5960157929907859
0.644 -0.5255687199322255
0.645 -0.4697307313875425
0.646 -0.5557425334036946
0.647 -0.5364678063904237
0.648 -0.5914660708267606
0.649 -0.6353702929017881
0.65 -0.5029624515515068
0.651 -0.46289476636830135
0.652 -0.586791812032051
0.653 -0.5511937969628564
0.654 -0.4321015877275559
0.655 -0.38929168151289395
0.656 -0.3945366468264908
0.657 -0.28100476147139886
0.658 -0.22861316728329661
0.659 -0.20562377351446282
0.66 -0.11872558591821245
0.661 -0.09352201952021935
0.662 -0.08373203019627988
0.663 -0.02573117166484367
0.664 0.036584872526504386
0.665 0.13743803829870127
0.666 0.19324035037676096
0.667 0.24716765584728578
0.668 0.2192881778941903
0.669 0.18794614971388768
0.67 0.08265158466705813
0.671 -0.00439425154705865
0.672 0.032968616962652506
0.673 -0.02690383430376403
0.674 0.10220391893594621
0.675 0.05729223110879328
0.676 0.1376650318117923
0.677 0.23323425873422707
0.678 0.26371669748736204
0.679 0.20209791278673833
0.68 0.20155920944764108
0.681 0.21396374890759834
0.682 0.08045718210425296
0.683 0.0008052984653292711
0.684 -0.010032106227728628
0.685 -0.02419622330299651
0.686 -0.11108906650114651
0.687 -0.09977782313132258
0.6880000000000001 -0.09843703892234552
0.6890000000000001 -0.05201607064574309
0.6900000000000001 -0.07416625603291446
0.6910000000000001 -0.07327411090659627
0.6920000000000001 -0.12169982912209718
0.6930000000000001 -0.06314972624880233
0.6940000000000001 0.0037201870578102564
0.6950000000000001 0.11219539795144724
0.6960000000000001 0.08289242520476613
0.6970000000000001 0.05097277623156304
0.6980000000000001 -0.07506535477606482
0.6990000000000001 -0.09414011444611262
0.7000000000000001 -0.1237121070720054
0.7010000000000001 -0.11474448815155171
0.7020000000000001 -0.1481540422482136
0.7030000000000001 -0.10639990761175515
0.704 -0.11330118664613588
0.705 -0.2165941152188009
0.706 -0.23834778276362711
0.707 -0.246394762766485
0.708 -0.3150905766428225
0.709 -0.3917970173490877
0.71 -0.4947917957794363
0.711 -0.5093903577695037
0.712 -0.5269857360247336
0.713 -0.4988703102962473
0.714 -0.45493539111419057
0.715 -0.39793333350488624
0.716 -0.40496488762528465
0.717 -0.31533838709788287
0.718 -0.45711402561873005
0.719 -0.4858297338271256
0.72 -0.46432023907209224
0.721 -0.35283006003918016
0.722 -0.36253013436203835
0.723 -0.47899678910948457
0.724 -0.43651223986034826
0.725 -0.40604512602240617
0.726 -0.4297622882985747
0.727 -0.502544454971943
0.728 -0.5191234620354175
0.729 -0.5098982008888021
0.73 -0.3079932758792614
0.731 -0.3306910870559705
0.732 -0.26632046584615104
0.733 -0.1965718778602475
0.734 -0.11686584603465422
0.735 -0.21884102716773318
0.736 -0.26216088354339867
0.737 -0.3380632455545963
0.738 -0.35410280395196586
0.739 -0.3327879018671668
0.74 -0.3761895456822441
0.741 -0.3651201450970771
0.742 -0.40437229091817817
0.743 -0.5672940985523973
0.744 -0.578664673913241
0.745 -0.42995070503939203
0.746 -0.2920956886563143
0.747 -0.386726964689307
0.748 -0.3745475979408197
0.749 -0.4838834225006212
0.75 -0.46509673575536226
0.751 -0.4395900289850788
0.752 -0.4491964415724476
0.753 -0.4450754296834464
0.754 -0.4652004018938505
0.755 -0.46765398462928653
0.756 -0.5505904411325868
0.757 -0.654347431409297
0.758 -0.7160621386593408
0.759 -0.6626938789313552
0.76 -0.7253609380204782
0.761 -0.7636386694154037
0.762 -0.8139482070565158
0.763 -0.8503288223411988
0.764 -0.8765476212425936
0.765 -0.8307709495587391
0.766 -0.8598161556539036
0.767 -0.8539930219048009
0.768 -0.9685240223901728
0.769 -1.0488271443510802
0.77 -0.9495443817786543
0.771 -1.02991266995412
0.772 -1.0579247523822293
0.773 -1.0054923145640247
0.774 -1.039371249245182
0.775 -1.0466671073751175
0.776 -0.9833198665729288
0.777 -0.960795233950012
0.778 -1.000505543939817
0.779 -0.877091037688873
0.78 -0.9312259824974847
0.781 -0.860926664347667
0.782 -0.921519272808752
0.783 -0.8427049943276017
0.784 -0.7066168820213325
0.785 -0.7588498388601019
0.786 -0.82542999813949
0.787 -0.8043219841234917
0.788 -0.869225131381443
0.789 -0.9127396800781837
0.79 -0.9408094715431944
0.791 -0.9055160401704396
0.792 -0.9612807480201111
0.793 -1.048976555165471
0.794 -1.0423224839872378
0.795 -1.0778330994393568
0.796 -0.9776194590318502
0.797 -0.8824204766671687
0.798 -0.8556047824742194
0.799 -0.8269362492395502
0.8 -0.7574035177423951
0.801 -0.8725075516880542
0.802 -0.9195192499828515
0.803 -0.8977064339977789
0.804 -0.8647485365010101
0.805 -0.8007737552591537
0.806 -0.8307370774358145
0.807 -0.7333472732709843
0.808 -0.819296685219362
0.809 -0.8201193135138993
0.81 -0.8535668285984547
0.811 -0.839153783767997
0.812 -0.7599206174359472
0.8130000000000001 -0.6007166599247244
0.8140000000000001 -0.6363061296047952
0.8150000000000001 -0.6471857060990353
0.8160000000000001 -0.4955655224160287
0.8170000000000001 -0.5947798297368188
0.8180000000000001 -0.5968446129740872
0.8190000000000001 -0.6597663923842112
0.8200000000000001 -0.6666679528690631
0.8210000000000001 -0.657099315674485
0.8220000000000001 -0.5827675268523648
0.8230000000000001 -0.47918085273696864
0.8240000000000001 -0.4026129626011477
0.8250000000000001 -0.39314533088078824
0.8260000000000001 -0.5184961295238226
0.8270000000000001 -0.6114177338551089
0.8280000000000001 -0.6578439977031939
0.8290000000000001 -0.6496765847455893
0.8300000000000001 -0.5828597562219948
0.8310000000000001 -0.5974961141858943
0.8320000000000001 -0.558912605028668
0.833 -0.5087148706314555
0.834 -0.5840474449428004
0.835 -0.6174762532023382
0.836 -0.6222530190096152
0.837 -0.7156806632210504
0.838 -0.9076695996495682
0.839 -0.9107013365424234
0.84 -0.8707468285247915
0.841 -0.9018397268162313
0.842 -0.9144486183710466
0.843 -0.9848989818436995
0.844 -1.0782886462989227
0.845 -1.0192542544363232
0.846 -1.0681609112910397
0.847 -1.1018082126333877
0.848 -1.2200664643050245
0.849 -1.228352760145168
0.85 -1.4184864427536592
0.851 -1.3844301386080484
0.852 -1.4189903705779334
0.853 -1.3834545192296637
0.854 -1.3082082409959266
0.855 -1.28606645299094
0.856 -1.3258874506678233
0.857 -1.285365053433981
0.858 -1.4220189457119237
0.859 -1.3464636473078224
0.86 -1.2859188376430295
0.861 -1.2920835843799257
0.862 -1.3479182399409086
0.863 -1.3390186366513739
0.864 -1.4193012099393618
0.865 -1.4176018473785386
0.866 -1.4517157137553154
0.867 -1.4485435858306777
0.868 -1.3513574687922263
0.869 -1.384067216600445
0.87 -1.3867730317010685
0.871 -1.3842842778998128
0.872 -1.2623724725484127
0.873 -1.2368392744975716
0.874 -1.1893520862064555
0.875 -1.1310611450758137
0.876 -1.1380993483856385
0.877 -1.0725755751690103
0.878 -1.0365845736300447
0.879 -1.0150536285023974
0.88 -1.0057447635906158
0.881 -0.9742695176080665
0.882 -1.0108168363903198
0.883 -0.8706270663752173
0.884 -0.8978646597031603
0.885 -0.8861881855819461
0.886 -0.8239662051081585
0.887 -0.8236950966859622
0.888 -0.7446102142880067
0.889 -0.7232662922239105
0.89 -0.744745265193612
0.891 -0.8435496329701646
0.892 -0.8999854879839209
0.893 -0.9560410761872375
0.894 -0.9854187677594423
0.895 -0.9046801616789352
0.896 -0.9874858362948814
0.897 -1.1155164488988139
0.898 -1.0131803160702304
0.899 -1.1305311087255394
0.9 -1.0056980024000475
0.901 -0.9654806760325264
0.902 -1.013502954006952
0.903 -1.03549496063919
0.904 -1.0133250971973136
0.905 -1.0101866870840237
0.906 -1.0152018237524283
0.907 -1.060333127151994
0.908 -1.0499854486549882
0.909 -1.1985027298772717
0.91 -1.1724090755612968
0.911 -1.207188904210921
0.912 -1.1627470469803194
0.913 -1.016420308136126
0.914 -1.0268202161247946
0.915 -0.9954647470171353
0.916 -1.0069929080944657
0.917 -1.0756943224365922
0.918 -1.0636357909460838
0.919 -1.1100376278364945
0.92 -1.0386956200475213
0.921 -1.0290233508089546
0.922 -0.9816687986490382
0.923 -0.9719383377374258
0.924 -1.0262368405052738
0.925 -1.0389000489578746
0.926 -0.9975723677460451
0.927 -1.067715268805852
0.928 -1.051994500441865
0.929 -1.0418699948387071
0.93 -0.9672097327179854
0.931 -1.0515916486035224
0.932 -0.9528535646532288
0.933 -1.0048485139874201
0.934 -1.133513601418032
0.935 -1.2584732065653428
0.936 -1.1535840090657328
0.937 -1.125508449331802
0.9380000000000001 -1.0314065205365315
0.9390000000000001 -1.001834733041164
0.9400000000000001 -0.9785268365785719
0.9410000000000001 -1.037831105616414
0.9420000000000001 -1.051904123460229
0.9430000000000001 -0.9784452111946818
0.9440000000000001 -1.003395418175293
0.9450000000000001 -0.9703686088031679
0.9460000000000001 -0.9281386870504652
0.9470000000000001 -1.0413696115548572
0.9480000000000001 -1.0654115040632801
0.9490000000000001 -1.0023232165211784
0.9500000000000001 -0.9798866389362205
0.9510000000000001 -1.0167863324880628
0.9520000000000001 -0.9593098742539723
0.9530000000000001 -0.9540116578009766
0.9540000000000001 -0.9704667747255624
0.9550000000000001 -1.0503237781961916
0.9560000000000001 -0.9915710971007656
0.9570000000000001 -0.9922014588411128
0.9580000000000001 -1.0278879132347587
0.9590000000000001 -1.083332189043229
0.96 -0.9958461103520921
0.961 -1.1203011216869074
0.962 -1.0683114180531885
0.963 -1.0133018531694271
0.964 -1.024840608080806
0.965 -1.025640201072244
0.966 -0.9734174180040508
0.967 -1.0261235317261546
0.968 -0.9730612752634832
0.969 -0.9301778080802384
0.97 -0.9771241532287535
0.971 -1.0137174208066073
0.972 -0.9939805430486267
0.973 -1.0611214659334762
0.974 -0.9514765148437709
0.975 -0.9228540986880254
0.976 -0.9056999233634311
0.977 -0.8432111959703388
0.978 -0.9171401278960494
0.979 -0.9140890371685706
0.98 -0.8034056824821277
0.981 -0.8658689965946829
0.982 -0.9378509512434126
0.983 -1.0048475242281696
0.984 -0.9765884393338121
0.985 -0.9134990529571366
0.986 -0.9124561600510989
0.987 -1.0009454535229731
0.988 -1.0736865353472944
0.989 -1.1030347294271632
0.99 -1.1518000870403058
0.991 -1.0799143740417483
0.992 -0.9829167410545447
0.993 -1.070427781560326
0.994 -0.966736641285799
0.995 -0.9550093281134997
0.996 -0.9966826347990866
0.997 -1.0140326042369154
0.998 -1.0246888458619916
0.999 -0.9846287598773131
1.0 -0.9387608505429835
1.0010000000000001 -1.07944528130573
1.002 -1.1841933345517615
1.0030000000000001 -1.4311951903019438
1.004 -1.6614745516120593
1.0050000000000001 -1.8212383192867536
1.006 -1.925473046864132
1.0070000000000001 -2.03694580106385
1.008 -2.162486026248966
1.0090000000000001 -2.2260374563703307
1.01 -2.2454269919247984
1.0110000000000001 -2.3206459906763848
1.012 -2.437147229284667
1.0130000000000001 -2.6278529236350554
1.014 -2.595887552548468
1.0150000000000001 -2.726671194269057
1.016 -2.864715997742559
1.0170000000000001 -3.0060221846706985
1.018 -3.066139579623367
1.0190000000000001 -3.1227576609954912
1.02 -3.2263375876589646
1.0210000000000001 -3.3254082206114064
1.022 -3.2754856399933656
1.0230000000000001 -3.2916012046240404
1.024 -3.2593921634164302
1.025 -3.3918518993443207
1.026 -3.3537805499486644
1.027 -3.366925107139258
1.028 -3.29791200940852
1.029 -3.218486241116051
1.03 -3.198354492068943
1.031 -3.1964974771743773
1.032 -3.012472619596347
1.033 -2.96414303881568
1.034 -2.8242975144664615
1.035 -2.636879332777668
1.036 -2.534930911644422
1.037 -2.458607252023063
1.038 -2.3359208909247324
1.039 -2.2099302792874167
1.04 -2.21585074650824
1.041 -2.129919257091269
1.042 -2.020160067044261
1.043 -1.8740766218717912
1.044 -1.7728519744012396
1.045 -1.6525620239974463
1.046 -1.4581506650872849
1.047 -1.314219169089069
1.048 -1.2256199823339546
1.049 -1.2749785586991245
1.05 -1.1004927551707397
1.051 -1.0616448399155982
1.052 -0.972741899063831
1.053 -0.9345059188451567
1.054 -0.8649718831250502
1.055 -0.7018613797303155
1.056 -0.6347457453303839
1.057 -0.5010315105020386
1.058 -0.4211902764620257
1.059 -0.2910323414126168
1.06 -0.2927806064050931
1.061 -0.1942985252868109
1.062 -0.07364727492233111
1.063 0.024220395546551685
1.064 0.16929827977429363
1.065 0.31908494075760635
1.066 0.44559908707484125
1.067 0.6288721853934401
1.068 0.8115947114403428
1.069 0.9126149065828029
1.07 1.0424746890227696
1.071 1.2360571400385871
1.072 1.2397314842603968
1.073 1.2976390671564653
1.074 1.3909230684484963
1.075 1.5408410736719074
1.076 1.7090560730301054
1.077 1.8259300205061721
1.078 1.9277270719369228
1.079 1.9308515088009988
1.08 1.9785869853274165
1.081 2.0402894281484723
1.082 2.172132180633168
1.083 2.449928598138497
1.084 2.5018685263105174
1.085 2.6847206860138466
1.086 2.7934114520943814
1.087 2.895864145701073
1.088 3.0539441982156563
1.089 3.094640934030204
1.09 3.149771483795303
1.091 3.1531232919805063
1.092 3.129163126952051
1.093 3.1029431136828363
1.094 3.150793436173203
1.095 3.266200132454878
1.096 3.37443851274916
1.097 3.4570037590554934
1.098 3.504787682965946
1.099 3.602232387853001
1.1 3.647483231425187
1.101 3.6631348869765477
1.102 3.774373794688771
1.103 3.84569081226758
1.104 3.7930669381047517
1.105 3.7520985378441454
1.106 3.6623912615667993
1.107 3.6404351964765462
1.108 3.6005775973636363
1.109 3.5874267274437477
1.11 3.6413746842458052
1.111 3.484755588564072
1.112 3.4557376799023443
1.113 3.493492827516523
1.114 3.418848420221311
1.115 3.534787533907033
1.116 3.558220527193164
1.117 3.5271790230773328
1.118 3.3788426267254934
1.119 3.2646105968367665
1.12 3.197478582396973
1.121 3.0818708721621593
1.122 3.0153310843320456
1.123 2.990342068123798
1.124 2.869995215932661
1.125 2.792436652771065
1.1260000000000001 2.647534430560672
1.127 2.582942065155417
1.1280000000000001 2.4610913786355795
1.129 2.404601588719021
1.1300000000000001 2.324999856699501
1.131 2.299823274029709
1.1320000000000001 2.2286919646831196
1.133 2.188478592880807
1.1340000000000001 2.0344705149899935
1.135 1.83767225103914
1.1360000000000001 1.7210171678636184
1.137 1.6870400030218424
1.1380000000000001 1.5472951946713747
1.139 1.369718876951887
1.1400000000000001 1.2315193559292985
1.141 1.0797576681167302
1.1420000000000001 0.9578068490371626
1.143 0.8375901430805914
1.1440000000000001 0.6936292621006176
1.145 0.5663314294730916
1.1460000000000001 0.5262486637775146
1.147 0.33623636773951787
1.1480000000000001 0.13105254662745805
1.149 -0.03675500593508482
1.1500000000000001 -0.12684625807023564
1.151 -0.2870535068539244
1.1520000000000001 -0.31031954214554774
1.153 -0.4698371155726841
1.154 -0.4819327031892716
1.155 -0.6206597948115568
1.156 -0.8283819611778339
1.157 -0.8482675870782737
1.158 -0.9222334033066307
1.159 -1.0880264307460288
1.16 -1.1500790216746335
1.161 -1.3422456712094353
1.162 -1.5176387111031566
1.163 -1.510068696449075
1.164 -1.6152062587031806
1.165 -1.7468470778334064
1.166 -1.9122097997793885
1.167 -2.0475725775614455
1.168 -2.1859216631240272
1.169 -2.253912609280206
1.17 -2.27672707654717
1.171 -2.340409357328938
1.172 -2.533510537486123
1.173 -2.563896307738065
1.174 -2.687521182305131
1.175 -2.69028104555401
1.176 -2.740324267893362
1.177 -2.7528133936531582
1.178 -2.82633559683728
1.179 -2.961766627856816
1.18 -2.990881887092058
1.181 -2.9847986531634842
1.182 -3.0787247592152625
1.183 -3.09420376165793
1.184 -3.0829687702416946
1.185 -3.1114065089146967
1.186 -3.229405388070714
1.187 -3.2377285293230162
1.188 -3.2863219573353017
1.189 -3.3379032732933047
1.19 -3.364095645323709
1.191 -3.294412300820702
1.192 -3.264102542317138
1.193 -3.3767996427581806
1.194 -3.2620806088221266
1.195 -3.232972103148093
1.196 -3.2851522439178726
1.197 -3.2625105912988555
1.198 -3.2791138764913033
1.199 -3.365752705017017
1.2 -3.310231562778856
1.201 -3.2422989112304106
1.202 -3.1406981004233723
1.203 -3.0332508512042784
1.204 -2.933839159913684
1.205 -2.783947301310864
1.206 -2.7562011768509627
1.207 -2.640434691225913
1.208 -2.6492193119764496
1.209 -2.545410121879166
1.21 -2.383133143762276
1.211 -2.3304334479601754
1.212 -2.3030559384436398
1.213 -2.2460588585311116
1.214 -2.30258644276401
1.215 -2.2315819195742472
1.216 -2.194695699913014
1.217 -2.0699481070918213
1.218 -2.012162798934664
1.219 -1.9978100082934762
1.22 -2.071624463037358
1.221 -1.9840251740421464
1.222 -1.9172404117261679
1.223 -1.8420944166564177
1.224 -1.8024071125548327
1.225 -1.7708043758992922
1.226 -1.721016903410137
1.227 -1.7975602289192325
1.228 -1.7156397992366175
1.229 -1.7116628639783906
1.23 -1.6844386595744851
1.231 -1.6758534398136968
1.232 -1.6231595597194626
1.233 -1.470773115258007
1.234 -1.399186993644531
1.235 -1.373065135966326
1.236 -1.2818604206975448
1.237 -1.1957070157131322
1.238 -0.9941218853205701
1.239 -0.9967170144371077
1.24 -1.073306230953723
1.241 -1.0607222776149818
1.242 -0.9662150031856803
1.243 -0.8914604990312636
1.244 -0.8044434119427363
1.245 -0.7728177331336836
1.246 -0.7793989967055688
1.247 -0.82133225736736
1.248 -0.8565308654072283
1.249 -0.7933095763995817
1.25 -0.8031298533131823
1.2510000000000001 -0.8646698089069265
1.252 -0.9174583725448766
1.2530000000000001 -0.9025675375107156
1.254 -0.8069091082347166
1.2550000000000001 -0.8063887412088224
1.256 -0.862732505759607
1.2570000000000001 -0.9552705302020155
1.258 -0.9225779365063942
1.2590000000000001 -0.8119671369434394
1.26 -0.831672539496356
1.2610000000000001 -0.7372385409781264
1.262 -0.7101089634732651
1.2630000000000001 -0.5509464157961163
1.264 -0.5198579208389991
1.2650000000000001 -0.6155425857084952
1.266 -0.5655748653031355
1.2670000000000001 -0.5589191112330137
1.268 -0.5744316523759793
1.2690000000000001 -0.5795617696090248
1.27 -0.6260829388262314
1.2710000000000001 -0.657673407348972
1.272 -0.6522087270738586
1.2730000000000001 -0.6296977400751804
1.274 -0.464665561874264
1.2750000000000001 -0.5314408328369665
1.276 -0.5067282210414211
1.2770000000000001 -0.5324295539429229
1.278 -0.4424774034020764
1.2790000000000001 -0.3423259289257073
1.28 -0.3849158604466166
1.281 -0.48428570272612614
1.282 -0.5726679376527829
1.283 -0.6009092434043624
1.284 -0.456844196986158
1.285 -0.3899663593659992
1.286 -0.3818619044615341
1.287 -0.28913882019404
1.288 -0.32869373158071846
1.289 -0.3636394582767406
1.29 -0.2832395709798206
1.291 -0.3560920126932214
1.292 -0.21428882489934412
1.293 -0.052062560431364174
1.294 -0.039854509815759845
1.295 -0.1259470796861224
1.296 -0.06583759406125511
1.297 0.006034241852465899
1.298 -0.09493268631629036
1.299 -0.10842692067358464
1.3 -0.022885563512664547
1.301 -0.0685516342631932
1.302 -0.1392477632121451
1.303 -0.17393646510914096
1.304 -0.14576638154776744
1.305 -0.1444639761849329
1.306 -0.1726607551857509
1.307 -0.1022082740175199
1.308 -0.09690556004567519
1.309 -0.032845533950129124
1.31 -0.055503478459351024
1.311 -0.05658330793601965
1.312 -0.03521372231619255
1.313 -0.043047301323909076
1.314 -0.10214952594616053
1.315 -0.04983092627526092
1.316 -0.04220259382834285
1.317 -0.08979735337486333
1.318 -0.20318653105434276
1.319 -0.22376819818712476
1.32 -0.290505767683028
1.321 -0.37297832279353127
1.322 -0.3269159551449142
1.323 -0.3833667638577528
1.324 -0.4276657800292275
1.325 -0.39534486913222266
1.326 -0.37859558518580566
1.327 -0.3104265162355918
1.328 -0.2828691925146669
1.329 -0.24481458758565763
1.33 -0.2755405949169767
1.331 -0.21074730177252843
1.332 -0.3178338111864577
1.333 -0.30966190406542543
1.334 -0.3566106842273687
1.335 -0.3680577820675857
1.336 -0.36404004987568583
1.337 -0.27480750187631486
1.338 -0.34998503297565914
1.339 -0.4657917235040951
1.34 -0.5180182326513884
1.341 -0.5751903523630603
1.342 -0.5580173368973009
1.343 -0.5928217490204227
1.344 -0.4842223726482947
1.345 -0.4686635489354941
1.346 -0.5047572967794153
1.347 -0.4482314079667584
1.348 -0.5264643815987674
1.349 -0.5600326797166747
1.35 -0.5561695946609387
1.351 -0.6051575004326073
1.352 -0.5904312213045886
1.353 -0.5342684898347433
1.354 -0.5460123427203676
1.355 -0.6744682921375609
1.356 -0.822547380813976
1.357 -0.8473760502336131
1.358 -0.9613608898380672
1.359 -0.8916048174845935
1.36 -0.9753566944067124
1.361 -0.922511295020167
1.362 -1.029810908905516
1.363 -1.131049799853431
1.364 -1.2652902453208943
1.365 -1.3032112139131213
1.366 -1.3858440052587437
1.367 -1.3502312380160268
1.368 -1.2813563783811386
1.369 -1.3473255141719265
1.37 -1.439705191936149
1.371 -1.5608846248014068
1.372 -1.4980956738782958
1.373 -1.5705383237269368
1.374 -1.5582610660343283
1.375 -1.481848333660261
1.3760000000000001 -1.5146440212921868
1.377 -1.5825618832155297
1.3780000000000001 -1.5072736567793548
1.379 -1.4869046202354386
1.3800000000000001 -1.4486520514698502
1.381 -1.5095388545829056
1.3820000000000001 -1.509108788637266
1.383 -1.5544612124482657
1.3840000000000001 -1.4523309150997632
1.385 -1.5570130166695408
1.3860000000000001 -1.6719173975433215
1.387 -1.7852213534425956
1.3880000000000001 -1.8114103756242426
1.389 -1.825859984346166
1.3900000000000001 -1.8248089464558608
1.391 -1.8524805146645746
1.3920000000000001 -1.8698077941562956
1.393 -1.9250976115856056
1.3940000000000001 -1.9214123791966724
1.395 -1.9999318485076696
1.3960000000000001 -2.0551431610994637
1.397 -2.004138697563722
1.3980000000000001 -2.0507549264425378
1.399 -1.9920878532714879
1.4000000000000001 -2.1390819217336734
1.401 -2.1490974002756174
1.4020000000000001 -2.2248787914720505
1.403 -2.3878429280707536
1.4040000000000001 -2.401060546932647
1.405 -2.551731305924791
1.4060000000000001 -2.5645554034540488
1.407 -2.6171417298302333
1.408 -2.6866915985337085
1.409 -2.7007888984564694
1.41 -2.6499248884301605
1.411 -2.615530105534215
1.412 -2.590112822103159
1.413 -2.550342197424717
1.414 -2.615972740218412
1.415 -2.6897286268519585
1.416 -2.661615741479573
1.417 -2.6235747747630005
1.418 -2.5891012864479386
1.419 -2.5116749378016707
1.42 -2.4609747732915204
1.421 -2.473536314761094
1.422 -2.44596585034701
1.423 -2.418522030896572
1.424 -2.495036716665531
1.425 -2.479274223108723
1.426 -2.5029669600510585
1.427 -2.5381884375002635
1.428 -2.5704454686765255
1.429 -2.65066700279524
1.43 -2.732437184132484
1.431 -2.791221285353849
1.432 -2.759570790369022
1.433 -2.765433493142986
1.434 -2.8061556982845532
1.435 -2.9700672889752173
1.436 -2.925000981168001
1.437 -2.990880320925444
1.438 -2.995039788837816
1.439 -3.0600924882244795
1.44 -3.0301664810676305
1.441 -3.1357571867711087
1.442 -3.087016052057475
1.443 -3.240422420123132
1.444 -3.2405663030904863
1.445 -3.4345647669411994
1.446 -3.587603979271015
1.447 -3.6904119352765274
1.448 -3.6563892857312257
1.449 -3.7404944588379188
1.45 -3.7825231568838396
1.451 -3.8341841111052752
1.452 -3.8015576887599773
1.453 -3.7928052068642337
1.454 -3.881015974352961
1.455 -3.950772713351139
1.456 -4.024885701245428
1.457 -4.1004582158936325
1.458 -4.023738846300146
1.459 -4.065493927468456
1.46 -4.119034027400099
1.461 -4.19080198584108
1.462 -4.209258313531551
1.463 -4.225241476561909
1.464 -4.241819865564366
1.465 -4.303183651266643
1.466 -4.239688556179349
1.467 -4.35329470020231
1.468 -4.410251742919866
1.469 -4.489013423919261
1.47 -4.595522918019469
1.471 -4.719106559626646
1.472 -4.774089220139858
1.473 -4.698072757571644
1.474 -4.701737171147724
1.475 -4.735218078482405
1.476 -4.868926080096938
1.477 -4.863850500108686
1.478 -4.976495616140626
1.479 -5.038977799414639
1.48 -5.0312595647584315
1.481 -5.19768152646647
1.482 -5.1885325116353425
1.483 -5.233293983003053
1.484 -5.2982639428494664
1.485 -5.405262367904565
1.486 -5.417371506531549
1.487 -5.416141398181398
1.488 -5.541388103661792
1.489 -5.670400991057483
1.49 -5.74516906212323
1.491 -5.740943829534044
1.492 -5.816317263841232
1.493 -5.758220420146443
1.494 -5.802801604978771
1.495 -5.847672940725541
1.496 -5.8578337265636025
1.497 -5.939832630767642
1.498 -5.923010995567536
1.499 -5.937823546602506
1.5 -5.983416806206982
1.5010000000000001 -6.015293788559388
1.502 -5.961313472109142
1.5030000000000001 -6.01374554061276
1.504 -6.070339351454749
1.5050000000000001 -6.027609761191667
1.506 -5.945723244432199
1.5070000000000001 -5.992185273944468
1.508 -5.942312149887437
1.5090000000000001 -5.830276946910406
1.51 -5.8917082699568395
1.5110000000000001 -5.910556401866797
1.512 -5.9597650505370385
1.5130000000000001 -5.939382379187193
1.514 -5.965126707548933
1.5150000000000001 -6.114369728680338
1.516 -6.124285340082991
1.5170000000000001 -6.196162144698289
1.518 -6.200865774825929
1.5190000000000001 -6.1630983087101505
1.52 -6.130609382694625
1.5210000000000001 -6.144067841048448
1.522 -6.148926866590415
1.5230000000000001 -6.221367213070932
1.524 -6.308766006179212
1.5250000000000001 -6.263443570410597
1.526 -6.315116665941575
1.5270000000000001 -6.341261054667973
1.528 -6.4291801768800685
1.5290000000000001 -6.447911337747458
1.53 -6.421297838500479
1.5310000000000001 -6.4687608071163645
1.532 -6.497328976825235
1.5330000000000001 -6.609242552098814
1.534 -6.723357708779542
1.5350000000000001 -6.70989699361225
1.536 -6.705664320517665
1.537 -6.603527448998715
1.538 -6.615594004379657
1.539 -6.664868534954257
1.54 -6.634985954754081
1.541 -6.674518950946402
1.542 -6.753688366199257
1.543 -6.7011428293086315
1.544 -6.688864733227703
1.545 -6.72624196506694
1.546 -6.725427842090294
1.547 -6.869908227432684
1.548 -6.906182056372709
1.549 -6.887276735349942
1.55 -6.849625993481331
1.551 -7.020947332392121
1.552 -7.075970109165413
1.553 -7.089280815535719
1.554 -7.032544728051085
1.555 -7.030932001554383
1.556 -7.075239109535385
1.557 -7.081847011822808
1.558 -7.057141589358732
1.559 -7.195008289193156
1.56 -7.106477115299501
1.561 -7.187287469169939
1.562 -7.292458764680945
1.563 -7.383225212456176
1.564 -7.345798795838936
1.565 -7.521075837239238
1.566 -7.532759768055741
1.567 -7.583849691990449
1.568 -7.530688269251071
1.569 -7.611166958049738
1.57 -7.650015152554536
1.571 -7.718103484776325
1.572 -7.599706321692301
1.573 -7.611248397657861
1.574 -7.519944768965486
1.575 -7.574547933169215
1.576 -7.574762982367992
1.577 -7.5375206902565814
1.578 -7.485649194843944
1.579 -7.509563963405136
1.58 -7.547938842171436
1.581 -7.544538750820212
1.582 -7.542953126851755
1.583 -7.5918030061028885
1.584 -7.505265178632226
1.585 -7.419177769037272
1.586 -7.370701661506585
1.587 -7.361797514645033
1.588 -7.313758079250304
1.589 -7.274468020449618
1.59 -7.342485417727864
1.591 -7.396614536779242
1.592 -7.396274201823802
1.593 -7.451184540206344
1.594 -7.553136809977495
1.595 -7.6117412730365945
1.596 -7.508579346812566
1.597 -7.499036640001291
1.598 -7.498569422642965
1.599 -7.448382145509641
1.6 -7.488987284422879
1.601 -7.537206448632922
1.602 -7.495929313138123
1.603 -7.508404675064391
1.604 -7.497482748290118
1.605 -7.510926005442785
1.606 -7.446445452362762
1.607 -7.502059824054447
1.608 -7.472448070731574
1.609 -7.573074990315412
1.61 -7.54064579029079
1.611 -7.565303644450301
1.612 -7.4908564228995855
1.613 -7.683574706582725
1.614 -7.59795125844495
1.615 -7.528486762636333
1.616 -7.4165760210803215
1.617 -7.390462760161224
1.618 -7.337917283781827
1.619 -7.385135622160066
1.62 -7.410018724468503
1.621 -7.3962386240862985
1.622 -7.365966126785285
1.623 -7.261623362675157
1.624 -7.240049047856191
1.625 -7.300978099047842
1.6260000000000001 -7.2460025490657545
1.627 -7.203405729572906
1.6280000000000001 -7.160864964467834
1.629 -7.120989749927378
1.6300000000000001 -7.079288624201936
1.631 -7.071445866748221
1.6320000000000001 -6.866975958238606
1.633 -6.802735073593677
1.6340000000000001 -6.800934850438781
1.635 -6.807587554372754
1.6360000000000001 -6.726884245438292
1.637 -6.732563178298136
1.6380000000000001 -6.702153716799225
1.639 -6.62046682111205
1.6400000000000001 -6.4847687744741975
1.641 -6.432452642490567
1.6420000000000001 -6.439791680451512
1.643 -6.539921319774385
1.6440000000000001 -6.578601343667818
1.645 -6.5786751926228435
1.6460000000000001 -6.594138958577089
1.647 -6.573173140319769
1.6480000000000001 -6.584494704148796
1.649 -6.409666954014983
1.6500000000000001 -6.355039934937693
1.651 -6.207571517525902
1.6520000000000001 -6.180340813833039
1.653 -6.118809049284365
1.6540000000000001 -6.001603144247997
1.655 -5.941264716472353
1.6560000000000001 -5.858521591852629
1.657 -5.851580315444265
1.6580000000000001 -5.821785224472718
1.659 -5.8466545180761536
1.6600000000000001 -5.918013049447733
1.661 -5.884753166309996
1.6620000000000001 -5.862133953462193
1.663 -5.720680411009475
1.6640000000000001 -5.688232050313866
1.665 -5.723418664228867
1.666 -5.5557267936611545
1.667 -5.553467958736737
1.668 -5.545384049571059
1.669 -5.639900025946481
1.67 -5.684197440599592
1.671 -5.683311332407559
1.672 -5.65157274708718
1.673 -5.659812027668121
1.674 -5.646755377754409
1.675 -5.599464911402601
1.676 -5.68771162853547
1.677 -5.71357082475984
1.678 -5.8033776442957405
1.679 -5.765251942827168
1.68 -5.653037677933668
1.681 -5.662141405257317
1.682 -5.541845792362107
1.683 -5.47874112029835
1.684 -5.4091019084427545
1.685 -5.435677768339124
1.686 -5.309262506008326
1.687 -5.215501790829776
1.688 -5.20555667013214
1.689 -5.120731502622712
1.69 -5.129300711311745
1.691 -5.00834677964165
1.692 -4.9281982959637745
1.693 -4.827482509764414
1.694 -4.729103890495984
1.695 -4.705733506210134
1.696 -4.611340620140074
1.697 -4.495453652531781
1.698 -4.366351236592699
1.699 -4.2690354017402665
1.7 -4.264401001841793
1.701 -4.169992722276683
1.702 -4.118509551953601
1.703 -4.0255820753760805
1.704 -3.8813743137347787
1.705 -3.824073935565998
1.706 -3.8618791061652136
1.707 -3.781342084561494
1.708 -3.6614397522655815
1.709 -3.618880199265462
1.71 -3.4568196378239047
1.711 -3.4079249423127314
1.712 -3.3047545138730596
1.713 -3.217304116717653
1.714 -3.207712154153081
1.715 -3.148212458676003
1.716 -3.0334441839940647
1.717 -2.948766839427066
1.718 -2.8501470193474567
1.719 -2.7883642798403057
1.72 -2.687270386399308
1.721 -2.5617764095577114
1.722 -2.3577579349694573
1.723 -2.2413619378568326
1.724 -2.1929705091557605
1.725 -2.1197987015029223
1.726 -2.0339361165684267
1.727 -1.9851454097856638
1.728 -1.8960367940574332
1.729 -1.7988560689770416
1.73 -1.7890428614104081
1.731 -1.7462546209156269
1.732 -1.6669183821164197
1.733 -1.642211584033259
1.734 -1.5504297622375796
1.735 -1.5154892209472184
1.736 -1.3737869923790402
1.737 -1.2102746241606053
1.738 -1.1005805190410611
1.739 -1.070505817776849
1.74 -0.9536576423607539
1.741 -0.8053736766353656
1.742 -0.6623152018273475
1.743 -0.5481550534905095
1.744 -0.40328723656732274
1.745 -0.267046949516191
1.746 -0.07856501001965999
1.747 0.08362049698899848
1.748 0.25925459412211094
1.749 0.3847113154117317
1.75 0.42596595592260017
1.7510000000000001 0.4850272181678093
1.752 0.43926950775583246
1.7530000000000001 0.5337439207559569
1.754 0.6164392615984285
1.7550000000000001 0.6078567675253845
1.756 0.6055418113272992
1.7570000000000001 0.700052735684343
1.758 0.7180007375743798
1.7590000000000001 0.8130061057779902
1.76 0.8693149501175078
1.7610000000000001 0.9189796633405339
1.762 0.8635082851931699
1.7630000000000001 0.9993847312887214
1.764 1.0400893300957548
1.7650000000000001 1.0127701882092317
1.766 0.9286657307799423
1.7670000000000001 0.8475101153830351
1.768 0.8108003870462457
1.7690000000000001 0.7931485096309299
1.77 0.7615730800279209
1.7710000000000001 0.6997500937669373
1.772 0.6398654327462515
1.7730000000000001 0.7332999146586018
1.774 0.8331629452821772
1.7750000000000001 0.7723701520997752
1.776 0.7529818285176644
1.7770000000000001 0.7341268736721935
1.778 0.6465868057545374
1.7790000000000001 0.7169875429501218
1.78 0.6774790156647126
1.7810000000000001 0.6397088372903478
1.782 0.6973911083283131
1.7830000000000001 0.6825073156729159
1.784 0.8161381387735381
1.7850000000000001 0.9489489671404858
1.786 1.0061168002891598
1.7870000000000001 0.9321427089418574
1.788 0.8703527155798523
1.7890000000000001 0.9149418650930135
1.79 0.9186234676743685
1.7910000000000001 0.9039308661438702
1.792 0.8819606754483699
1.793 1.0253044067051909
1.794 0.9519026890688734
1.795 0.9227698937755605
1.796 0.8498278287689782
1.797 0.7768530100055715
1.798 0.7908013631784157
1.799 0.7080671376860039
1.8 0.7838497746453081
1.801 0.6541853440422503
1.802 0.6944155573831511
1.803 0.7198808412004472
1.804 0.6965723112269673
1.805 0.62650063141846
1.806 0.6935587464284538
1.807 0.7021093333102499
1.808 0.7178946768245332
1.809 0.771506824097014
1.81 0.7332055660443615
1.811 0.7817655786405608
1.812 0.7551785408171278
1.813 0.8445343276884323
1.814 0.8965653672115153
1.815 0.9197602636446197
1.816 0.8669987556156803
1.817 0.7774586333740956
1.818 0.7734482634892702
1.819 0.8528263117462133
1.82 0.9162563957674434
1.821 0.8938176704176293
1.822 0.8836537024345926
1.823 0.8823047672643111
1.824 0.9696113254267686
1.825 1.057414989465776
1.826 1.048637451581145
1.827 1.0931387605855292
1.828 1.182888079672182
1.829 1.1935114469629773
1.83 1.1880858084396813
1.831 1.2402668950611575
1.832 1.1095404180544506
1.833 1.1312810144921537
1.834 1.1588670779312984
1.835 1.0579159792052393
1.836 1.0388665780091357
1.837 1.021379406318544
1.838 1.0828081879082256
1.839 1.1192788443966863
1.84 1.100378047645583
1.841 1.0819158258458756
1.842 1.0256625538785102
1.843 0.9915511203890173
1.844 1.0336180116110076
1.845 1.0415914792030765
1.846 0.927845512713961
1.847 0.8034953522399448
1.848 0.7892412128709109
1.849 0.8098284851840055
1.85 0.7714627856000883
1.851 0.890541607674961
1.852 0.898528265093603
1.853 0.8705949612480467
1.854 0.8608448773374863
1.855 0.9262523614386099
1.856 0.9196585702880522
1.857 0.79663862722231
1.858 0.7752347331242592
1.859 0.8404651590211905
1.86 0.8770397915553789
1.861 0.8438435126741886
1.862 0.8524123703922293
1.863 0.843401322311838
1.864 0.8859992192281275
1.865 0.823931089439777
1.866 0.7306336225578135
1.867 0.6934793140264124
1.868 0.611797573591462
1.869 0.6174520261434218
1.87 0.5882820620046109
1.871 0.5649984598214064
1.872 0.5654264110915657
1.873 0.6139294490935728
1.874 0.59633354409052
1.875 0.5949719889588525
1.8760000000000001 0.47260280708728486
1.877 0.6190377588421204
1.8780000000000001 0.5002404408098863
1.879 0.4359736811664412
1.8800000000000001 0.41920308153147795
1.881 0.41962565275936875
1.8820000000000001 0.35727786606372036
1.883 0.3185402907701793
1.8840000000000001 0.28337085491290015
1.885 0.261368016277202
1.8860000000000001 0.39373340835289905
1.887 0.4697699157288347
1.8880000000000001 0.5111812848692308
1.889 0.49753342969185704
1.8900000000000001 0.44349086024777157
1.891 0.4435919483265812
1.8920000000000001 0.5341726094948599
1.893 0.45534185273056244
1.8940000000000001 0.4137200897126021
1.895 0.4176191026306922
1.8960000000000001 0.30540883990053064
1.897 0.3649107779601153
1.8980000000000001 0.3922669366677763
1.899 0.38879983981544425
1.9000000000000001 0.35611358258755005
1.901 0.5001251311424078
1.9020000000000001 0.4068083546313521
1.903 0.36464142176614095
1.9040000000000001 0.4081620755253382
1.905 0.40576581714109256
1.9060000000000001 0.4402999487498092
1.907 0.43259306020389815
1.9080000000000001 0.3407957547318159
1.909 0.39887244784548154
1.9100000000000001 0.47801355666922024
1.911 0.504739445157337
1.9120000000000001 0.4508172158206022
1.913 0.5071369346136742
1.9140000000000001 0.6016008118644623
1.915 0.600639730478131
1.9160000000000001 0.7259910122215816
1.917 0.7252068523494922
1.9180000000000001 0.7527879479349329
1.919 0.7566526884108278
1.92 0.7491768968058686
1.921 0.923523791704475
1.922 0.8479454263665269
1.923 0.9219064847192989
1.924 0.8893812889624199
1.925 0.9511245211102004
1.926 0.9410122287043979
1.927 0.9871416093966208
1.928 0.9591373054618636
1.929 0.9739274260275284
1.93 0.9872745166331975
1.931 0.9349148631066707
1.932 0.9013744524026064
1.933 0.8458042816724322
1.934 0.7659465594330145
1.935 0.7589339296818295
1.936 0.7967121167972824
1.937 0.8180742785401998
1.938 0.8506701919699513
1.939 0.7941547346302806
1.94 0.6946917087052271
1.941 0.7514462042311767
1.942 0.6760892933879947
1.943 0.7233658775879032
1.944 0.6386540648058936
1.945 0.610544515316416
1.946 0.7173256078964703
1.947 0.8401168191275583
1.948 0.997925965095127
1.949 0.9872407881072757
1.95 0.9518528361016674
1.951 0.9445511760111547
1.952 0.9358011111640593
1.953 1.005959776851953
1.954 0.9456376293954046
1.955 0.8435170088340003
1.956 0.8437826587986101
1.957 0.8929387813866667
1.958 0.889686379493216
1.959 0.8663828627516792
1.96 0.8208108585358519
1.961 0.8498265879756083
1.962 0.6467563061256753
1.963 0.6589498577252302
1.964 0.6754062773170819
1.965 0.6998710859342633
1.966 0.6232247734144264
1.967 0.56651667132111
1.968 0.52050936198056
1.969 0.5353881860378727
1.97 0.49833552396631725
1.971 0.4909550662988794
1.972 0.4846625062420089
1.973 0.5206641358009335
1.974 0.5449880885492062
1.975 0.3655464929354155
1.976 0.36500068874734864
1.977 0.39299586755648414
1.978 0.379731545255017
1.979 0.29172202042757595
1.98 0.35651432468578
1.981 0.41372791750951815
1.982 0.5015294561416376
1.983 0.4072678723161588
1.984 0.5144313699053387
1.985 0.5101810864152522
1.986 0.5445209801525892
1.987 0.4958778874052016
1.988 0.5871358994293577
1.989 0.5887438585304764
1.99 0.4379172783028305
1.991 0.4054197986702178
1.992 0.4198953372004418
1.993 0.39842928517779674
1.994 0.41259617540987203
1.995 0.40177576301927465
1.996 0.3470146793158031
1.997 0.3602055557670312
1.998 0.41811629488632784
1.999 0.44666544147424964
2.0 0.38800419715578033
2.001 0.3716911982173509
2.0020000000000002 0.3952740660456152
2.003 0.43585897525672684
2.004 0.4318495852901262
2.005 0.37232451567227504
2.0060000000000002 0.3640694466914649
2.007 0.2899806548293016
2.008 0.3393926647406105
2.009 0.3803106157981961
2.0100000000000002 0.4089022407762463
2.011 0.40548629276980735
2.012 0.4249176868639498
2.013 0.5264413799053341
2.0140000000000002 0.5432070427238009
2.015 0.6189396979552614
2.016 0.6236384923361009
2.017 0.6091841688551215
2.0180000000000002 0.6417896352802152
2.019 0.6969474713155305
2.02 0.6589743914010571
2.021 0.5756299062739925
2.0220000000000002 0.6363396387633138
2.023 0.5591912118791064
2.024 0.4663758313768673
2.025 0.34858158629189007
2.0260000000000002 0.28990984325507346
2.027 0.37617160751881695
2.028 0.372637617279223
2.029 0.42833832425605495
2.0300000000000002 0.46587585832364664
2.031 0.5782640402580623
2.032 0.544820669740687
2.033 0.40716289056735805
2.0340000000000003 0.43915177287999896
2.035 0.46542577840081
2.036 0.556195762986217
2.037 0.6006612407036382
2.0380000000000003 0.617920683383488
2.039 0.5484839948588051
2.04 0.5436077048806618
2.041 0.6240550793640373
2.0420000000000003 0.639576716424208
2.043 0.5367514439083519
2.044 0.6023532001998101
2.045 0.45913317294629874
2.0460000000000003 0.3568359879847377
2.047 0.3160749510254471
2.048 0.3177240532288496
2.049 0.4121363572805221
2.05 0.3123225687570772
2.051 0.3249545693502713
2.052 0.41845983602652126
2.053 0.4761271718820684
2.054 0.5148224544934425
2.055 0.43049225253790513
2.056 0.44672336472319174
2.057 0.5838344418587835
2.058 0.6826328820141437
2.059 0.6471308676845453
2.06 0.5832182602240434
2.061 0.6767897405076209
2.062 0.6991524120908525
2.063 0.754037286978279
2.064 0.6944640619022503
2.065 0.7225540417313233
2.066 0.7769335678806037
2.067 0.6838062714997388
2.068 0.6558380607205041
2.069 0.6349496061442275
2.07 0.6132495681229305
2.071 0.5498204678630838
2.072 0.4619618783661812
2.073 0.4449846243415767
2.074 0.49380220554602294
2.075 0.46386712859086443
2.076 0.3903109328480336
2.077 0.3739347496899584
2.078 0.4204911247247408
2.079 0.469521866841454
2.08 0.5333013977556869
2.081 0.48303577423817257
2.082 0.4583721154362948
2.083 0.4024679183661543
2.084 0.322889101264066
2.085 0.19558173267557574
2.086 0.18476345430227234
2.087 0.2597386181811761
2.088 0.3056597831201354
2.089 0.2058881846325582
2.09 0.20198723629074444
2.091 0.10519738898000218
2.092 0.12898243178356184
2.093 0.031768510679387685
2.094 0.017284868618517975
2.095 0.017927203945955168
2.096 0.08131809563786188
2.097 0.09913011598346026
2.098 0.08989004701842193
2.099 0.14394542378015604
2.1 0.030790661073065537
2.101 0.0423026000533939
2.102 -0.050029808998502616
2.103 -0.0017965620967347537
2.104 -0.01639942583777519
2.105 -0.058277829119795094
2.106 0.010355925250811013
2.107 0.03300092619052222
2.108 0.07846292140750179
2.109 0.10074451511370695
2.11 -0.02268828411622127
2.111 -0.0268704898563407
2.112 -0.04497337729758093
2.113 -0.022996564441532828
2.114 -0.0630888108589226
2.115 -0.024852088846453582
2.116 -0.01303422435231566
2.117 -0.2041840452861473
2.118 -0.17105850937319692
2.119 -0.1486920031885434
2.12 -0.06429872843922702
2.121 0.02177054118324856
2.122 0.03383964764553777
2.123 0.06599149946759375
2.124 0.028260966936466077
2.125 -0.011675260654602941
2.126 0.025657521688678978
2.1270000000000002 0.042558817178348196
2.128 0.027777404396833322
2.129 -0.0960110213712266
2.13 -0.0862070699502221
2.1310000000000002 -0.014932470737654038
2.132 -0.08995064672731085
2.133 0.010552757036860136
2.134 0.03695966156348348
2.1350000000000002 0.06097352332172125
2.136 0.07660048511287969
2.137 0.08744379224444913
2.138 0.12220686894004044
2.1390000000000002 0.09588378241490032
2.14 0.11827815488787571
2.141 0.0890482563175392
2.142 0.05031001189480754
2.1430000000000002 -0.0202044200804189
2.144 0.05256137728984304
2.145 0.022665046885056585
2.146 -0.04643568946933301
2.1470000000000002 -0.13372310639615817
2.148 -0.040745215552349945
2.149 0.028248590230047332
2.15 -0.0054440059941370245
2.1510000000000002 0.0016697997655219692
2.152 -0.013589051488015723
2.153 -0.11071827384990285
2.154 -0.09620199002663776
2.1550000000000002 0.007031293942870415
2.156 -0.02815334748230939
2.157 0.09406390191396208
2.158 0.09599912361482799
2.1590000000000003 0.09744134966714181
2.16 0.13879382312893457
2.161 0.1016562549131329
2.162 0.16438293439267662
2.1630000000000003 0.23984475557503163
2.164 0.30697325423724764
2.165 0.324996017875104
2.166 0.3346069659732912
2.1670000000000003 0.304215252012932
2.168 0.27345177339932525
2.169 0.2472840217215343
2.17 0.22817952536651928
2.1710000000000003 0.2574105271643043
2.172 0.17273275737021576
2.173 0.14206828334960375
2.174 0.16914738158183462
2.1750000000000003 0.15260258440392432
2.176 0.1218499676951196
2.177 0.08343113075450075
2.178 0.20843824619768564
2.179 0.18636126192161148
2.18 0.1657075924691158
2.181 0.18739686919040294
2.182 0.12270961008935807
2.183 0.08021975143319875
2.184 -0.005019571780381385
2.185 -0.003329178301647045
2.186 0.08801359873778382
2.187 0.08391626422985504
2.188 0.029438607760693722
2.189 0.07559142023899203
2.19 0.07434810318543536
2.191 0.005541460508129176
2.192 -0.09665834808142226
2.193 -0.1030490716121608
2.194 -0.2435573425951736
2.195 -0.15849516823727816
2.196 -0.16449284990875265
2.197 -0.09378110716026514
2.198 -0.13115383203087688
2.199 -0.11612238677443752
2.2 -0.15693678382573928
2.201 -0.18236013538811088
2.202 -0.22634960045401403
2.203 -0.385341107418386
2.204 -0.3178076870342982
2.205 -0.3718679632204649
2.206 -0.3377790174547377
2.207 -0.21139487227731374
2.208 -0.23025080621835248
2.209 -0.2016428804104378
2.21 -0.19537577857365576
2.211 -0.17404207744180955
2.212 -0.20320581995420534
2.213 -0.18497027528230317
2.214 -0.30444118918316715
2.215 -0.18952713577981817
2.216 -0.23594692165349462
2.217 -0.3172011561592802
2.218 -0.3635117407976978
2.219 -0.3337165373448032
2.22 -0.3625854848287362
2.221 -0.3505363380400164
2.222 -0.3626238198454053
2.223 -0.3421263733540027
2.224 -0.3989704504247916
2.225 -0.3958226415498334
2.226 -0.4706052666125825
2.227 -0.44651084157839965
2.228 -0.31706006622062516
2.229 -0.2820851501113952
2.23 -0.3535783611259621
2.231 -0.30909252825035344
2.232 -0.3144673521000382
2.233 -0.3534288060700199
2.234 -0.31857878515308663
2.235 -0.42119498577520187
2.236 -0.4455665873377451
2.237 -0.35380481277573916
2.238 -0.358513285464648
2.239 -0.2631534131366106
2.24 -0.34545172619489223
2.241 -0.22247784755841973
2.242 -0.2921403264013253
2.243 -0.19059806961800446
2.244 -0.29293569290431826
2.245 -0.23334915964345412
2.246 -0.15672729875362357
2.247 -0.22810992026459775
2.248 -0.22364825869882615
2.249 -0.16690810477535553
2.25 -0.06771056144936999
2.251 -0.12380006744437339
2.2520000000000002 -0.10226600664814549
2.253 -0.03078323164810791
2.254 -0.002932487204186516
2.255 0.021712738612134155
2.2560000000000002 0.15855382937480747
2.257 0.2009675003231025
2.258 0.193977511406896
2.259 0.22831721454017564
2.2600000000000002 0.12501281687835183
2.261 0.1577913007584935
2.262 0.17833252902849953
2.263 0.20740527190710478
2.2640000000000002 0.13889973298877406
2.265 0.1550525480072617
2.266 0.19843414978107787
2.267 0.16806281845702134
2.2680000000000002 0.12427299549528661
2.269 0.06462187074088453
2.27 0.15402081757126385
2.271 0.21941258858038487
2.2720000000000002 0.1967293877534346
2.273 0.15837550956257523
2.274 0.22314960798675948
2.275 0.23965122459607252
2.2760000000000002 0.20800767125409791
2.277 0.22364840452136361
2.278 0.29991243150343005
2.279 0.2381454528684482
2.2800000000000002 0.27981654169639847
2.281 0.2946421269303698
2.282 0.19136043646231776
2.283 0.21540457336010901
2.2840000000000003 0.2147451694334484
2.285 0.17055004558917547
2.286 0.2874577395954493
2.287 0.23818200944697712
2.2880000000000003 0.2271819143696704
2.289 0.1552982020929004
2.29 0.034781261315974366
2.291 0.03652959146391014
2.2920000000000003 0.02368781466144511
2.293 0.035633155386182946
2.294 0.00032951212433111887
2.295 -0.09465294283257433
2.2960000000000003 -0.03371127526518555
2.297 -0.02627671699418856
2.298 -0.07037853962844899
2.299 -0.10428200645385585
2.3000000000000003 -0.14478770064665658
2.301 -0.1590464806491846
2.302 -0.15050622540007796
2.303 -0.21983798205561794
2.3040000000000003 -0.19712408100863119
2.305 -0.24502965640876598
2.306 -0.24481987353322823
2.307 -0.1915414663149411
2.308 -0.14752804019996324
2.309 -0.09457077537958507
2.31 -0.10374179442385231
2.311 -0.07596631870635986
2.312 -0.11104039698282142
2.313 -0.13061191895558794
2.314 -0.07214164547477162
2.315 -0.050133081565063464
2.316 -0.061822837742851314
2.317 0.02882534242509663
2.318 -0.005594306475604396
2.319 0.058914210626355296
2.32 -0.009782213883257743
2.321 -0.013518107084763954
2.322 -0.016728893467247805
2.323 -0.001666415529477279
2.324 0.055259029905970224
2.325 0.020740051055311022
2.326 0.01684426323982672
2.327 -0.031018264809770123
2.328 -0.03531824920145615
2.329 -0.06195185692949456
2.33 -0.11198489524692706
2.331 -0.0856733617874652
2.332 -0.035283372620084644
2.333 -0.10860274353567342
2.334 -0.05065421089950704
2.335 -0.0073420112599586265
2.336 0.006052548254610211
2.337 0.018892828009326932
2.338 -0.07932139201138552
2.339 -0.013704823546552877
2.34 -0.03648297807514342
2.341 -0.013725850814630822
2.342 -0.1272869294551237
2.343 -0.12033274672859401
2.344 -0.13470990337103295
2.345 -0.0582452096250725
2.346 -0.1199115686685325
2.347 -0.0634197268614328
2.348 -0.05160271830621322
2.349 -0.05300909654383036
2.35 -0.041046286329997406
2.351 -0.13279418208025479
2.352 -0.2624170268132479
2.353 -0.2115669753026323
2.354 -0.22677033627194337
2.355 -0.3092622614958941
2.356 -0.35122712414125784
2.357 -0.38457122804294536
2.358 -0.3349602853958452
2.359 -0.3454048121328285
2.36 -0.30742576519253234
2.361 -0.3105617219584525
2.362 -0.3619268087010966
2.363 -0.3145654843736876
2.364 -0.20983220307994177
2.365 -0.11387605748885009
2.366 -0.09634607417946689
2.367 -0.09542108114518295
2.368 0.00776384269915914
2.369 0.06841087889435081
2.37 0.08341341749809834
2.371 0.1437321415622834
2.372 0.12832884631154653
2.373 0.10332555699003465
2.374 0.08080381713058647
2.375 0.12936529038266717
2.376 0.015024057130968632
2.3770000000000002 0.01852563477033671
2.378 0.019946549019675155
2.379 0.06877270966533665
2.38 0.12114060722776682
2.3810000000000002 -0.0024626659027431885
2.382 -0.012341433779871298
2.383 0.08926257432187515
2.384 0.061057496087881295
2.3850000000000002 0.0890799715043232
2.386 0.035114837394838234
2.387 -0.04893283702857345
2.388 -0.11751691284963911
2.3890000000000002 -0.09393717485310785
2.39 -0.027180514505685496
2.391 -0.13499702618772313
2.392 -0.16487517311262162
2.3930000000000002 -0.20953368208012366
2.394 -0.14495388047444877
2.395 -0.10187799230176331
2.396 -0.18372475695982116
2.3970000000000002 -0.2376335223674643
2.398 -0.14611194508742303
2.399 -0.20405982233758127
2.4 -0.21152078577573982
2.4010000000000002 -0.21018304557607648
2.402 -0.09660581942075656
2.403 -0.17011034524562743
2.404 -0.199159754253287
2.4050000000000002 -0.20887784642668022
2.406 -0.13089584333723941
2.407 -0.06500183504322882
2.408 0.01317144974654269
2.4090000000000003 0.00027238464270794467
2.41 -0.06906170704875209
2.411 -0.15332942760542795
2.412 -0.03560309289971782
2.4130000000000003 -0.056911079194703326
2.414 -0.08505109573620985
2.415 -0.04768628373457291
2.416 0.04201855223802359
2.4170000000000003 0.003602860649212114
2.418 -0.04433990985982488
2.419 -0.006161258812384281
2.42 -0.054543241618980304
2.4210000000000003 -0.05120425065969759
2.422 -0.08412330881138701
2.423 -0.0700417097884383
2.424 -0.045855427837307935
2.4250000000000003 -0.045373514721136814
2.426 -0.0495544480873212
2.427 -0.060072671386607865
2.428 -0.036602903205488604
2.4290000000000003 -0.10541819926080005
2.43 -0.22006899196185903
2.431 -0.26591041231523505
2.432 -0.20844271069249573
2.433 -0.19362110783383094
2.434 -0.2050400522316596
2.435 -0.11830552365842707
2.436 -0.15888375301591343
2.437 -0.22161230575195234
2.438 -0.29326277887557384
2.439 -0.29147727870639095
2.44 -0.33089753187673904
2.441 -0.22712698755350047
2.442 -0.26510788539573515
2.443 -0.15919871737781982
2.444 -0.1433834833388527
2.445 -0.10188820023128194
2.446 -0.11798591859796652
2.447 -0.2111774257941805
2.448 -0.27788940052170075
2.449 -0.19820183014577164
2.45 -0.2658230950995831
2.451 -0.32496367798228293
2.452 -0.3560947916566431
2.453 -0.34871337076610376
2.454 -0.3750297704697547
2.455 -0.3338772665759753
2.456 -0.29721628915167086
2.457 -0.2585128400260724
2.458 -0.31463242680255876
2.459 -0.2966482566057636
2.46 -0.27300585700025287
2.461 -0.3875709815061459
2.462 -0.45547220998213633
2.463 -0.5011413727040096
2.464 -0.5487978492905037
2.465 -0.5569648658269082
2.466 -0.4531752012473908
2.467 -0.415480875869235
2.468 -0.3833226226785719
2.469 -0.45391299928314355
2.47 -0.3289076432893475
2.471 -0.3483670544472651
2.472 -0.31028485681412876
2.473 -0.3188955806115937
2.474 -0.27186740538762527
2.475 -0.16153316515482566
2.476 -0.16366972696026214
2.477 -0.0968565600143245
2.478 -0.27039756782281443
2.479 -0.324206972896944
2.48 -0.3487769407391332
2.481 -0.3398293208488818
2.482 -0.42510518898839744
2.483 -0.48859098180788124
2.484 -0.5900233260743872
2.485 -0.5655470802917936
2.486 -0.5497373707493083
2.487 -0.5501595656722668
2.488 -0.5846560418848712
2.489 -0.5865413216044562
2.49 -0.6316918854018104
2.491 -0.6575526724630437
2.492 -0.8042567128820365
2.493 -0.809488502099509
2.494 -0.8373307954373234
2.495 -0.8277735261688447
2.496 -0.7138488326578741
2.497 -0.6672639399415231
2.498 -0.7417611955501946
2.499 -0.8511844462367089
2.5 -0.8874774793901101
2.501 -0.9964521115271733
2.5020000000000002 -0.9640676260505451
2.503 -0.9754439322014761
2.504 -1.0227788966300957
2.505 -1.0179003742878447
2.5060000000000002 -1.0202354164983851
2.507 -0.9698787766929364
2.508 -0.8744086838665893
2.509 -0.7614927743786176
2.5100000000000002 -0.7820896467166275
2.511 -0.7648592186687557
2.512 -0.7040789417219451
2.513 -0.7848376988651177
2.5140000000000002 -0.6636689924597046
2.515 -0.5826440003980906
2.516 -0.7332417704632382
2.517 -0.5652468723015127
2.5180000000000002 -0.46472204343398754
2.519 -0.4521290210077197
2.52 -0.4746428532993491
2.521 -0.5237619295862297
2.5220000000000002 -0.5483810541833906
2.523 -0.5382222934321953
2.524 -0.48234004143891074
2.525 -0.468557296556819
2.5260000000000002 -0.4832017514939258
2.527 -0.6151429630706338
2.528 -0.5924435018777369
2.529 -0.6606620984072488
2.5300000000000002 -0.5572050482074933
2.531 -0.5596374770580292
2.532 -0.6055181773573148
2.533 -0.5473214145249158
2.5340000000000003 -0.4929009448893294
2.535 -0.41554062751813364
2.536 -0.4471868392458801
2.537 -0.4895160685457522
2.5380000000000003 -0.3708554402020498
2.539 -0.3796979243076115
2.54 -0.3518387863290555
2.541 -0.395508123384727
2.5420000000000003 -0.3332362891770865
2.543 -0.30544884511962694
2.544 -0.37068983822823354
2.545 -0.40349895461260016
2.5460000000000003 -0.3328132763619277
2.547 -0.278757691560897
2.548 -0.28726980130768087
2.549 -0.19793108306928855
2.5500000000000003 -0.20132568079226737
