0.0 1.8541451204833832
0.001 1.873183445219787
0.002 1.928706757574218
0.003 1.880935568315669
0.004 1.8143255569099574
0.005 1.780232000678821
0.006 1.7974527081014302
0.007 1.8168952338127027
0.008 1.8632583148019857
0.009000000000000001 1.9243272586080233
0.01 2.054852307998652
0.011 1.9512889564533245
0.012 1.988069150233475
0.013000000000000001 1.9671928288643887
0.014 1.8669974843642179
0.015 1.752140604765542
0.016 1.8099452716395017
0.017 1.6442079958756421
0.018000000000000002 1.6530127383582027
0.019 1.6539592650210837
0.02 1.603476607220871
0.021 1.5965468991801062
0.022 1.5428584416823778
0.023 1.7050309418005758
0.024 1.7309373862263373
0.025 1.7304361501398464
0.026000000000000002 1.7577904484045617
0.027 1.6987195612341366
0.028 1.7305238199396773
0.029 1.7917293444302012
0.03 1.841176468292611
0.031 1.8192993990922033
0.032 1.8067662959943906
0.033 1.8295006051182243
0.034 1.8373917045250188
0.035 1.7983904127063952
0.036000000000000004 1.68332184614728
0.037 1.7006943498782316
0.038 1.7341589589563193
0.039 1.8050385144781633
0.04 1.7872032557820017
0.041 1.8234506158764832
0.042 1.7757209684969135
0.043000000000000003 1.718783758950834
0.044 1.7737960157638162
0.045 1.81606421148503
0.046 1.723391130835939
0.047 1.7203468197916072
0.048 1.6618347714785828
0.049 1.7147252089395142
0.05 1.7802334836950133
0.051000000000000004 1.6336922330921355
0.052000000000000005 1.6117148840014917
0.053 1.6544913179613858
0.054 1.6405799034377835
0.055 1.6709179649627208
0.056 1.5082753009177945
0.057 1.5317863258924245
0.058 1.5690367649641057
0.059000000000000004 1.5287517223316407
0.06 1.4583334477867522
0.061 1.5226059504449794
0.062 1.4911653782156749
0.063 1.4718617611623608
0.064 1.3762012689248282
0.065 1.3903466984306165
0.066 1.412463844539532
0.067 1.3248915472560319
0.068 1.391910983909791
0.069 1.3321680049204752
0.07 1.2918862676708947
0.07100000000000001 1.3043744035436964
0.07200000000000001 1.2966523575969657
0.073 1.1883955190783801
0.074 1.2763695040367913
0.075 1.2680154570356652
0.076 1.3383522055452772
0.077 1.3652673006608869
0.078 1.376109963592658
0.079 1.2651539299725323
0.08 1.23599926815043
0.081 1.3267078451519185
0.082 1.294374170672888
0.083 1.4341727000873776
0.084 1.3941064617046053
0.085 1.4086891484664348
0.08600000000000001 1.3628325800406793
0.08700000000000001 1.4021330869305346
0.088 1.4983962972943294
0.089 1.451820920761653
0.09 1.4900669015802896
0.091 1.4988933552554236
0.092 1.5003506759961809
0.093 1.4629089469944754
0.094 1.4522285673805517
0.095 1.3830263010432071
0.096 1.3080465612088235
0.097 1.2688259454377373
0.098 1.3138757495601872
0.099 1.4481366507281281
0.1 1.4275620382353076
0.101 1.3926314298348277
0.10200000000000001 1.3466248350282974
0.10300000000000001 1.3498897275389639
0.10400000000000001 1.3464613421960767
0.105 1.2132705037628955
0.106 1.0780760661481248
0.107 1.0293105520565908
0.108 0.981561783423173
0.109 0.8907390549029808
0.11 0.9263364785528664
0.111 0.8960598702509807
0.112 1.0148016157166835
0.113 1.1084885124563668
0.114 1.1872732969233855
0.115 1.1578618361388022
0.116 1.047948897019098
0.117 0.874892031719919
0.11800000000000001 0.8680678629119035
0.11900000000000001 0.9569921397266681
0.12 1.0208401274375705
0.121 1.0268380990668036
0.122 0.9808737371087101
0.123 0.9284206568671388
0.124 1.0669762865523948
0.125 0.9948960930624048
0.126 0.9248662535098644
0.127 0.8611466295491808
0.128 0.8398880299494268
0.129 0.7209135437513198
0.13 0.6488482525368584
0.131 0.6325026324561938
0.132 0.6405286521614928
0.133 0.5705980572663885
0.134 0.5740034524915104
0.135 0.6402326474541987
0.136 0.6693495479167306
0.137 0.55710977284561
0.138 0.634241119049797
0.139 0.667437922822629
0.14 0.5924343988192853
0.14100000000000001 0.6701089404329313
0.14200000000000002 0.6612906009575912
0.14300000000000002 0.6471533929520779
0.14400000000000002 0.6899716188591073
0.145 0.7058800090515339
0.146 0.8011520464814192
0.147 0.7633248415397151
0.148 0.8190561007577087
0.149 0.7009173265449684
0.15 0.6247980962919429
0.151 0.5957151318094601
0.152 0.6926568207898572
0.153 0.710076903170223
0.154 0.8102003516543546
0.155 0.7002696971720741
0.156 0.6656414957126793
0.157 0.6401851054318161
0.158 0.548746002098186
0.159 0.5389726390153498
0.16 0.5251445660853487
0.161 0.5453347432370239
0.162 0.4989728605089131
0.163 0.521980265279798
0.164 0.3850948684049349
0.165 0.3563791190648736
0.166 0.40212593585851025
0.167 0.4826513517197676
0.168 0.44060188845131987
0.169 0.430167206770417
0.17 0.47751752630000305
0.171 0.508218069908529
0.17200000000000001 0.5186452576432824
0.17300000000000001 0.38888331334735476
0.17400000000000002 0.412811830640368
0.17500000000000002 0.4324040372428466
0.176 0.5210901977280286
0.177 0.443245335579576
0.178 0.38193071703296727
0.179 0.4166110177529084
0.18 0.31140969759022585
0.181 0.46928818543631406
0.182 0.566204836219919
0.183 0.5144821807527794
0.184 0.4526744000993781
0.185 0.3980434369739311
0.186 0.4306218432909673
0.187 0.4064487460796705
0.188 0.2882029565098
0.189 0.22973809091533226
0.19 0.14866033470764842
0.191 0.08225758853870646
0.192 0.15190440262825475
0.193 0.15655413779796282
0.194 0.14852856908124498
0.195 0.07645308557275
0.196 0.024260657724947544
0.197 0.01022285984500269
0.198 -0.13669264653794141
0.199 -0.20396799296806895
0.2 -0.17494281229469683
0.201 -0.1720596535185711
0.202 -0.1674109447426454
0.203 -0.1023644207375024
0.20400000000000001 -0.08964687174364046
0.20500000000000002 -0.0019451095200655882
0.20600000000000002 -0.00336788475081038
0.20700000000000002 -0.036022587713227694
0.20800000000000002 -0.0010762891583412995
0.209 -0.08475190357604456
0.21 0.000493786899067053
0.211 0.10291296762827411
0.212 0.022567459740096732
0.213 -0.026703392423054036
0.214 -0.03167202189064208
0.215 -0.09999487739279056
0.216 0.06995540265416728
0.217 0.1794750263395969
0.218 0.14241397281040874
0.219 0.14164193383076684
0.22 0.12015565563483838
0.221 0.17501671283559023
0.222 0.24927113167568676
0.223 0.28202285119530507
0.224 0.32035194904709274
0.225 0.32339083518434014
0.226 0.2846747654009157
0.227 0.29591363835331513
0.228 0.30018945978575445
0.229 0.25168886729612927
0.23 0.2754643385076188
0.231 0.23444254403444884
0.232 0.1708753741857314
0.233 0.08181866494604448
0.234 0.08289389446549353
0.23500000000000001 0.17963843378245503
0.23600000000000002 0.17988089246659528
0.23700000000000002 0.1274435339719215
0.23800000000000002 0.07580835711735484
0.23900000000000002 0.24119188796814264
0.24 0.2841689269979411
0.241 0.34961884037280394
0.242 0.42959352687385544
0.243 0.41502816112248303
0.244 0.3976972271351467
0.245 0.3026062636878665
0.246 0.257430121109895
0.247 0.3706173509133964
0.248 0.36296918890991325
0.249 0.3388559705992699
0.25 0.27820218024495036
0.251 0.37321888291942285
0.252 0.2899695657410605
0.253 0.3179742420372077
0.254 0.2972594888336605
0.255 0.3106198844875228
0.256 0.22309534790403532
0.257 0.22462110932696633
0.258 0.25960551543045357
0.259 0.2852763900163412
0.26 0.371353348280383
0.261 0.3859156248601247
0.262 0.3528288230455876
0.263 0.3722461017330116
0.264 0.3032498498161167
0.265 0.26134200011526104
0.266 0.13805772021006438
0.267 0.12975907489708552
0.268 0.1934980843037128
0.269 0.23922672605422013
0.27 0.25766137983331305
0.271 0.3074994667237534
0.272 0.25239355982088274
0.273 0.2726474824824358
0.274 0.20466087510173897
0.275 0.21529172020526546
0.276 0.3112613268914155
0.277 0.4228237329159644
0.278 0.44048116761797895
0.279 0.4919872513703309
0.28 0.6161450082448641
0.281 0.5064508878272773
0.28200000000000003 0.5662700539435638
0.28300000000000003 0.4813009929485072
0.28400000000000003 0.580531323291394
0.28500000000000003 0.5466056238747486
0.28600000000000003 0.5594609580357577
0.28700000000000003 0.5111029657947352
0.28800000000000003 0.6030448243511405
0.289 0.6390604323433322
0.29 0.6375842988127042
0.291 0.7272054580357699
0.292 0.784944399266752
0.293 0.6738563161332459
0.294 0.6951037418840877
0.295 0.7455308023018131
0.296 0.719206651792387
0.297 0.7001239294254091
0.298 0.6521705871148807
0.299 0.67878809850744
0.3 0.6407630609747735
0.301 0.628223734840108
0.302 0.6584221962894998
0.303 0.6397635325354204
0.304 0.5630204468624118
0.305 0.586646700021207
0.306 0.5962180513690333
0.307 0.607535433854788
0.308 0.5917226941755768
0.309 0.6417307597153044
0.31 0.5586404765066767
0.311 0.4856773289583058
0.312 0.5147524998842086
0.313 0.43148484918862523
0.314 0.4051304530953969
0.315 0.4061329841713875
0.316 0.37555954643439393
0.317 0.40604546274628994
0.318 0.49529442375254307
0.319 0.378916739806721
0.32 0.3454243161814804
0.321 0.38449324643369054
0.322 0.35034019332761845
0.323 0.34055106520971046
0.324 0.3987128359159073
0.325 0.5677172104154076
0.326 0.5826009694865695
0.327 0.6465293443097948
0.328 0.612580323609371
0.329 0.7012522288490776
0.33 0.6020827749081543
0.331 0.5075341006231762
0.332 0.43090168497078496
0.333 0.42578439105744137
0.334 0.49737212948822423
0.335 0.44190796825244805
0.336 0.5199172601834937
0.337 0.5019759643231562
0.338 0.4756078360677356
0.339 0.5888701072447627
0.34 0.6744388717014591
0.341 0.6483685577232372
0.342 0.7395669624533154
0.343 0.8048795557440347
0.34400000000000003 0.9372313147509526
0.34500000000000003 0.89198533509032
0.34600000000000003 0.8814534510417186
0.34700000000000003 0.8621451521293898
0.34800000000000003 0.9679945321204406
0.34900000000000003 0.8984937224410087
0.35000000000000003 0.8345103220211908
0.35100000000000003 0.7844685224781193
0.352 0.8529131182720542
0.353 0.8939556466720394
0.354 0.910990022293974
0.355 0.9258996095877303
0.356 0.9905126336104308
0.357 1.0770452090780367
0.358 1.0776858849092001
0.359 1.036887766646505
0.36 0.9917250420452941
0.361 0.9993128210515166
0.362 0.9286990637282138
0.363 0.9600057762878067
0.364 0.934619420568866
0.365 0.9475290898154606
0.366 0.7961253488388602
0.367 0.7338776273454676
0.368 0.7095823064269876
0.369 0.6464669338139339
0.37 0.6329038980439962
0.371 0.7492793369662158
0.372 0.6562157213598214
0.373 0.6578404681083161
0.374 0.5942805631596155
0.375 0.574627792789163
0.376 0.5971299773572316
0.377 0.5210321609588964
0.378 0.4677526189176422
0.379 0.4642137193264689
0.38 0.5436971307142786
0.381 0.5382149233681642
0.382 0.6438901058395415
0.383 0.7169612671446163
0.384 0.6440131564841339
0.385 0.6436449018802852
0.386 0.5829619868360162
0.387 0.5069771350291116
0.388 0.5350823024571797
0.389 0.48939148097940777
0.39 0.4589797290482807
0.391 0.3821826358759884
0.392 0.42273241375654347
0.393 0.4412378049385255
0.394 0.5287919567443806
0.395 0.5524243092025217
0.396 0.6372107198150841
0.397 0.6790189001160248
0.398 0.7863136328965488
0.399 0.8737577897893819
0.4 0.8599138566405787
0.401 0.7789384452612359
0.402 0.6545071194564411
0.403 0.5937075367449285
0.404 0.5472106358940738
0.405 0.592554146586897
0.406 0.6470408074571157
0.40700000000000003 0.6360563825992059
0.40800000000000003 0.6435477567851975
0.40900000000000003 0.6178617119053224
0.41000000000000003 0.547907501030624
0.41100000000000003 0.4744916108434749
0.41200000000000003 0.466406176246159
0.41300000000000003 0.3802681818991547
0.41400000000000003 0.2761087538005556
0.41500000000000004 0.2914884144955615
0.41600000000000004 0.34553571715035336
0.417 0.3219035468261416
0.418 0.40189407290806956
0.419 0.33868811561297624
0.42 0.44873303190642566
0.421 0.45979818383567606
0.422 0.5001459790323006
0.423 0.4879451991007663
0.424 0.5894390247007852
0.425 0.5434724495168427
0.426 0.5482451979384018
0.427 0.5882835125612981
0.428 0.6970251518764192
0.429 0.6897071044299425
0.43 0.6846617072034731
0.431 0.717768531990915
0.432 0.495302890495804
0.433 0.5449266438312795
0.434 0.5924175717099328
0.435 0.5018330812379397
0.436 0.4685801239858724
0.437 0.3940870865922995
0.438 0.4968914027496292
0.439 0.4815572733659183
0.44 0.5854686526090437
0.441 0.5473992484367383
0.442 0.6362548932213027
0.443 0.5849339885538168
0.444 0.6010361282428375
0.445 0.5413535502265757
0.446 0.4450572625730942
0.447 0.387579724821964
0.448 0.2547618815231609
0.449 0.2583742591805667
0.45 0.24888392261186465
0.451 0.2166231499887994
0.452 0.23386296873188586
0.453 0.1611564321197846
0.454 0.10359402681891244
0.455 0.04405068374434791
0.456 0.10608436775866376
0.457 0.042216430126235605
0.458 -0.0989012398652431
0.459 -0.1265499727010661
0.46 -0.23790808874841482
0.461 -0.1837350773871544
0.462 -0.2909440667262217
0.463 -0.38936303584204107
0.464 -0.4453062693997623
0.465 -0.4561389448072924
0.466 -0.5142866015221647
0.467 -0.4871801279791152
0.468 -0.5169207550622191
0.46900000000000003 -0.36896036899850404
0.47000000000000003 -0.4543073044767991
0.47100000000000003 -0.4082146424321428
0.47200000000000003 -0.3113326679208771
0.47300000000000003 -0.23823720824805214
0.47400000000000003 -0.21589256203669258
0.47500000000000003 -0.1916504505816819
0.47600000000000003 -0.20679536522254258
0.47700000000000004 -0.2091737525206785
0.47800000000000004 -0.20939601769538593
0.47900000000000004 -0.14197532099781812
0.48 -0.21583965331063398
0.481 -0.2351849907752721
0.482 -0.2849112455411821
0.483 -0.24342377342605623
0.484 -0.21827821196372346
0.485 -0.20423129403900037
0.486 -0.2554633675474519
0.487 -0.3664112186223487
0.488 -0.3702747040429301
0.489 -0.31930063666106495
0.49 -0.27109475426027846
0.491 -0.2291102761592344
0.492 -0.18744663831545486
0.493 -0.1781563945466925
0.494 -0.16299019697166622
0.495 -0.21250448477912262
0.496 -0.16639142014811334
0.497 -0.27187736360154735
0.498 -0.2708802192468807
0.499 -0.1782262405337411
0.5 -0.21466311356951354
0.501 -0.17732779610183208
0.502 -0.1657493512020308
0.503 -0.1102186205054079
0.504 -0.10896085924304746
0.505 -0.04044454933437158
0.506 -0.10278325708723515
0.507 -0.08045387732799063
0.508 -0.03373735769384303
0.509 -0.10089350565420377
0.51 -0.10251693086289863
0.511 -0.08150745260936844
0.512 -0.045271822911871915
0.513 0.001466983236609147
0.514 0.11260013781949149
0.515 0.13181513835161096
0.516 0.24805065499881163
0.517 0.23106492115192165
0.518 0.2739917410174934
0.519 0.2779994687278619
0.52 0.3549642265963104
0.521 0.2939737897364877
0.522 0.2974251874526696
0.523 0.2437570471715528
0.524 0.311284214801266
0.525 0.30467922671273834
0.526 0.3412480209168853
0.527 0.33591603567882267
0.528 0.24591041877895653
0.529 0.3223223023694868
0.53 0.23599098158383702
0.531 0.3068517319292243
0.532 0.34863710794484537
0.533 0.17783757183872614
0.534 0.10300584118170199
0.535 0.17208863404595637
0.536 0.2539239460173998
0.537 0.32390009871260894
0.538 0.2902911011202356
0.539 0.29373104919508364
0.54 0.368852381573226
0.541 0.46725689863145853
0.542 0.43896918515187694
0.543 0.3838440789886183
0.544 0.3358111789385281
0.545 0.25027939088004636
0.546 0.3133332522191675
0.547 0.3246979067931637
0.548 0.3820555345854735
0.549 0.3874442722268474
0.55 0.41380489879416094
0.551 0.4276178564521387
0.552 0.4588549608167881
0.553 0.4936333681823201
0.554 0.4603852421577651
0.555 0.45423589985346974
0.556 0.4543795237901692
0.557 0.46557134520627447
0.558 0.5020349479654156
0.559 0.5161629078247564
0.56 0.4517185933191848
0.561 0.5616177556274086
0.562 0.5446252983985131
0.5630000000000001 0.48455853389936165
0.5640000000000001 0.366501269990736
0.5650000000000001 0.3162643906095594
0.5660000000000001 0.2709103359466408
0.5670000000000001 0.1552476481021232
0.5680000000000001 0.054874995406410804
0.5690000000000001 0.08033524397524261
0.5700000000000001 0.007459044998902556
0.5710000000000001 0.03372086451978081
0.5720000000000001 0.0020484515530216144
0.5730000000000001 0.020127671623453244
0.5740000000000001 -0.028647334615573516
0.5750000000000001 -0.07911150376091146
0.5760000000000001 -0.11293042991848114
0.577 -0.13753350259104277
0.578 -0.1482465573498222
0.579 -0.22909511585375328
0.58 -0.16348186906140383
0.581 -0.24869206165624796
0.582 -0.14132694806596674
0.583 -0.20642507288168876
0.584 -0.22616195813915935
0.585 -0.20158261510571937
0.586 -0.2924903603882987
0.587 -0.21156336096678002
0.588 -0.25003046773338694
0.589 -0.276604907715724
0.59 -0.24541061651251475
0.591 -0.25898279291543
0.592 -0.23880914127277095
0.593 -0.2621324337361871
0.594 -0.3046182332822443
0.595 -0.31591517435854927
0.596 -0.33134546633144935
0.597 -0.3646284109573376
0.598 -0.3456051375665485
0.599 -0.42406806338497033
0.6 -0.400196558026477
0.601 -0.3320265972171666
0.602 -0.26587808094739307
0.603 -0.2842055626363599
0.604 -0.30803712774439657
0.605 -0.2784309460397491
0.606 -0.25424612157257237
0.607 -0.3678042105785743
0.608 -0.3325972930075787
0.609 -0.4317737791361115
0.61 -0.5014586852477422
0.611 -0.549647681195157
0.612 -0.6014293385984747
0.613 -0.7131444131953323
0.614 -0.7841652215597087
0.615 -0.7904414293406878
0.616 -0.8164155768270717
0.617 -0.7332588619730511
0.618 -0.8263809801237593
0.619 -0.7194248095337987
0.62 -0.7241607917225331
0.621 -0.7674235547930806
0.622 -0.7680369636694597
0.623 -0.7389451269610043
0.624 -0.6417688867651452
0.625 -0.6580015068211277
0.626 -0.7313135319426042
0.627 -0.7977742244846312
0.628 -0.8420295281605563
0.629 -0.9012326434958114
0.63 -0.8671168781166511
0.631 -0.8823312242427235
0.632 -0.8258836281011454
0.633 -0.797886301515483
0.634 -0.7853025930558815
0.635 -0.7689611313181604
0.636 -0.7059287226283334
0.637 -0.6992031192315911
0.638 -0.6504058796736677
0.639 -0.5268755570527446
0.64 -0.39801275908658995
0.641 -0.3555883583427547
0.642 -0.43565145671252586
0.643 -0.5898388733558604
0.644 -0.6370025361222232
0.645 -0.5321323454973176
0.646 -0.49647309325117567
0.647 -0.5201771994489724
0.648 -0.5411855188042327
0.649 -0.4744684535767173
0.65 -0.42794107210737725
0.651 -0.4539721338817678
0.652 -0.5595230835542752
0.653 -0.5138962041737322
0.654 -0.4712404261910054
0.655 -0.43460608396088873
0.656 -0.4869541400071424
0.657 -0.49075578824117716
0.658 -0.5814403406919499
0.659 -0.6762821518498614
0.66 -0.6751098722748152
0.661 -0.6897740934535063
0.662 -0.7582851948277318
0.663 -0.6816121246299733
0.664 -0.598079054112516
0.665 -0.5646194696027379
0.666 -0.6036688003749386
0.667 -0.5979604564081367
0.668 -0.5694651401897975
0.669 -0.6139324522117311
0.67 -0.5640688869610878
0.671 -0.5836330574653714
0.672 -0.7099197022283079
0.673 -0.6375718777502644
0.674 -0.622933125926145
0.675 -0.5810550509978517
0.676 -0.45255110000896703
0.677 -0.3639131939411517
0.678 -0.3755482710645115
0.679 -0.37289986911270967
0.68 -0.32128298726939086
0.681 -0.3121919257111473
0.682 -0.34286063468788947
0.683 -0.37505120322406765
0.684 -0.43732326996431403
0.685 -0.41006594328787216
0.686 -0.3931821833481503
0.687 -0.34055113286831284
0.6880000000000001 -0.20424609401008983
0.6890000000000001 -0.1990096285686805
0.6900000000000001 -0.07820899615293646
0.6910000000000001 -0.1591599304784104
0.6920000000000001 -0.2866869100174797
0.6930000000000001 -0.2557474942318111
0.6940000000000001 -0.23836127381711794
0.6950000000000001 -0.2817821668957462
0.6960000000000001 -0.2748945450109476
0.6970000000000001 -0.19006939036842552
0.6980000000000001 -0.1104999582470829
0.6990000000000001 -0.12320329707748744
0.7000000000000001 -0.10988886126078681
0.7010000000000001 -0.05051866069349964
0.7020000000000001 -0.054966532017573164
0.7030000000000001 -0.008066682675706628
0.704 0.01723483661727816
0.705 0.12604724544645685
0.706 0.16439054667194303
0.707 0.16492074380087798
0.708 0.2108726817207467
0.709 0.18851853565168114
0.71 0.18120271026724244
0.711 0.1361055475928623
0.712 0.16762428059613177
0.713 0.26296308861266754
0.714 0.3111401528710285
0.715 0.2883720262924351
0.716 0.3509661071208406
0.717 0.3998600876670546
0.718 0.42726085352125054
0.719 0.4363019699203466
0.72 0.6048386648200565
0.721 0.6114638089525002
0.722 0.5741942620964428
0.723 0.6235075296546291
0.724 0.6695254723186896
0.725 0.656487692627433
0.726 0.6114055616772306
0.727 0.5232834505803103
0.728 0.4175867763718759
0.729 0.362928620888942
0.73 0.2664019074593236
0.731 0.16537550000196893
0.732 0.20839509060457934
0.733 0.2260298385306776
0.734 0.24537479106876764
0.735 0.3283727949037221
0.736 0.19156145637114672
0.737 0.24749220498019409
0.738 0.27956057690937275
0.739 0.28192028382361817
0.74 0.2985901961863458
0.741 0.3445175586834319
0.742 0.3109239689527233
0.743 0.3246871170759
0.744 0.22462241865450028
0.745 0.18213778757313498
0.746 0.22662056987794515
0.747 0.19615932071148184
0.748 0.11970304807142938
0.749 0.12714602320716983
0.75 0.09495976096943795
0.751 0.08382517342548804
0.752 0.11412364589953984
0.753 0.20877090429957612
0.754 0.2324247970871234
0.755 0.19725942444395653
0.756 0.229951294662672
0.757 0.2872243000766869
0.758 0.35561615991871476
0.759 0.2399398940472943
0.76 0.19504484023787788
0.761 0.1406618199533576
0.762 0.14691299605889363
0.763 0.1803208034336657
0.764 0.16297028303765349
0.765 0.1147613334492407
0.766 0.1407831870595509
0.767 0.20678763850924958
0.768 0.17259912170924083
0.769 0.2695232709691783
0.77 0.3945159157745116
0.771 0.4370826388649499
0.772 0.4613375969514799
0.773 0.5521882998911951
0.774 0.6106406382716195
0.775 0.6440205011673645
0.776 0.5540421340182347
0.777 0.5798230002961853
0.778 0.5456593312879114
0.779 0.4910157892161728
0.78 0.46829280879930946
0.781 0.35643996396888433
0.782 0.37531032863194447
0.783 0.36339471595378486
0.784 0.31219482675883553
0.785 0.32040538584025885
0.786 0.28450705981939967
0.787 0.271041149326634
0.788 0.34198815124432796
0.789 0.368970789145669
0.79 0.3887786654566065
0.791 0.40752676184594383
0.792 0.4160601405732325
0.793 0.3870897733576989
0.794 0.4344310035285249
0.795 0.4836591144314419
0.796 0.3816211894144263
0.797 0.5634883002986328
0.798 0.43513832724116897
0.799 0.5139043756104568
0.8 0.6463143851421659
0.801 0.6940570403590718
0.802 0.6582616928198994
0.803 0.6206958798743947
0.804 0.6297888275059617
0.805 0.6248474670691726
0.806 0.5396956738216484
0.807 0.46079824681128123
0.808 0.46381527114070814
0.809 0.5961933829141737
0.81 0.6243895443086984
0.811 0.5317648631670833
0.812 0.5724350332607123
0.8130000000000001 0.49722437369053724
0.8140000000000001 0.5875701828909784
0.8150000000000001 0.5095234283150912
0.8160000000000001 0.5839538403787982
0.8170000000000001 0.5472306910321744
0.8180000000000001 0.5596427000474259
0.8190000000000001 0.5786059064645687
0.8200000000000001 0.5320794680144777
0.8210000000000001 0.48460840302314767
0.8220000000000001 0.4964988207308825
0.8230000000000001 0.5061269355996956
0.8240000000000001 0.5133775525892785
0.8250000000000001 0.5017062269336863
0.8260000000000001 0.49513752148819146
0.8270000000000001 0.4975318711407782
0.8280000000000001 0.5859105034219421
0.8290000000000001 0.6628168534931066
0.8300000000000001 0.7198388235017803
0.8310000000000001 0.7528429523624248
0.8320000000000001 0.6982398934933038
0.833 0.6498156645751385
0.834 0.6252271429642515
0.835 0.6242063899092414
0.836 0.5855109306455453
0.837 0.516190397875372
0.838 0.6359978562771166
0.839 0.5876607047011987
0.84 0.5643167941617795
0.841 0.5568974161777879
0.842 0.5825453006783944
0.843 0.6104831760473238
0.844 0.6352110593568593
0.845 0.734428350315901
0.846 0.7243721547960197
0.847 0.7006523459289584
0.848 0.7173579848348027
0.849 0.6072189667809882
0.85 0.6432632494844852
0.851 0.6633386726433229
0.852 0.7812802332417143
0.853 0.7223314031134872
0.854 0.6815771128636862
0.855 0.5736686550611695
0.856 0.591139166353741
0.857 0.42897263153132886
0.858 0.32834780791497786
0.859 0.27282145612611114
0.86 0.3853182549692945
0.861 0.42484500312100476
0.862 0.35140880030042354
0.863 0.3772845327546701
0.864 0.375836926995868
0.865 0.3769701620219251
0.866 0.4482424423450161
0.867 0.49114420170172834
0.868 0.4159054510340596
0.869 0.41227321706092573
0.87 0.34871851094683054
0.871 0.4490208547201434
0.872 0.42342068917056835
0.873 0.4157248741859065
0.874 0.4074168649136246
0.875 0.38616444914586756
0.876 0.5108804766877859
0.877 0.41358182128555454
0.878 0.38013506375791184
0.879 0.3744754477779108
0.88 0.26436583937858904
0.881 0.28839045336835667
0.882 0.31334507232068703
0.883 0.26097434171209
0.884 0.2855290399301141
0.885 0.20257968158275835
0.886 0.21408868197141748
0.887 0.27929119897612864
0.888 0.29636735576982015
0.889 0.46558550530931836
0.89 0.39044505669398144
0.891 0.3387071020533699
0.892 0.4815904074451288
0.893 0.5566310131375389
0.894 0.5254983786522025
0.895 0.6183449950193611
0.896 0.6905475710722945
0.897 0.6899243239128785
0.898 0.7548958789341931
0.899 0.701469678822536
0.9 0.7501236961795303
0.901 0.7491455511136077
0.902 0.7067482353593263
0.903 0.6498310819159583
0.904 0.5678277863275114
0.905 0.5005483643208648
0.906 0.5450737430112367
0.907 0.644764101587564
0.908 0.6521972766394174
0.909 0.6841252442064003
0.91 0.7006350221737209
0.911 0.6946717812299796
0.912 0.6357461040604463
0.913 0.639373026802878
0.914 0.6064975577001612
0.915 0.6282722179194685
0.916 0.5919264273084606
0.917 0.5961741283681632
0.918 0.634492140120511
0.919 0.5633262853615314
0.92 0.5604197672501952
0.921 0.5428181542685073
0.922 0.5054977545482381
0.923 0.5294311676203176
0.924 0.6004635538622403
0.925 0.6907381615662485
0.926 0.6923716587936708
0.927 0.6416833610988922
0.928 0.7188613023430226
0.929 0.6539655723509749
0.93 0.5584644349061239
0.931 0.5661133727610024
0.932 0.5733142782182019
0.933 0.5415006531868243
0.934 0.6503393856844225
0.935 0.5826665776806509
0.936 0.4939980333029445
0.937 0.5385690577515607
0.9380000000000001 0.48648509251164285
0.9390000000000001 0.43749229297327963
0.9400000000000001 0.4811495979853092
0.9410000000000001 0.48820749215771997
0.9420000000000001 0.40287610616613634
0.9430000000000001 0.3291100370142555
0.9440000000000001 0.38799457280485317
0.9450000000000001 0.43642963110759125
0.9460000000000001 0.4269317977649282
0.9470000000000001 0.479994257751156
0.9480000000000001 0.47928979387186765
0.9490000000000001 0.4347458547801308
0.9500000000000001 0.42152068752170846
0.9510000000000001 0.37641829599061544
0.9520000000000001 0.3690381374032045
0.9530000000000001 0.4094336411011795
0.9540000000000001 0.44664955634134684
0.9550000000000001 0.5103045904290167
0.9560000000000001 0.44961691304496026
0.9570000000000001 0.4074659564381586
0.9580000000000001 0.478438591450034
0.9590000000000001 0.5016932840061274
0.96 0.4301183538874977
0.961 0.49264579685504095
0.962 0.4191397676816027
0.963 0.3024786063625535
0.964 0.22608320429095113
0.965 0.26144885618939345
0.966 0.32518136040053713
0.967 0.32975155910414466
0.968 0.2881793982924059
0.969 0.2748835062639385
0.97 0.35538684268030885
0.971 0.4559795143902704
0.972 0.40584749608000825
0.973 0.3938953816836445
0.974 0.4735111624459324
0.975 0.4092375201800008
0.976 0.49955549886789985
0.977 0.49679881059752096
0.978 0.4810970776904119
0.979 0.3707547735191549
0.98 0.3896018649265684
0.981 0.35206724063237976
0.982 0.3587971842033682
0.983 0.37660987979141597
0.984 0.35522123168883835
0.985 0.36664946300587253
0.986 0.41403365621108884
0.987 0.4133045157757606
0.988 0.5102171238958545
0.989 0.5230719294250676
0.99 0.5729460293132829
0.991 0.48156542922844403
0.992 0.5988291544491127
0.993 0.62496067777942
0.994 0.48233083805360105
0.995 0.5109388490277967
0.996 0.4780717068539989
0.997 0.531052979019686
0.998 0.6183074196742404
0.999 0.5752633856697877
1.0 0.6014852305550538
1.0010000000000001 0.26955143480178295
1.002 -0.12105559744242667
1.0030000000000001 -0.32710642957118063
1.004 -0.6408264272677132
1.0050000000000001 -0.9212828102423224
1.006 -1.1943035330855911
1.0070000000000001 -1.402836417188725
1.008 -1.6610369562284326
1.0090000000000001 -1.905293060465479
1.01 -2.1287456556743853
1.0110000000000001 -2.3375177438124983
1.012 -2.452165469254724
1.0130000000000001 -2.703370082894916
1.014 -2.877085246211619
1.0150000000000001 -3.014739983921757
1.016 -3.164825935450221
1.0170000000000001 -3.2104374348564004
1.018 -3.3330859990844988
1.0190000000000001 -3.488691267819466
1.02 -3.510080728633612
1.0210000000000001 -3.5758946155463294
1.022 -3.6331502734059447
1.0230000000000001 -3.807253693483853
1.024 -3.856884471015182
1.025 -3.8911239957338735
1.026 -3.8749663991633536
1.027 -3.804159264856972
1.028 -3.8375540725726203
1.029 -3.8705821457103116
1.03 -3.9471704204068088
1.031 -3.897362872832651
1.032 -3.9272906578195457
1.033 -3.886638749977545
1.034 -3.910455975038738
1.035 -3.830819271811614
1.036 -3.741053813040608
1.037 -3.6765857085186124
1.038 -3.5604067410916014
1.039 -3.5097973866371284
1.04 -3.29044455401141
1.041 -3.154125475229842
1.042 -3.122952791069737
1.043 -2.933043200563252
1.044 -2.8686530850578116
1.045 -2.6805687495527617
1.046 -2.5790782539495476
1.047 -2.322221095491076
1.048 -2.2838927878642963
1.049 -2.109456868515992
1.05 -2.0178654435420738
1.051 -1.8447012386420343
1.052 -1.6146148929897874
1.053 -1.381440455686839
1.054 -1.3008067755274593
1.055 -1.0487835986777343
1.056 -0.7540366332550129
1.057 -0.59419340092931
1.058 -0.49500618904228283
1.059 -0.35506877761432504
1.06 -0.26228462644343
1.061 -0.15759477544788547
1.062 0.06506219772153171
1.063 0.275719392288524
1.064 0.4776879307109955
1.065 0.5756377796770137
1.066 0.7863018404991973
1.067 0.8519800515452829
1.068 0.9841996322372405
1.069 1.2102195090524948
1.07 1.395493906529294
1.071 1.5319663058038264
1.072 1.6464768839774113
1.073 1.8683463528683766
1.074 1.952746975665125
1.075 2.129614658782729
1.076 2.2288098015389797
1.077 2.372681197370143
1.078 2.575546957015718
1.079 2.693940659479594
1.08 2.8252208332368753
1.081 2.9213287537344432
1.082 3.0576132385887327
1.083 3.1001048297643234
1.084 3.146195803715263
1.085 3.1990215163050495
1.086 3.373069785747126
1.087 3.4296973872956724
1.088 3.6010558962662556
1.089 3.68166456026446
1.09 3.8389235852738146
1.091 3.929781292555363
1.092 4.042519007844631
1.093 4.089520503337675
1.094 4.188601574219402
1.095 4.187346589030563
1.096 4.275847283166388
1.097 4.377991190105166
1.098 4.409664316525845
1.099 4.368038315696944
1.1 4.371859484647112
1.101 4.366859084451537
1.102 4.326628211183439
1.103 4.335816444003268
1.104 4.303201015075383
1.105 4.321275576512809
1.106 4.299917516673321
1.107 4.203905827846827
1.108 4.2490061526453875
1.109 4.288600461087713
1.11 4.291021121870909
1.111 4.204618623617667
1.112 4.059126323124515
1.113 4.046247548858059
1.114 3.9676680734866
1.115 3.8325039154682576
1.116 3.7921423953116977
1.117 3.741448087685427
1.118 3.6377677144301237
1.119 3.582356973656303
1.12 3.5015615700581146
1.121 3.4685072735676403
1.122 3.3502117926796586
1.123 3.318578271220548
1.124 3.2469566533505567
1.125 3.2560877295547357
1.1260000000000001 3.2282667811367585
1.127 3.1694229442579323
1.1280000000000001 2.997061432072256
1.129 2.981458009416784
1.1300000000000001 2.923964748708053
1.131 2.774034711400984
1.1320000000000001 2.610428701128473
1.133 2.414363236623337
1.1340000000000001 2.3551314065996354
1.135 2.2791940052036725
1.1360000000000001 2.104588543948181
1.137 1.9642085133278764
1.1380000000000001 1.7930640310501955
1.139 1.7171216926598236
1.1400000000000001 1.6747862651108587
1.141 1.5094970025877243
1.1420000000000001 1.2949181166729313
1.143 1.2281945002147172
1.1440000000000001 1.1449610365443514
1.145 1.0382432120592713
1.1460000000000001 0.9545756588897911
1.147 0.8543377187405531
1.1480000000000001 0.623152909428063
1.149 0.47162797829865843
1.1500000000000001 0.3625218937450235
1.151 0.22721082755789562
1.1520000000000001 0.07123069100319734
1.153 -0.08725005715546807
1.154 -0.26381557681694845
1.155 -0.4351468838209292
1.156 -0.46107025839453974
1.157 -0.5918481654861236
1.158 -0.7999504485447719
1.159 -0.7874123319551546
1.16 -0.9344131409112054
1.161 -1.217192985868673
1.162 -1.2442787432012026
1.163 -1.2987918900467577
1.164 -1.5067155202026798
1.165 -1.638215713003256
1.166 -1.8139029602209493
1.167 -1.8543508260573225
1.168 -1.9356146033539212
1.169 -2.033808656107279
1.17 -2.048203646300572
1.171 -2.1039906880541883
1.172 -2.1040531018611457
1.173 -2.1514488738307547
1.174 -2.176528188001464
1.175 -2.3249454497315982
1.176 -2.437469906260397
1.177 -2.3884664272663656
1.178 -2.453843573742247
1.179 -2.435015580214166
1.18 -2.5249743269831244
1.181 -2.5299382875799257
1.182 -2.5021097027709835
1.183 -2.4489971905740107
1.184 -2.522294888013432
1.185 -2.5039817248935092
1.186 -2.5011594407309357
1.187 -2.6888751273783713
1.188 -2.799709469537726
1.189 -2.7888862527796965
1.19 -2.8351353248867333
1.191 -2.8263233726581425
1.192 -2.759829274292824
1.193 -2.8105597868489753
1.194 -2.852400540600186
1.195 -2.934109391509032
1.196 -3.0059108007916433
1.197 -2.9447991436868928
1.198 -2.86853064635987
1.199 -2.7645552577609824
1.2 -2.626371729569994
1.201 -2.5160566816009475
1.202 -2.531321346297827
1.203 -2.39414673509579
1.204 -2.323180269573122
1.205 -2.2997172231737664
1.206 -2.1530048790142655
1.207 -2.135755782253558
1.208 -1.9449384366693043
1.209 -1.911311323240823
1.21 -1.9344005543588298
1.211 -1.8200638433145129
1.212 -1.7989927808750845
1.213 -1.6439689595890432
1.214 -1.6670554360724799
1.215 -1.5439079789516201
1.216 -1.4955375075605881
1.217 -1.4177081444081054
1.218 -1.2716634424170752
1.219 -1.2304021533406462
1.22 -1.2115516815550404
1.221 -1.1452947901516937
1.222 -1.1063672686569626
1.223 -1.0824958401897946
1.224 -0.9646595798456725
1.225 -0.8525667402469367
1.226 -0.8725556991585862
1.227 -0.820592421908176
1.228 -0.7076149932393634
1.229 -0.5854885317059332
1.23 -0.5659628445590716
1.231 -0.6034536646226412
1.232 -0.6532525635836831
1.233 -0.5413551263692041
1.234 -0.5269124787347521
1.235 -0.5781069229362645
1.236 -0.5054695837448666
1.237 -0.5091175114318676
1.238 -0.5512865691850349
1.239 -0.5065929608927555
1.24 -0.4780160957354652
1.241 -0.2747261410856533
1.242 -0.29722854520411013
1.243 -0.30041346902404015
1.244 -0.2122122035752565
1.245 -0.15805155166524915
1.246 -0.22542611880662655
1.247 -0.12929269851709518
1.248 -0.10618738707908293
1.249 -0.0009052024229553868
1.25 0.08873040871641813
1.2510000000000001 0.15886195242521162
1.252 0.20380052963324125
1.2530000000000001 0.20763107004411208
1.254 0.2624629098765664
1.2550000000000001 0.2812022579772443
1.256 0.2844821804993458
1.2570000000000001 0.365667004357895
1.258 0.34059892267666103
1.2590000000000001 0.39499724445051443
1.26 0.5283720373532758
1.2610000000000001 0.5516138612660393
1.262 0.579239680465392
1.2630000000000001 0.6857316554489185
1.264 0.7805591485361326
1.2650000000000001 0.8165747915715742
1.266 0.8529551342532121
1.2670000000000001 0.9597396478686004
1.268 0.9722935951922631
1.2690000000000001 0.9531301133588083
1.27 0.918700183768301
1.2710000000000001 0.9870745477720259
1.272 0.9843440936784716
1.2730000000000001 0.9211691562439622
1.274 1.0069276586940243
1.2750000000000001 1.0957746926895995
1.276 1.0824283928633134
1.2770000000000001 1.2177771132706372
1.278 1.300527060314301
1.2790000000000001 1.2933097662746076
1.28 1.2333202146835152
1.281 1.128730108949701
1.282 1.1812200132139696
1.283 1.0901800390223486
1.284 1.1381090748595835
1.285 1.115183050273076
1.286 1.0776670409832887
1.287 1.153998883359987
1.288 1.2539576148033125
1.289 1.2157198871686545
1.29 1.2201503566317018
1.291 1.2262156799936885
1.292 1.2790411921303133
1.293 1.278951350696854
1.294 1.1705555296969476
1.295 1.1624660509061413
1.296 1.1058015075528111
1.297 1.094553565047748
1.298 0.9731117539444892
1.299 0.8912443772414776
1.3 0.8484999474577793
1.301 0.727713300712974
1.302 0.713064017685131
1.303 0.6401216488318368
1.304 0.571494774494296
1.305 0.44511447347989763
1.306 0.40191224081194793
1.307 0.40833344792491566
1.308 0.44538093205335844
1.309 0.34681015715846286
1.31 0.30118171855639275
1.311 0.19904562049627555
1.312 0.17011271274365988
1.313 0.23852236952465933
1.314 0.14007403783495703
1.315 0.1606259183102976
1.316 0.09115596713972432
1.317 -0.0822059574129343
1.318 -0.12379103279761006
1.319 -0.2384610381171356
1.32 -0.220758519770063
1.321 -0.2033969383620988
1.322 -0.28311295282664906
1.323 -0.44365056742728143
1.324 -0.4157875431128427
1.325 -0.45227922682807864
1.326 -0.4023269413635404
1.327 -0.4309564392506283
1.328 -0.5413758409118112
1.329 -0.4505291991923952
1.33 -0.5145371607139612
1.331 -0.47940635218288596
1.332 -0.4128659744115637
1.333 -0.4593748944989049
1.334 -0.48114100214074795
1.335 -0.4743451131860692
1.336 -0.5330425099628993
1.337 -0.6327516068879444
1.338 -0.6634697183373612
1.339 -0.6699188136504046
1.34 -0.614093024179445
1.341 -0.648387818227548
1.342 -0.6109938825882844
1.343 -0.6541690402529736
1.344 -0.5683782283262275
1.345 -0.6412841406861112
1.346 -0.7437580632632842
1.347 -0.6617660183583041
1.348 -0.654522370620376
1.349 -0.7405214016542145
1.35 -0.808431197913126
1.351 -0.7423044720115005
1.352 -0.8156322716083266
1.353 -0.8062650677500292
1.354 -0.8278759862478416
1.355 -1.004470506795503
1.356 -1.1204865559772192
1.357 -1.0559627509726792
1.358 -1.01500159358702
1.359 -0.9803797540427397
1.36 -0.9250502789780308
1.361 -0.8052610361451122
1.362 -0.9332727713232882
1.363 -0.8777857775184364
1.364 -1.0231327416202922
1.365 -1.0566122717275057
1.366 -1.1629271269601942
1.367 -1.1982276981379487
1.368 -1.1620602538458773
1.369 -1.1183172827634484
1.37 -1.1963967779573297
1.371 -1.2120358517106173
1.372 -1.2166457350031181
1.373 -1.1460951669771533
1.374 -1.0914450646477536
1.375 -1.179702882588154
1.3760000000000001 -1.3237701161943651
1.377 -1.3636762442630115
1.3780000000000001 -1.3847642682370873
1.379 -1.4936981130551197
1.3800000000000001 -1.572082708805246
1.381 -1.7128171946100024
1.3820000000000001 -1.7010304426319784
1.383 -1.7652504274545315
1.3840000000000001 -1.846448440773295
1.385 -1.9989203132513917
1.3860000000000001 -2.0463403915589407
1.387 -1.9991431063003564
1.3880000000000001 -2.0106692145267004
1.389 -2.088330241666901
1.3900000000000001 -2.0816514472846603
1.391 -2.103865218778668
1.3920000000000001 -2.1291741197368625
1.393 -2.189040027062598
1.3940000000000001 -2.179642741937077
1.395 -2.276957820947368
1.3960000000000001 -2.2772984367514866
1.397 -2.3313639350167095
1.3980000000000001 -2.268860039630069
1.399 -2.255414711532751
1.4000000000000001 -2.294107400485787
1.401 -2.3837171786440368
1.4020000000000001 -2.43103083300289
1.403 -2.460962163937366
1.4040000000000001 -2.4366647549040907
1.405 -2.3981748715125186
1.4060000000000001 -2.442906550906878
1.407 -2.437508450350278
1.408 -2.4445101614598803
1.409 -2.4626587721351845
1.41 -2.4875771660266084
1.411 -2.490259096765052
1.412 -2.504491431451833
1.413 -2.4984651808708804
1.414 -2.5773858877253826
1.415 -2.7042259012272414
1.416 -2.869610050924797
1.417 -2.9987527265531826
1.418 -2.9746716124878407
1.419 -2.9208708311411398
1.42 -2.912093458883475
1.421 -3.01416795899177
1.422 -3.0099420463102993
1.423 -3.1308794856640683
1.424 -3.182145487066713
1.425 -3.1604834278465073
1.426 -3.2944387270384397
1.427 -3.3846865666459163
1.428 -3.386859456731398
1.429 -3.4744216506826455
1.43 -3.4168638499955746
1.431 -3.541757957811069
1.432 -3.579794736242195
1.433 -3.6387626557596215
1.434 -3.612846894017798
1.435 -3.63603439637669
1.436 -3.75847827359483
1.437 -3.692374172364757
1.438 -3.7152464835646866
1.439 -3.7748647771960187
1.44 -3.7576126016050035
1.441 -3.7914282684504625
1.442 -3.805358889113948
1.443 -3.8834060482659414
1.444 -3.853879997233374
1.445 -3.926872770093328
1.446 -3.9596492140321997
1.447 -4.062626108333884
1.448 -4.047124058978274
1.449 -4.082498248212898
1.45 -4.096137938920933
1.451 -4.07161777921581
1.452 -4.1047960964566785
1.453 -4.0659261849239074
1.454 -4.035020805457222
1.455 -4.072085094221635
1.456 -4.0907507956137525
1.457 -4.115244136144869
1.458 -4.185132479834561
1.459 -4.270511508587708
1.46 -4.355418025563922
1.461 -4.43925247265198
1.462 -4.384630568365334
1.463 -4.411522598795071
1.464 -4.55272474496172
1.465 -4.608144941739947
1.466 -4.630911592033927
1.467 -4.71590370795405
1.468 -4.773775462786027
1.469 -4.822325611680583
1.47 -4.917973642924136
1.471 -4.9580474541878035
1.472 -4.930190986239465
1.473 -5.010036809756733
1.474 -5.011819517880634
1.475 -5.0730916226834895
1.476 -5.0706400328088375
1.477 -5.179040330219252
1.478 -5.299327500047538
1.479 -5.379545697254657
1.48 -5.421735473034865
1.481 -5.494835161703419
1.482 -5.564191177207002
1.483 -5.692655936250903
1.484 -5.828294746163811
1.485 -5.965930637737706
1.486 -5.909030359647638
1.487 -5.988639085047065
1.488 -6.080527885344536
1.489 -6.097208797548197
1.49 -6.1046494565795335
1.491 -6.043016063520251
1.492 -6.119391280258165
1.493 -6.222903616076189
1.494 -6.288747088642951
1.495 -6.2894810597592645
1.496 -6.378944448374908
1.497 -6.508310656280197
1.498 -6.5891356355599475
1.499 -6.593421027899163
1.5 -6.584098219696606
1.5010000000000001 -6.662732746483343
1.502 -6.760345360394307
1.5030000000000001 -6.865646641038849
1.504 -6.8794004157500614
1.5050000000000001 -6.952909372034487
1.506 -6.997632862777386
1.5070000000000001 -7.185731012021555
1.508 -7.17396032984289
1.5090000000000001 -7.190457772772092
1.51 -7.310189628362393
1.5110000000000001 -7.35101514209577
1.512 -7.38652933676912
1.5130000000000001 -7.4423401030568614
1.514 -7.4312910317978425
1.5150000000000001 -7.440392137774683
1.516 -7.460579029838164
1.5170000000000001 -7.533757842708113
1.518 -7.612072421974182
1.5190000000000001 -7.730047614179649
1.52 -7.83288300869497
1.5210000000000001 -7.864575262824736
1.522 -7.927402753754628
1.5230000000000001 -7.973177101710025
1.524 -7.93259296513281
1.5250000000000001 -7.944557263143667
1.526 -7.969552376660703
1.5270000000000001 -7.984187690763572
1.528 -8.014488816239174
1.5290000000000001 -8.12895550444294
1.53 -8.164981564154328
1.5310000000000001 -8.211307774158083
1.532 -8.309795133447663
1.5330000000000001 -8.301369841078543
1.534 -8.234256402991726
1.5350000000000001 -8.210868098252206
1.536 -8.20107218158703
1.537 -8.284180810966152
1.538 -8.216664648673257
1.539 -8.214900887980798
1.54 -8.229000641546977
1.541 -8.06846754159073
1.542 -8.062941512405608
1.543 -8.092064769204933
1.544 -8.140599413102144
1.545 -8.175831886100731
1.546 -8.276364507424933
1.547 -8.332363888560222
1.548 -8.265193384507395
1.549 -8.400129548805989
1.55 -8.361966978513086
1.551 -8.347596033204159
1.552 -8.436637617798452
1.553 -8.508255187784648
1.554 -8.561814963787914
1.555 -8.64487002313472
1.556 -8.615982898169209
1.557 -8.735386392782646
1.558 -8.789225793971491
1.559 -8.90968619679118
1.56 -9.050434993054635
1.561 -9.179433273645516
1.562 -9.18904221836617
1.563 -9.182975636996716
1.564 -9.387520749596735
1.565 -9.480725196596241
1.566 -9.582823501130814
1.567 -9.662930400530133
1.568 -9.698551460313944
1.569 -9.776847566360479
1.57 -9.686997011676263
1.571 -9.737256755877496
1.572 -9.758531670608587
1.573 -9.837969199987622
1.574 -9.648741187564832
1.575 -9.680680609426528
1.576 -9.722500954766778
1.577 -9.814340335571126
1.578 -9.754011090172739
1.579 -9.67966759535136
1.58 -9.628926357322388
1.581 -9.61177861940842
1.582 -9.605843038577639
1.583 -9.499869188399796
1.584 -9.468257838408793
1.585 -9.411101212624008
1.586 -9.53994463543933
1.587 -9.732590418047701
1.588 -9.758512748003383
1.589 -9.802049265973453
1.59 -9.787107098530736
1.591 -9.785601833523799
1.592 -9.74536729362076
1.593 -9.719407670709684
1.594 -9.68861200952224
1.595 -9.700743335757549
1.596 -9.718063279515935
1.597 -9.802183946786414
1.598 -9.713162813702048
1.599 -9.634064197247133
1.6 -9.617765980900826
1.601 -9.690891694361778
1.602 -9.78452278211626
1.603 -9.780740564441242
1.604 -9.745529230004687
1.605 -9.756016100270633
1.606 -9.806234429109855
1.607 -9.877511362794673
1.608 -9.838141904803352
1.609 -9.90767457400398
1.61 -9.881454698771392
1.611 -9.83795813557726
1.612 -9.90857692945704
1.613 -9.903316246977289
1.614 -10.022999761434878
1.615 -9.89011259057803
1.616 -9.991872709679527
1.617 -9.993034261797513
1.618 -9.93555556681813
1.619 -9.799316797295205
1.62 -9.702770633750982
1.621 -9.644846751317058
1.622 -9.606794747874998
1.623 -9.588017437477136
1.624 -9.552339573694821
1.625 -9.5234998737863
1.6260000000000001 -9.559128169831885
1.627 -9.539453805779587
1.6280000000000001 -9.621635174184254
1.629 -9.521784279371472
1.6300000000000001 -9.523786909343539
1.631 -9.470339396950092
1.6320000000000001 -9.484524474664598
1.633 -9.506760035338262
1.6340000000000001 -9.616306804508396
1.635 -9.645747727277323
1.6360000000000001 -9.708080734537841
1.637 -9.767762747675246
1.6380000000000001 -9.745509001753986
1.639 -9.682512542525833
1.6400000000000001 -9.615021026850451
1.641 -9.539280073828595
1.6420000000000001 -9.42007513316701
1.643 -9.33120437063563
1.6440000000000001 -9.241198940016414
1.645 -9.132685508638255
1.6460000000000001 -8.997771304818743
1.647 -8.957644083297867
1.6480000000000001 -8.846578580349819
1.649 -8.861569914444418
1.6500000000000001 -8.946127333617031
1.651 -8.777593365102247
1.6520000000000001 -8.734709884056544
1.653 -8.637200764547739
1.6540000000000001 -8.503619000955645
1.655 -8.468878394940049
1.6560000000000001 -8.488592280820635
1.657 -8.449867696578924
1.6580000000000001 -8.359054310401799
1.659 -8.358319983452153
1.6600000000000001 -8.458464692758374
1.661 -8.39417181994476
1.6620000000000001 -8.325134192226681
1.663 -8.244140265387228
1.6640000000000001 -8.237551301382156
1.665 -8.104709423707627
1.666 -7.989312627378074
1.667 -8.027363469159221
1.668 -7.958975062305901
1.669 -7.8749622951607385
1.67 -7.716483044954198
1.671 -7.611069028126288
1.672 -7.639090363543542
1.673 -7.483727050883092
1.674 -7.5233840092776365
1.675 -7.4045495293065215
1.676 -7.3021333139952285
1.677 -7.222354728042377
1.678 -7.072606781861021
1.679 -6.979687349696906
1.68 -6.836769413372569
1.681 -6.62281212202822
1.682 -6.535152551077773
1.683 -6.543830393975164
1.684 -6.435507977838048
1.685 -6.4203735150754815
1.686 -6.460780128039371
1.687 -6.3432162948476
1.688 -6.299626119432272
1.689 -6.3805165620544715
1.69 -6.276773395785039
1.691 -6.27765666542201
1.692 -6.050178284512104
1.693 -6.1217099214497335
1.694 -5.97599471188871
1.695 -5.9515029856444235
1.696 -5.804066036585966
1.697 -5.647436926419832
1.698 -5.535540030457385
1.699 -5.50042390272142
1.7 -5.402930552426627
1.701 -5.390223367264313
1.702 -5.29742834823254
1.703 -5.090072492326486
1.704 -4.898696193780715
1.705 -4.8735368649499975
1.706 -4.760224901554943
1.707 -4.620065743484189
1.708 -4.517271646981549
1.709 -4.482226097738553
1.71 -4.38176867851529
1.711 -4.207356426208512
1.712 -4.083918190230799
1.713 -3.9983877330766058
1.714 -3.9461974683478243
1.715 -3.897851194633419
1.716 -3.8082897506023836
1.717 -3.656478861890997
1.718 -3.543079281348416
1.719 -3.45435141867605
1.72 -3.2858353481330553
1.721 -3.2045606810920235
1.722 -3.1086514486206145
1.723 -3.053209242328755
1.724 -2.9294949335324043
1.725 -2.835908318142046
1.726 -2.8501666729999977
1.727 -2.709567161482859
1.728 -2.6559459143135427
1.729 -2.655784708626744
1.73 -2.482714037288429
1.731 -2.4274829892692384
1.732 -2.338818554085335
1.733 -2.1422736490578442
1.734 -2.0794541151776667
1.735 -1.8393755478679283
1.736 -1.6350564038362925
1.737 -1.4905565466115367
1.738 -1.3634674071109045
1.739 -1.2428348200735666
1.74 -1.1225829551083975
1.741 -1.0187001357417689
1.742 -0.8881462155818302
1.743 -0.7023845561684621
1.744 -0.5835305062296312
1.745 -0.43416699941464687
1.746 -0.24390818597849973
1.747 -0.2100233176164772
1.748 -0.11218633425080116
1.749 -0.07182457798292408
1.75 0.21908091122262363
1.7510000000000001 0.2932982871305859
1.752 0.49187941864360796
1.7530000000000001 0.4927912627507327
1.754 0.6026416609993313
1.7550000000000001 0.6499081658886312
1.756 0.6126407472867417
1.7570000000000001 0.6762735798239655
1.758 0.7037720802196286
1.7590000000000001 0.7252591094240364
1.76 0.7853102221371521
1.7610000000000001 0.6673299841410305
1.762 0.6254858245758516
1.7630000000000001 0.6152079488399889
1.764 0.5452467245324129
1.7650000000000001 0.5610839327425334
1.766 0.5982055161821279
1.7670000000000001 0.5884254295266286
1.768 0.5851283863115775
1.7690000000000001 0.6006042009296694
1.77 0.5889874384966454
1.7710000000000001 0.5576344371936615
1.772 0.6080958791337989
1.7730000000000001 0.5885113039621263
1.774 0.6389071312474941
1.7750000000000001 0.6593237609851742
1.776 0.6379461743153241
1.7770000000000001 0.65682186211237
1.778 0.6661962584131476
1.7790000000000001 0.6725309875292708
1.78 0.6564961453172729
1.7810000000000001 0.6354226827602634
1.782 0.5517413456166576
1.7830000000000001 0.5989594960878913
1.784 0.5544006314260136
1.7850000000000001 0.6307188616346819
1.786 0.629142578317711
1.7870000000000001 0.702327304769878
1.788 0.74714105413206
1.7890000000000001 0.7907516616416109
1.79 0.7299331142938555
1.7910000000000001 0.6353970039306411
1.792 0.6661183231211941
1.793 0.6337404455723923
1.794 0.5889287479843711
1.795 0.5624925466607715
1.796 0.6025952603752708
1.797 0.6131199867210446
1.798 0.6348508579744928
1.799 0.5207480372530197
1.8 0.47769438124737806
1.801 0.40353093638106696
1.802 0.3758823704735969
1.803 0.4102836931541454
1.804 0.4657066493617578
1.805 0.5353767273778367
1.806 0.5062799322667662
1.807 0.5795453934478557
1.808 0.6024190264073654
1.809 0.6310643415887824
1.81 0.7268261009843963
1.811 0.6972637208510047
1.812 0.6732981216911064
1.813 0.5566541831250957
1.814 0.5262337506655113
1.815 0.4516690108724083
1.816 0.4251180443140436
1.817 0.41325655906769576
1.818 0.3342520227805285
1.819 0.2610065980665107
1.82 0.19665841199843503
1.821 0.12649623599518958
1.822 0.05830784238669723
1.823 0.08091314735809974
1.824 0.04468800024863245
1.825 0.09160778457907218
1.826 0.04900661612373786
1.827 0.06600623488983356
1.828 -0.00717849084797445
1.829 0.016811048398232643
1.83 0.030072178009219394
1.831 0.010074695281510712
1.832 0.028000299765710068
1.833 0.0423577984225581
1.834 0.012264994209261488
1.835 -0.019485580840943543
1.836 -0.09352586469947903
1.837 -0.19953094950373212
1.838 -0.2751503408924965
1.839 -0.22180933315550738
1.84 -0.15463834502040175
1.841 -0.1224584500531439
1.842 -0.18904084544216831
1.843 -0.2200367967381224
1.844 -0.20218332183731902
1.845 -0.11124695799888117
1.846 -0.16724304281810387
1.847 -0.020508439711696386
1.848 0.024746374295855425
1.849 0.018942390070174835
1.85 0.036089186377575286
1.851 0.03786280014820433
1.852 0.10054486636353974
1.853 0.09086171184198506
1.854 -0.013408436694864787
1.855 -0.10677090651512147
1.856 -0.0869888593452444
1.857 -0.13067784702053697
1.858 -0.2614678487564907
1.859 -0.24244331859886906
1.86 -0.26498157089894525
1.861 -0.311241781151958
1.862 -0.2980767490395277
1.863 -0.22853019155643145
1.864 -0.28689287560910653
1.865 -0.3266646165352788
1.866 -0.3119756425517262
1.867 -0.39919844835992174
1.868 -0.33312537817799615
1.869 -0.24961227976944073
1.87 -0.22114024396516904
1.871 -0.12169749798859754
1.872 0.013680323711348988
1.873 0.03742217488974167
1.874 0.17650047099166163
1.875 0.18643465437339823
1.8760000000000001 0.18081744021220866
1.877 0.08519510280181171
1.8780000000000001 0.12134291654261711
1.879 0.1630455776496206
1.8800000000000001 0.1786467127234253
1.881 0.0829112825980731
1.8820000000000001 -0.05665399654863812
1.883 -0.06325039947154153
1.8840000000000001 -0.2238480991597015
1.885 -0.33807857589804663
1.8860000000000001 -0.3187608570221722
1.887 -0.3769911544776619
1.8880000000000001 -0.4106959960625957
1.889 -0.4208597606668496
1.8900000000000001 -0.4520631949295331
1.891 -0.41926394945075074
1.8920000000000001 -0.34861944267960265
1.893 -0.34313936311430215
1.8940000000000001 -0.2662782070795061
1.895 -0.3157564439187414
1.8960000000000001 -0.3249784793863449
1.897 -0.42845254426568374
1.8980000000000001 -0.4397137830954628
1.899 -0.33694054679875973
1.9000000000000001 -0.3733358047831845
1.901 -0.3763815969220302
1.9020000000000001 -0.3456146238019643
1.903 -0.27329834102405576
1.9040000000000001 -0.1467072529833874
1.905 -0.1611953297439427
1.9060000000000001 -0.20585201024568103
1.907 -0.24111627440914335
1.9080000000000001 -0.2857367823412079
1.909 -0.3119252677900837
1.9100000000000001 -0.34637250578403017
1.911 -0.42235924366604444
1.9120000000000001 -0.4475365053204799
1.913 -0.44331084059834935
1.9140000000000001 -0.3330064204977971
1.915 -0.4226571462445861
1.9160000000000001 -0.4267688927712979
1.917 -0.47546323713022787
1.9180000000000001 -0.5290714590657323
1.919 -0.48933292962978564
1.92 -0.45543785336644066
1.921 -0.41389110861416334
1.922 -0.4727903969096209
1.923 -0.49535939971981735
1.924 -0.40010002883512186
1.925 -0.3667506361311723
1.926 -0.4099277819419137
1.927 -0.3939907986116232
1.928 -0.3364157186841534
1.929 -0.33945184709653037
1.93 -0.4127251552606061
1.931 -0.44374251144896126
1.932 -0.4701120937071065
1.933 -0.41102775374683687
1.934 -0.4613599841247298
1.935 -0.44420591401451304
1.936 -0.32962647690801894
1.937 -0.304587998602425
1.938 -0.40477755536179283
1.939 -0.37245935168335265
1.94 -0.3695001519652425
1.941 -0.3610708448285065
1.942 -0.3434239631286401
1.943 -0.3441079985504135
1.944 -0.26822923911522867
1.945 -0.2941555733916368
1.946 -0.45882546716197636
1.947 -0.5259587241812194
1.948 -0.43945353248533825
1.949 -0.4719299354311027
1.95 -0.394578120647883
1.951 -0.30262426255206437
1.952 -0.27080092425257196
1.953 -0.24768582209226894
1.954 -0.24762270506594106
1.955 -0.20041192778054406
1.956 -0.19973459321778927
1.957 -0.29189864806991195
1.958 -0.24708830342426208
1.959 -0.2178755364457844
1.96 -0.2683584159342892
1.961 -0.20510438871501466
1.962 -0.2686811506163776
1.963 -0.26328951523821786
1.964 -0.28184673024212015
1.965 -0.32934586058802845
1.966 -0.3675477321415367
1.967 -0.4535397328039822
1.968 -0.46310875784435274
1.969 -0.3824563689785354
1.97 -0.3321460296030333
1.971 -0.28289677251105727
1.972 -0.26100271033437433
1.973 -0.30743681318276583
1.974 -0.3490239665991328
1.975 -0.44802812003677683
1.976 -0.5269174766669888
1.977 -0.5958999894914963
1.978 -0.5663363951098684
1.979 -0.5875321370201544
1.98 -0.5754254125695125
1.981 -0.6259568146770689
1.982 -0.6295758681650309
1.983 -0.49399245040038425
1.984 -0.46736836742505544
1.985 -0.4961737564738871
1.986 -0.49282234901849753
1.987 -0.4953782232638187
1.988 -0.5717546863805366
1.989 -0.6187537375236462
1.99 -0.5096184419400589
1.991 -0.5264127202628783
1.992 -0.4694850344437742
1.993 -0.5294234568169205
1.994 -0.4895386558647762
1.995 -0.5085916250643744
1.996 -0.5342221102221024
1.997 -0.5090256355661985
1.998 -0.5841496504369724
1.999 -0.6095550992750055
2.0 -0.680769378289658
2.001 -0.6053682644530797
2.0020000000000002 -0.5146092351248532
2.003 -0.4505261814270196
2.004 -0.5176944461763333
2.005 -0.6190882596595246
2.0060000000000002 -0.5680570025854924
2.007 -0.6225850126760828
2.008 -0.5925409006681167
2.009 -0.6610307022291027
2.0100000000000002 -0.6250524576162516
2.011 -0.6237657784780077
2.012 -0.6632183834199396
2.013 -0.8041737659602574
2.0140000000000002 -0.7056710229602009
2.015 -0.6969716678689912
2.016 -0.7027620606751441
2.017 -0.6501818937682708
2.0180000000000002 -0.6992460769480197
2.019 -0.6362947890117967
2.02 -0.6806799283882604
2.021 -0.6902693233672693
2.0220000000000002 -0.7129405911602091
2.023 -0.5868884416400474
2.024 -0.7425852148393601
2.025 -0.826312972724432
2.0260000000000002 -0.855144949192566
2.027 -0.891997120745466
2.028 -0.9036857509828639
2.029 -0.9998185707835971
2.0300000000000002 -1.036380270902998
2.031 -1.0741551650852237
2.032 -1.1378680365862692
2.033 -1.0515659443666707
2.0340000000000003 -0.9750192700381582
2.035 -0.9375291901203757
2.036 -0.8712256744565551
2.037 -0.9266610547543209
2.0380000000000003 -0.9135045122587282
2.039 -0.8470683069936795
2.04 -0.9840981688693526
2.041 -0.9668349030782186
2.0420000000000003 -1.0193690342160393
2.043 -0.952618355795909
2.044 -0.9631369630386782
2.045 -1.0422319558595494
2.0460000000000003 -0.9656068377739676
2.047 -0.9265449435725508
2.048 -0.8750723272624426
2.049 -0.7790408866044245
2.05 -0.7006456195586176
2.051 -0.649287266727956
2.052 -0.5982656297323253
2.053 -0.6238953869848984
2.054 -0.5890075231883428
2.055 -0.5495061353964035
2.056 -0.5550113477425358
2.057 -0.6952966736939704
2.058 -0.8132587625562739
2.059 -0.7612582242757306
2.06 -0.7793344375913778
2.061 -0.8822651470045864
2.062 -0.8925530443498634
2.063 -0.8624907726929807
2.064 -0.7652630702600673
2.065 -0.8135532500225792
2.066 -0.7943758653534662
2.067 -0.7346064113935704
2.068 -0.7905912229764233
2.069 -0.8124826307820834
2.07 -0.7739817559108128
2.071 -0.608244021789073
2.072 -0.6092663418970069
2.073 -0.5528955008704793
2.074 -0.5162851353466305
2.075 -0.5821694840533389
2.076 -0.523380103310096
2.077 -0.5709672858348689
2.078 -0.6107911227455312
2.079 -0.6309335396335821
2.08 -0.7463078622928726
2.081 -0.6409281109478582
2.082 -0.559171106514847
2.083 -0.5511213199370647
2.084 -0.5758256372143842
2.085 -0.546990225254923
2.086 -0.6224379660639182
2.087 -0.6913708592495438
2.088 -0.7437479294722614
2.089 -0.7285640433742527
2.09 -0.6728689838983347
2.091 -0.588100171829111
2.092 -0.5208271246609828
2.093 -0.6162849038775777
2.094 -0.6287714160190463
2.095 -0.7240650015280491
2.096 -0.5991903026862019
2.097 -0.6998814036664854
2.098 -0.6865790059105087
2.099 -0.7190798797216187
2.1 -0.7587291206822876
2.101 -0.7126557985670293
2.102 -0.6629621241077951
2.103 -0.7133137198630454
2.104 -0.6107706104628002
2.105 -0.5537097341419364
2.106 -0.5860630915435487
2.107 -0.589192390668945
2.108 -0.5619758093969754
2.109 -0.5452666247514807
2.11 -0.5341423635032918
2.111 -0.45805104442641653
2.112 -0.41419532650585783
2.113 -0.46049210265658597
2.114 -0.574965981231838
2.115 -0.6172999417438118
2.116 -0.6486228033168782
2.117 -0.6494411821041677
2.118 -0.6349310409086986
2.119 -0.5800448183920667
2.12 -0.627016710557664
2.121 -0.5959269100431568
2.122 -0.5161942279335562
2.123 -0.44521537508814657
2.124 -0.4863065244739746
2.125 -0.4890360692575718
2.126 -0.4676210166808503
2.1270000000000002 -0.4569507641772442
2.128 -0.4828588171449339
2.129 -0.35981210860814133
2.13 -0.32440514711441115
2.1310000000000002 -0.4138969678424162
2.132 -0.3468788303058983
2.133 -0.33391136529810667
2.134 -0.377172435810559
2.1350000000000002 -0.30894340020163513
2.136 -0.31889802115402843
2.137 -0.31863082833823264
2.138 -0.2869926843783682
2.1390000000000002 -0.4168242444940504
2.14 -0.40854120851117753
2.141 -0.4694652414427757
2.142 -0.47961922080964614
2.1430000000000002 -0.5299753209942001
2.144 -0.31860659331343066
2.145 -0.23292276288851527
2.146 -0.2824570191613269
2.1470000000000002 -0.30389541252802876
2.148 -0.24971661107376547
2.149 -0.3199717592983217
2.15 -0.34235641751590423
2.1510000000000002 -0.32570971530110465
2.152 -0.28449021022593957
2.153 -0.24596725328642774
2.154 -0.2849705039028944
2.1550000000000002 -0.2135660123962704
2.156 -0.2292723141783852
2.157 -0.1694057373709178
2.158 -0.18735431871080924
2.1590000000000003 -0.18111653805004557
2.16 -0.16458325845296767
2.161 -0.1381909620533941
2.162 -0.11826385533504455
2.1630000000000003 -0.16971408443654798
2.164 -0.14835864579418215
2.165 -0.22910237160075808
2.166 -0.2116907873407295
2.1670000000000003 -0.1482021375940064
2.168 -0.09489173625846628
2.169 -0.17364936519508084
2.17 -0.2420320973948351
2.1710000000000003 -0.2078300488486587
2.172 -0.12079746604152841
2.173 -0.2692232030344054
2.174 -0.254140260166016
2.1750000000000003 -0.33413447427202675
2.176 -0.33199124781502504
2.177 -0.41245205288348585
2.178 -0.362996792880365
2.179 -0.19414074715431945
2.18 -0.23671648400782502
2.181 -0.2684006293505314
2.182 -0.18020261817037764
2.183 -0.12525355366473528
2.184 -0.043059083288632186
2.185 -0.10711938453811118
2.186 -0.1004989546963373
2.187 -0.11899033728017595
2.188 -0.167984258623589
2.189 -0.10323994870461724
2.19 -0.06815008869847267
2.191 -0.04448287282407055
2.192 0.04066942135342986
2.193 0.04525015617083338
2.194 0.08209131547932802
2.195 0.08307804404568692
2.196 0.10395982582702584
2.197 -0.060185262800846545
2.198 0.04193865523154115
2.199 0.036556431580857245
2.2 -0.0915167741866863
2.201 -0.0512673953819376
2.202 -0.039531281827095636
2.203 -0.010913566292753443
2.204 -0.02610671849493825
2.205 -0.08302915731585792
2.206 -0.020869947642621324
2.207 0.041849737453889584
2.208 0.03493031243379134
2.209 0.11182792343272224
2.21 0.09157499949081685
2.211 0.043459413565046394
2.212 0.12440150886204421
2.213 0.07839377882645703
2.214 0.11505774793964861
2.215 0.1089997307911014
2.216 0.12401370440359669
2.217 0.1298080764116216
2.218 0.11269843393293383
2.219 0.07217472636915384
2.22 0.0889693461104192
2.221 0.12567092247306502
2.222 0.17151183647885931
2.223 0.08180518228717987
2.224 0.07209826821241308
2.225 0.11440318043216484
2.226 0.2375105737515595
2.227 0.22932134847425387
2.228 0.2814583485952273
2.229 0.33939342378222176
2.23 0.31940568933439534
2.231 0.2993984634879252
2.232 0.40421789683808107
2.233 0.4305905564561754
2.234 0.4700674883005085
2.235 0.4883688177214719
2.236 0.44427995361455647
2.237 0.39319879889653075
2.238 0.33980240301005965
2.239 0.37707711761721097
2.24 0.3039357722796674
2.241 0.2920804950248197
2.242 0.4232875966933579
2.243 0.4633931039911205
2.244 0.5044766107952966
2.245 0.454250597015236
2.246 0.4165962613299282
2.247 0.5162141061209046
2.248 0.4080494006083861
2.249 0.4887849004436776
2.25 0.473633530474546
2.251 0.5114532888861231
2.2520000000000002 0.5419823490024096
2.253 0.5129251115143604
2.254 0.42872871018802544
2.255 0.47749822692438504
2.2560000000000002 0.5277102555113946
2.257 0.5507299492974329
2.258 0.6293643637575876
2.259 0.5812331227496712
2.2600000000000002 0.5524242067921539
2.261 0.5077721802495079
2.262 0.41974275778814396
2.263 0.5143371695730312
2.2640000000000002 0.6200961514702469
2.265 0.7125217003139043
2.266 0.8135474405523606
2.267 0.7808794431238046
2.2680000000000002 0.8502440874427534
2.269 0.7584435523663728
2.27 0.6062786381836704
2.271 0.48866133386826
2.2720000000000002 0.5111316313247937
2.273 0.5406281544332837
2.274 0.5877264250650192
2.275 0.5493238029998947
2.2760000000000002 0.4419660061331049
2.277 0.4801368052799406
2.278 0.562157711226337
2.279 0.512711346068614
2.2800000000000002 0.44458904651192827
2.281 0.36342628800425675
2.282 0.3022646416848343
2.283 0.21806859513010557
2.2840000000000003 0.1631783472869145
2.285 0.14758581491901593
2.286 0.16429033834438314
2.287 0.2181979584211475
2.2880000000000003 0.2588592566815351
2.289 0.2701353197916893
2.29 0.2700041088853378
2.291 0.30481053835517863
2.2920000000000003 0.3309538166022525
2.293 0.28144660303087643
2.294 0.26822803475531787
2.295 0.2490548170050205
2.2960000000000003 0.22911658622963432
2.297 0.2631098266028279
2.298 0.23022918672932363
2.299 0.24836233721339726
2.3000000000000003 0.3047816468219193
2.301 0.31796600065836894
2.302 0.3606352040431212
2.303 0.32723319067970136
2.3040000000000003 0.4293097423825532
2.305 0.4930242702841884
2.306 0.6294963518460315
2.307 0.6136690808839923
2.308 0.6356968672800097
2.309 0.6463358613438114
2.31 0.6116021685679518
2.311 0.5228663520894832
2.312 0.4871551541475756
2.313 0.47222336840938683
2.314 0.49691728061963797
2.315 0.5502594778925372
2.316 0.5693469694029241
2.317 0.5778087737742077
2.318 0.5519332156563289
2.319 0.628410372151501
2.32 0.5796799163824278
2.321 0.5622401100668828
2.322 0.5432090068581392
2.323 0.5658912156740186
2.324 0.6269738651185421
2.325 0.5924253406928915
2.326 0.6048962436143639
2.327 0.6663275480641745
2.328 0.6141618488341228
2.329 0.5315716307636548
2.33 0.5776276756748868
2.331 0.5330027005263811
2.332 0.5608370089004497
2.333 0.5096909837030756
2.334 0.5288929220819185
2.335 0.6202067411741443
2.336 0.6464295316916231
2.337 0.5832419741115036
2.338 0.7012381904816304
2.339 0.5865807412216468
2.34 0.44268484845404055
2.341 0.4043066283706901
2.342 0.36550713598145873
2.343 0.40249773221990354
2.344 0.46193155417624443
2.345 0.3797062462840889
2.346 0.3228709117269985
2.347 0.35620679497876456
2.348 0.42236449082375066
2.349 0.4532390639386315
2.35 0.4454607124772738
2.351 0.3850652620584329
2.352 0.3786799332646726
2.353 0.38753740534807135
2.354 0.40129485132054055
2.355 0.43909732700384674
2.356 0.46693980489783504
2.357 0.38486856204461606
2.358 0.4199188068949877
2.359 0.5136523740820967
2.36 0.5225211533064923
2.361 0.5110023296093428
2.362 0.49478852579187593
2.363 0.4879001392520582
2.364 0.4844483391432045
2.365 0.47980001743333167
2.366 0.5043232872761509
2.367 0.5383339081822935
2.368 0.5538930369150534
2.369 0.6269277849711159
2.37 0.6548918869602747
2.371 0.6365845872605793
2.372 0.5479595823829064
2.373 0.49453730233112164
2.374 0.48399955303555137
2.375 0.49497321809562106
2.376 0.5766252138646611
2.3770000000000002 0.5676732209889911
2.378 0.5917339004204728
2.379 0.6537556015848504
2.38 0.563842885094589
2.3810000000000002 0.5768578651078657
2.382 0.49527210906685903
2.383 0.4544761448576998
2.384 0.3918549290139405
2.3850000000000002 0.24708630212528926
2.386 0.22090105732033108
2.387 0.150408560989852
2.388 0.07017261531847364
2.3890000000000002 0.15079628994908673
2.39 0.10404650731324917
2.391 0.003525235657188139
2.392 -0.0050485025654254286
2.3930000000000002 -0.005898108540335627
2.394 0.003653288615079359
2.395 -0.001332310998711359
2.396 -0.05955525736172538
2.3970000000000002 -0.051049183967868395
2.398 -0.10121078717887239
2.399 -0.2923612058682472
2.4 -0.3000829737206699
2.4010000000000002 -0.3086021163478787
2.402 -0.3729026589668827
2.403 -0.44192453435867785
2.404 -0.49031832211984644
2.4050000000000002 -0.5254719755270254
2.406 -0.41711206671026707
2.407 -0.3071083838278892
2.408 -0.2968498946071209
2.4090000000000003 -0.35627065082881226
2.41 -0.37856043323282756
2.411 -0.3565859486849499
2.412 -0.2701499414329802
2.4130000000000003 -0.2758243489027515
2.414 -0.372520736042331
2.415 -0.4699303215190621
2.416 -0.4158360404778112
2.4170000000000003 -0.3376551488914675
2.418 -0.3196735961256042
2.419 -0.33030911557055814
2.42 -0.3523275234163632
2.4210000000000003 -0.43815564058979145
2.422 -0.46982259470037074
2.423 -0.4758748124875818
2.424 -0.45438797924377167
2.4250000000000003 -0.4166776559889059
2.426 -0.3501357446490446
2.427 -0.2820834904616927
2.428 -0.31364099160322945
2.4290000000000003 -0.3990029323093721
2.43 -0.4551272304518452
2.431 -0.38101236286534146
2.432 -0.2561882595766546
2.433 -0.21179984775791366
2.434 -0.20089249611664944
2.435 -0.1508464559483155
2.436 -0.15224791200141685
2.437 -0.18966306204111463
2.438 -0.23360733516460877
2.439 -0.20307678306031166
2.44 -0.2303506455809995
2.441 -0.19003787936963482
2.442 -0.2390159714343248
2.443 -0.33100350469932244
2.444 -0.3476735431119432
2.445 -0.3224063531734555
2.446 -0.19973597547712652
2.447 -0.06881961845184204
2.448 -0.05825838823907846
2.449 -0.026477320310987283
2.45 -0.010374187617319609
2.451 0.0767927536670644
2.452 0.10212297530894052
2.453 -0.04600309341504147
2.454 -0.020239318313411095
2.455 -0.16259772572942627
2.456 -0.2874002443225712
2.457 -0.20281158360411589
2.458 -0.18710188463992147
2.459 -0.1467636346306736
2.46 -0.22060452147761467
2.461 -0.11813950900173778
2.462 -0.056453043918982315
2.463 -0.11223340857448011
2.464 -0.15304580830538517
2.465 -0.12578635020297096
2.466 -0.07321417936803691
2.467 -0.12308938833133673
2.468 -0.08618863621378327
2.469 -0.026808178467734256
2.47 0.012680131984378853
2.471 -0.07804986755838839
2.472 0.027214041004977263
2.473 -0.007181473598403862
2.474 -0.09807512497361354
2.475 -0.030552272237578948
2.476 -0.09555006212236625
2.477 -0.1943006653089937
2.478 -0.17675263771734007
2.479 -0.08212765348752706
2.48 -0.09689613582771166
2.481 -0.0996527321468828
2.482 0.001459334850455546
2.483 0.030134948580790747
2.484 0.053586428265989035
2.485 0.14205222981030635
2.486 0.1806726239208447
2.487 0.20967693441895618
2.488 0.2732759952348217
2.489 0.4039556698768241
2.49 0.2928027457041651
2.491 0.2995314394852618
2.492 0.2767538567482491
2.493 0.3784933946814995
2.494 0.46981058947113113
2.495 0.4124733727150418
2.496 0.3658686209518746
2.497 0.3400871881666525
2.498 0.21115279369442894
2.499 0.17972480501109206
2.5 0.09944474592101
2.501 0.05089782935746759
2.5020000000000002 0.035074575843363806
2.503 0.04431028336114746
2.504 -0.003241558507920371
2.505 0.008548491069821907
2.5060000000000002 0.020344365351699457
2.507 -0.028919571431201073
2.508 -0.15150343976587832
2.509 -0.19400751594448923
2.5100000000000002 -0.17703831742066825
2.511 -0.21368876152683985
2.512 -0.12889437775037565
2.513 -0.1569039083909725
2.5140000000000002 -0.06241522943400725
2.515 -0.07351834192297182
2.516 -0.024786785943008587
2.517 0.0013757445991916008
2.5180000000000002 0.044509564664493934
2.519 0.048210599947050015
2.52 0.104595800815866
2.521 0.1962837155321632
2.5220000000000002 0.3078053025655131
2.523 0.41507931448124213
2.524 0.34434958866728343
2.525 0.2503758880128521
2.5260000000000002 0.24182486180095306
2.527 0.30280444537493867
2.528 0.35591579451068167
2.529 0.3239107570956793
2.5300000000000002 0.3633530812740551
2.531 0.2860240459577281
2.532 0.23942627857400905
2.533 0.16562987679900604
2.5340000000000003 0.18397678017765914
2.535 0.12991326019385524
2.536 0.13273279225198523
2.537 0.169485383145483
2.5380000000000003 0.22253939792611535
2.539 0.2747339860467673
2.54 0.19029236508065275
2.541 0.33071394141012644
2.5420000000000003 0.2430349328253141
2.543 0.22151052211001637
2.544 0.24360598575438236
2.545 0.28323775882537544
2.5460000000000003 0.28428484023239453
2.547 0.26342414716692597
2.548 0.3406813397667925
2.549 0.2981016085060425
2.5500000000000003 0.2688211020434234
