0.0 0.9376512590004368
0.001 0.9183353361503306
0.002 0.8654583820502572
0.003 0.8566662846762185
0.004 0.8543352031546063
0.005 0.9119940678870898
0.006 0.8960519180061202
0.007 1.002053302817098
0.008 0.8244422270259023
0.009000000000000001 0.9068415011872927
0.01 0.940705535361759
0.011 0.9576124525035864
0.012 1.0520721981290209
0.013000000000000001 0.9923711185485329
0.014 1.0142712811924568
0.015 1.1169253197496953
0.016 1.1583695073456919
0.017 1.2395889274988101
0.018000000000000002 1.2799010532609316
0.019 1.2293590062468003
0.02 1.2652474914988727
0.021 1.2903714506322452
0.022 1.2248093801483346
0.023 1.2037002695158292
0.024 1.278660969994051
0.025 1.3548791027995055
0.026000000000000002 1.4068622345755255
0.027 1.354612393389825
0.028 1.4951471967453327
0.029 1.440341605097889
0.03 1.401739624567929
0.031 1.4341861228181414
0.032 1.3935838880959288
0.033 1.4105563149157578
0.034 1.4572840192943566
0.035 1.6064940201141558
0.036000000000000004 1.6287577580006611
0.037 1.6295344689919247
0.038 1.6427395013887178
0.039 1.623397737319892
0.04 1.5815951889810862
0.041 1.5737135362155434
0.042 1.5756852979911462
0.043000000000000003 1.5682763408452352
0.044 1.599628939457346
0.045 1.527291293202966
0.046 1.6059805630373838
0.047 1.586471574199406
0.048 1.6637781810684344
0.049 1.5939793410418672
0.05 1.637726260816338
0.051000000000000004 1.6431869669628978
0.052000000000000005 1.6304618735254883
0.053 1.688622991575387
0.054 1.667985347413307
0.055 1.6079892175529755
0.056 1.5968229108074845
0.057 1.584271006463895
0.058 1.5622766545433333
0.059000000000000004 1.5400270573379096
0.06 1.5295266419056233
0.061 1.6243164327507225
0.062 1.6268202260637268
0.063 1.6436339389134647
0.064 1.6278118815494005
0.065 1.6017307369006757
0.066 1.5995196659483808
0.067 1.716081033348305
0.068 1.7256932387110109
0.069 1.7824828502847752
0.07 1.7594126082549375
0.07100000000000001 1.6761081130588782
0.07200000000000001 1.72555024202951
0.073 1.6259102104089702
0.074 1.6401810263938856
0.075 1.66182274342915
0.076 1.6264454731919076
0.077 1.5830249935368463
0.078 1.5850356253371547
0.079 1.6334832031720725
0.08 1.6422707112768091
0.081 1.5233788055563637
0.082 1.5483785710817817
0.083 1.54442904057997
0.084 1.5521629903477998
0.085 1.4529559436280144
0.08600000000000001 1.4354870349727027
0.08700000000000001 1.494441907655825
0.088 1.5226329719215748
0.089 1.583425000970148
0.09 1.6018924398916747
0.091 1.506472295130397
0.092 1.402878222624638
0.093 1.406068926132877
0.094 1.411022053663313
0.095 1.4068402628297183
0.096 1.474337354035282
0.097 1.3842129720394825
0.098 1.3426101032727735
0.099 1.2821984693276955
0.1 1.3179834918960263
0.101 1.355536738598643
0.10200000000000001 1.321665642122204
0.10300000000000001 1.1348801315297627
0.10400000000000001 1.185545158111155
0.105 1.1515650844534986
0.106 1.0801381000378223
0.107 1.0823504087279165
0.108 0.9952950045159761
0.109 1.0640918356988276
0.11 1.0069925929267498
0.111 0.9455229605048544
0.112 0.9153034584683095
0.113 0.9565703076047062
0.114 0.9338731188354369
0.115 0.8299696502132738
0.116 0.7935696900663468
0.117 0.7725144231385714
0.11800000000000001 0.6990306348769114
0.11900000000000001 0.7614441526391135
0.12 0.8673691088587502
0.121 0.7685298055231173
0.122 0.8514414642415973
0.123 0.8530578159250787
0.124 0.8859401143574805
0.125 0.8466321282788659
0.126 0.8997976055016469
0.127 0.7644578182177044
0.128 0.7514731897120976
0.129 0.7905014280242212
0.13 0.7337481243077211
0.131 0.7757498127892022
0.132 0.872722026731527
0.133 0.9648715196100108
0.134 0.9387161634942913
0.135 0.8543092729586815
0.136 0.8130005705984684
0.137 0.7461312618489297
0.138 0.7306706240219278
0.139 0.6111870818138565
0.14 0.5857143707657212
0.14100000000000001 0.6147809613916384
0.14200000000000002 0.6869873627484714
0.14300000000000002 0.6125115067858753
0.14400000000000002 0.5985419414191351
0.145 0.5449754755212758
0.146 0.6477105596553303
0.147 0.5841067772395723
0.148 0.5942385232305196
0.149 0.5418246235810907
0.15 0.5598576618241282
0.151 0.4848475957235828
0.152 0.4392708320820659
0.153 0.5707800452217533
0.154 0.516896592810696
0.155 0.5053666768038462
0.156 0.5726415141026924
0.157 0.6833008895150363
0.158 0.6511904491818012
0.159 0.5773930364377724
0.16 0.5222694103200195
0.161 0.55463740454504
0.162 0.5106224643810459
0.163 0.4521074411737232
0.164 0.38307420044461293
0.165 0.37636455506128935
0.166 0.4958015938685012
0.167 0.426135161096733
0.168 0.38377407188992496
0.169 0.3094716295355818
0.17 0.3061017955911734
0.171 0.3848685390537461
0.17200000000000001 0.4594862212932239
0.17300000000000001 0.5074265673888916
0.17400000000000002 0.5246564306100329
0.17500000000000002 0.5194186213251187
0.176 0.4677514219643499
0.177 0.47619046593795955
0.178 0.5747913265439951
0.179 0.4896749965394557
0.18 0.5221871110504344
0.181 0.5224076366614543
0.182 0.5394339098056782
0.183 0.39403665996338055
0.184 0.37770083656872
0.185 0.38394109816461136
0.186 0.39034134161554845
0.187 0.30201564759132227
0.188 0.3093773722257519
0.189 0.26441840329493094
0.19 0.2477315250303859
0.191 0.24042915456784267
0.192 0.23603096822072298
0.193 0.2193954430378952
0.194 0.1855221804317504
0.195 0.07531215746350992
0.196 -0.016649765770639063
0.197 -0.00198913720233926
0.198 -0.03040667171602896
0.199 0.09092277273896993
0.2 0.18589749677036493
0.201 0.11124690686691667
0.202 0.1295659229868735
0.203 0.08380164960321992
0.20400000000000001 -0.007710929286351864
0.20500000000000002 -0.008606656591845618
0.20600000000000002 -0.007031790823641701
0.20700000000000002 0.003492525609717018
0.20800000000000002 -0.05948986126430029
0.209 -0.09294248369557473
0.21 -0.169140408731352
0.211 -0.13769683239375458
0.212 -0.05891512079357576
0.213 -0.07511041233403079
0.214 -0.023030942055772066
0.215 -0.09201725727340361
0.216 -0.0022827364163278963
0.217 0.009765754639821671
0.218 0.05257399547533244
0.219 0.004322601140120529
0.22 -0.042159489613574075
0.221 -0.0023984763912023935
0.222 0.002667184571091048
0.223 -0.027889090743688165
0.224 0.04356694212943348
0.225 0.037638412989840116
0.226 -0.013871495086494864
0.227 -0.023087041622465512
0.228 -0.10074198459952008
0.229 -0.13603848910249017
0.23 -0.1738823940513904
0.231 -0.10654216883538366
0.232 -0.1352624307483693
0.233 -0.08532004568735843
0.234 -0.11742773599700657
0.23500000000000001 -0.04140206162770654
0.23600000000000002 -0.10177701169798761
0.23700000000000002 -0.049092398922274044
0.23800000000000002 0.003942615642745374
0.23900000000000002 0.08630239761108766
0.24 0.10775528658847457
0.241 0.05049523442684763
0.242 0.05549830948847638
0.243 -0.04453450963801317
0.244 0.04340115261330785
0.245 0.016067489984023544
0.246 0.012438756824012551
0.247 -0.038088935263997925
0.248 -0.038527539759572786
0.249 -0.1130211721528118
0.25 0.07667812066612062
0.251 0.08171176712571201
0.252 0.1936283946269695
0.253 0.22733477005085867
0.254 0.2675190952344533
0.255 0.16937436884031765
0.256 0.21198586976433334
0.257 0.07963154666579006
0.258 0.17410343273161732
0.259 0.21033889548672502
0.26 0.19496953901470698
0.261 0.29653806628413304
0.262 0.22726480814947211
0.263 0.17802920864577718
0.264 0.21566310986916876
0.265 0.2284742974536956
0.266 0.18440830977267814
0.267 0.10578245282727664
0.268 0.051301298277720314
0.269 0.07517701272414856
0.27 0.14994448846420816
0.271 0.2086100768490738
0.272 0.0967108727365522
0.273 0.1807227638832859
0.274 0.2812623794356343
0.275 0.2430027791590261
0.276 0.12352209406043052
0.277 0.09987785991946357
0.278 0.06235539319044751
0.279 0.06387151375294021
0.28 0.12159151945369107
0.281 0.04918404375817709
0.28200000000000003 -0.006617088950507777
0.28300000000000003 0.1338072471462693
0.28400000000000003 0.0826584650031914
0.28500000000000003 -0.019947072148090703
0.28600000000000003 5.790666119183732e-5
0.28700000000000003 -0.04475761571480048
0.28800000000000003 -0.10540922243919557
0.289 -0.09385360358337431
0.29 -0.042456397116000945
0.291 -0.021241811111855927
0.292 0.07783543559891787
0.293 0.09487831962882977
0.294 0.0491666415683547
0.295 0.02325573368561022
0.296 -0.03562397948717594
0.297 0.04907304635016961
0.298 0.04003700928973809
0.299 0.05346882956119446
0.3 0.07535055934905752
0.301 0.07347973062963777
0.302 -0.05190561333019085
0.303 -0.03642485093225734
0.304 0.030798909767253045
0.305 0.053850770790492546
0.306 0.02686926011762012
0.307 0.04942708175005888
0.308 0.13298885340361563
0.309 0.13540435693871034
0.31 0.208048120240991
0.311 0.25763765841136316
0.312 0.3390258934858893
0.313 0.3012283040462918
0.314 0.18278114775256724
0.315 0.14836740816695917
0.316 0.052678422317224166
0.317 0.05357732309636496
0.318 -0.03263443568132512
0.319 -0.017393461419220234
0.32 -0.062303293349777904
0.321 -0.04956819557789405
0.322 -0.14455293586651258
0.323 -0.018934345193972357
0.324 0.010563361997094671
0.325 0.16727762929333462
0.326 0.18850060051571368
0.327 0.2984517902239475
0.328 0.28551005200190055
0.329 0.29670492589918007
0.33 0.2105594624958979
0.331 0.16065863103450012
0.332 0.15710973813701345
0.333 0.16366535665913462
0.334 0.08790377934449928
0.335 0.004603222811495472
0.336 0.0037339253512481308
0.337 -0.09908850474040615
0.338 -0.05549864754268223
0.339 -0.08847982092774481
0.34 -0.06960245145708213
0.341 -0.19279863057283853
0.342 -0.19400980871218237
0.343 -0.20930137275913027
0.34400000000000003 -0.14296772608087682
0.34500000000000003 -0.14594950627236247
0.34600000000000003 -0.15861862740313898
0.34700000000000003 -0.04378552056709081
0.34800000000000003 -0.08177566385793122
0.34900000000000003 -0.0717394684389344
0.35000000000000003 -0.023314280720685927
0.35100000000000003 -0.0756973875648515
0.352 -0.21697213825949188
0.353 -0.19155150559184417
0.354 -0.14391272219285262
0.355 -0.2008395132858197
0.356 -0.28500741582541256
0.357 -0.33121809339763103
0.358 -0.339613714297954
0.359 -0.4604464772875512
0.36 -0.3973213471994249
0.361 -0.4968862231722794
0.362 -0.4523788698322631
0.363 -0.4587251342958875
0.364 -0.3041128981400103
0.365 -0.21018948466118814
0.366 -0.10136295189004892
0.367 -0.011690199160048015
0.368 0.07977791866711648
0.369 0.07263854384189859
0.37 0.01595144238322342
0.371 0.024431032692492312
0.372 -0.035746640614158574
0.373 -0.10617782027521891
0.374 -0.1157893410950056
0.375 -0.06560930354125105
0.376 -0.09469039802143149
0.377 -0.1217032580218316
0.378 -0.13180438961865212
0.379 -0.13456319020357077
0.38 -0.2367261588287038
0.381 -0.2013272800637534
0.382 -0.16176225394060295
0.383 -0.19054591733821732
0.384 -0.10710953555627456
0.385 -0.08151840664824148
0.386 -0.09343331061141127
0.387 -0.20775464330285506
0.388 -0.2594648206551562
0.389 -0.1636344284630124
0.39 -0.24235438119075153
0.391 -0.17002833459128391
0.392 -0.149850210568306
0.393 -0.15278059581104428
0.394 -0.07130947976696084
0.395 -0.10300372229093376
0.396 -0.05323383551244337
0.397 -0.09664498873919733
0.398 0.02917656291714188
0.399 -0.05525699048678731
0.4 -0.08454468298919243
0.401 -0.11897134949905122
0.402 -0.08496566934067212
0.403 -0.10174391482970488
0.404 -0.10583372103777972
0.405 -0.19549085544177497
0.406 -0.10227595839362061
0.40700000000000003 -0.13153516444619612
0.40800000000000003 -0.06131861508442997
0.40900000000000003 -0.024099582032718593
0.41000000000000003 -0.012817860660582174
0.41100000000000003 -0.07157584306285525
0.41200000000000003 -0.23553320411483336
0.41300000000000003 -0.17897310330156666
0.41400000000000003 -0.1427175108680054
0.41500000000000004 -0.11618566409343845
0.41600000000000004 -0.22124437062493982
0.417 -0.21258456541355192
0.418 -0.182150530655235
0.419 -0.20066613687090257
0.42 -0.1688907272951221
0.421 -0.18568978648502316
0.422 -0.25843344154440034
0.423 -0.300372845535775
0.424 -0.23831510393892827
0.425 -0.21943716871482882
0.426 -0.18686063107363504
0.427 -0.23109827491540483
0.428 -0.20960225131750787
0.429 -0.14726927769251053
0.43 -0.08562114652920588
0.431 -0.11508759153285236
0.432 -0.18311744292565463
0.433 -0.25897978423550777
0.434 -0.4061766379158661
0.435 -0.4162571359209329
0.436 -0.5153176255797468
0.437 -0.4939412971356281
0.438 -0.6215266341113613
0.439 -0.6087489638535162
0.44 -0.5621781728890113
0.441 -0.6453486825859651
0.442 -0.7426085273345595
0.443 -0.6946569193705676
0.444 -0.6394799289460974
0.445 -0.6466213701726905
0.446 -0.5264536163203599
0.447 -0.5615241759389886
0.448 -0.5181719409323687
0.449 -0.568577913452929
0.45 -0.5666990591095953
0.451 -0.4847458535039306
0.452 -0.4141381495117177
0.453 -0.5160778234018337
0.454 -0.6387913889969307
0.455 -0.6327102013769944
0.456 -0.6405439620099841
0.457 -0.5620656313341726
0.458 -0.5991951218721016
0.459 -0.5901319928560569
0.46 -0.6612703888848736
0.461 -0.5727576987358131
0.462 -0.5192979344015844
0.463 -0.5503175240434627
0.464 -0.5225913243702053
0.465 -0.41183506468524445
0.466 -0.45699460070600045
0.467 -0.373211991917588
0.468 -0.3761087449616517
0.46900000000000003 -0.4284980959331514
0.47000000000000003 -0.34694460191078547
0.47100000000000003 -0.3868983534290428
0.47200000000000003 -0.3551974233417111
0.47300000000000003 -0.24833363006315648
0.47400000000000003 -0.24106731053543587
0.47500000000000003 -0.14291461349902723
0.47600000000000003 -0.13080203037372504
0.47700000000000004 -0.164902799788667
0.47800000000000004 -0.1497632826901141
0.47900000000000004 -0.15724089542302133
0.48 -0.1066250894789631
0.481 -0.10377729709932278
0.482 0.04485769172577679
0.483 0.07705038562799758
0.484 0.1437632846657435
0.485 0.1829025654827811
0.486 0.20360200488752486
0.487 0.2327017421808169
0.488 0.20055038200096573
0.489 0.27281882177290756
0.49 0.32235710128807704
0.491 0.22702029147957598
0.492 0.16735498479561525
0.493 0.21939571926138424
0.494 0.24350228822891312
0.495 0.26375448305052673
0.496 0.197968175538586
0.497 0.16296120965281752
0.498 0.10700060491130714
0.499 0.16024742250381319
0.5 0.20164086619100735
0.501 0.18275631018476504
0.502 0.18836692031461022
0.503 0.32578386684578353
0.504 0.29158666360053465
0.505 0.39847853869054534
0.506 0.40329901463785556
0.507 0.4309899249553198
0.508 0.46809955544564763
0.509 0.468406417200217
0.51 0.4332107985717643
0.511 0.44358698839199173
0.512 0.43059728335240743
0.513 0.39921332745205307
0.514 0.4428516525215556
0.515 0.43986880900898234
0.516 0.49999985708086897
0.517 0.6186743002280506
0.518 0.7404624856483286
0.519 0.7706440770982929
0.52 0.7385428465274232
0.521 0.8683818297528451
0.522 0.8099659052340499
0.523 0.8019920768844397
0.524 0.9554194028271107
0.525 0.8740608903150978
0.526 0.8099445700946252
0.527 0.7222633111085911
0.528 0.7382867913894954
0.529 0.6387010708244579
0.53 0.6842739076485596
0.531 0.722502423202829
0.532 0.7180466260627106
0.533 0.7007121514091879
0.534 0.7063435041924138
0.535 0.748143443052197
0.536 0.6337460333120977
0.537 0.6989019311189306
0.538 0.5989659880079996
0.539 0.561548948925356
0.54 0.5225551210217011
0.541 0.5504686420802078
0.542 0.5779500847068303
0.543 0.6315338950944707
0.544 0.5565618177819804
0.545 0.6106440409588199
0.546 0.5736674371268587
0.547 0.5164187575932916
0.548 0.5384508156019686
0.549 0.6091265834271729
0.55 0.6206917999427831
0.551 0.5607072171262293
0.552 0.5782647779359705
0.553 0.5893797505185862
0.554 0.6331951666060646
0.555 0.6331874691676059
0.556 0.5357820054358341
0.557 0.5024866530579946
0.558 0.47693520990702054
0.559 0.48184382321287694
0.56 0.7254076877513305
0.561 0.8390048395090985
0.562 0.7328561647883953
0.5630000000000001 0.7843503150541625
0.5640000000000001 0.7235207625225516
0.5650000000000001 0.7164009132307508
0.5660000000000001 0.7207427925179765
0.5670000000000001 0.768494994273081
0.5680000000000001 0.7582913634982068
0.5690000000000001 0.7773377816946639
0.5700000000000001 0.7382627296791713
0.5710000000000001 0.7214290449496475
0.5720000000000001 0.6382804407976418
0.5730000000000001 0.7224223863202512
0.5740000000000001 0.7249655692421124
0.5750000000000001 0.701884663470788
0.5760000000000001 0.7289988621620291
0.577 0.7667801020534822
0.578 0.8061475073717421
0.579 0.7438180984458174
0.58 0.6990695236706295
0.581 0.7489323556320262
0.582 0.6265603469290584
0.583 0.5487401722905709
0.584 0.4680025683585949
0.585 0.5150700571555049
0.586 0.5636856735196717
0.587 0.5581295657858768
0.588 0.6329718017427808
0.589 0.6641746795272728
0.59 0.7489363469123593
0.591 0.7663800663959747
0.592 0.8054882124873363
0.593 0.7716692699757989
0.594 0.9215115969362571
0.595 0.9556226012157631
0.596 0.8723608205778539
0.597 0.8293343675936987
0.598 0.8375656443566637
0.599 0.8118292819892824
0.6 0.9126738545306456
0.601 0.826475989320838
0.602 0.7557202578360995
0.603 0.9082413217225693
0.604 0.8139046760271458
0.605 0.8336659892254723
0.606 0.9182026927175481
0.607 0.9578267369062576
0.608 0.9342126005222882
0.609 0.9211068757612167
0.61 0.9353448350102673
0.611 0.9866000686612063
0.612 0.9899298980411894
0.613 0.8962274851646115
0.614 0.7964553260391584
0.615 0.9261022673574701
0.616 0.8289633386768529
0.617 0.7814764258183035
0.618 0.7808511019562138
0.619 0.82655003647245
0.62 0.7651593777350449
0.621 0.8001904668666658
0.622 0.8447387928993483
0.623 0.8020243624295196
0.624 0.773159874117062
0.625 0.8302957512896576
0.626 0.8812414880888086
0.627 0.9139957737628466
0.628 0.9277343698288294
0.629 1.003705721992761
0.63 0.9809837915605485
0.631 0.973880422765518
0.632 1.0088258455060872
0.633 1.1441832070468247
0.634 1.0828482153307832
0.635 1.0299848854749936
0.636 1.0114065070973557
0.637 1.0189666552699377
0.638 1.0941913825294496
0.639 1.0466619837092528
0.64 0.9608986126129189
0.641 1.0538430541274726
0.642 1.0789695355503541
0.643 1.0896927102746383
0.644 1.0111655848519527
0.645 1.020225162466943
0.646 0.9717534108089101
0.647 0.9433671405462577
0.648 0.8437847185985035
0.649 0.8530866982710484
0.65 0.9286602364728126
0.651 0.9453348164865574
0.652 1.1010669764935899
0.653 1.1047662328137378
0.654 1.1952303115588063
0.655 1.2952868449697905
0.656 1.2788378031102832
0.657 1.1838350408643934
0.658 1.227930933683488
0.659 1.2607716578236405
0.66 1.2617926354330855
0.661 1.355924598783485
0.662 1.389214961297656
0.663 1.407139523174301
0.664 1.3613396613499371
0.665 1.2834690463023768
0.666 1.2603925602137684
0.667 1.2114872052840264
0.668 1.3215950365221887
0.669 1.2083812774275053
0.67 1.1463486551586295
0.671 1.211292784528433
0.672 1.333744865564411
0.673 1.299323896984212
0.674 1.3212324089978686
0.675 1.347766934147603
0.676 1.357037263301241
0.677 1.4313537979744377
0.678 1.513777825376771
0.679 1.4339899699762184
0.68 1.4045145656395848
0.681 1.4581894075783355
0.682 1.370939817248952
0.683 1.4304395884176098
0.684 1.5043271174563588
0.685 1.6473637901382374
0.686 1.5764229298533692
0.687 1.5071620470585425
0.6880000000000001 1.505620521291041
0.6890000000000001 1.3964669316362637
0.6900000000000001 1.4710310910583186
0.6910000000000001 1.4585220951152527
0.6920000000000001 1.4368257854756776
0.6930000000000001 1.375644654919098
0.6940000000000001 1.372418365480375
0.6950000000000001 1.4971486887979408
0.6960000000000001 1.637747331319694
0.6970000000000001 1.6375292482711685
0.6980000000000001 1.67928525127215
0.6990000000000001 1.687514663771756
0.7000000000000001 1.6365081125401701
0.7010000000000001 1.4876302456631767
0.7020000000000001 1.4178672918301107
0.7030000000000001 1.5181692967179112
0.704 1.515847763525827
0.705 1.4372618668095707
0.706 1.3747056233861956
0.707 1.3794283293395013
0.708 1.4841188455168446
0.709 1.4830846777313293
0.71 1.442112450276776
0.711 1.5123936737209385
0.712 1.5753194839566191
0.713 1.5783461125906857
0.714 1.4900097048510392
0.715 1.5751224155021197
0.716 1.6125483487389551
0.717 1.40746691434074
0.718 1.4156502612613417
0.719 1.425038394678768
0.72 1.4002715449385406
0.721 1.291080355752742
0.722 1.291169717447662
0.723 1.2609507927262706
0.724 1.2632298003060247
0.725 1.216894982727498
0.726 1.2379163771750976
0.727 1.2221926177636968
0.728 1.2669481902516448
0.729 1.172821070956069
0.73 1.1477228494828113
0.731 1.1934636845342925
0.732 1.289415494149635
0.733 1.274321298231365
0.734 1.24039848233591
0.735 1.2605694867517356
0.736 1.3138208342410571
0.737 1.3964220021038656
0.738 1.4376065190166702
0.739 1.4195939409124134
0.74 1.4743945138920749
0.741 1.5856048304094204
0.742 1.50224802173676
0.743 1.5460967335351021
0.744 1.5968322306184164
0.745 1.5513189483381156
0.746 1.523102725700265
0.747 1.5304748874508445
0.748 1.5611519727054275
0.749 1.490750785748277
0.75 1.3573622299203842
0.751 1.3853314632135418
0.752 1.292520051643154
0.753 1.2228347075035244
0.754 1.237058550737818
0.755 1.1973250143307446
0.756 1.1765940432800845
0.757 1.308407219794855
0.758 1.219625971430446
0.759 1.1928606944932907
0.76 1.2361058484410061
0.761 1.1955078726730926
0.762 1.1538589867826938
0.763 1.2325103973374574
0.764 1.250838520009659
0.765 1.1863895880877453
0.766 1.159687177958685
0.767 1.2113115520598963
0.768 1.2919594775452379
0.769 1.273190776422019
0.77 1.1881696342921155
0.771 1.1475263566756158
0.772 1.2005874623785726
0.773 1.246092387639015
0.774 1.3951731378404548
0.775 1.4592372171751309
0.776 1.3564085131074513
0.777 1.3988539501566346
0.778 1.39027502076465
0.779 1.3882095477920866
0.78 1.31077532526423
0.781 1.3686150738865552
0.782 1.3248869962440586
0.783 1.339286592364716
0.784 1.4459944840577923
0.785 1.4565353469656934
0.786 1.3610129316545387
0.787 1.5234754076602215
0.788 1.5865461717775626
0.789 1.646184964428917
0.79 1.5539649162786764
0.791 1.6438239810925186
0.792 1.5603491776871639
0.793 1.584242046504226
0.794 1.5733988869430144
0.795 1.5537149976220475
0.796 1.5366802579096304
0.797 1.6149921955454598
0.798 1.6572341128006605
0.799 1.6090727804467215
0.8 1.6008614852884682
0.801 1.5248190982351169
0.802 1.5221697650050245
0.803 1.5003820693356902
0.804 1.4484487984764853
0.805 1.5027355599897756
0.806 1.4961861850417661
0.807 1.5223710576716543
0.808 1.4179921293405797
0.809 1.3603235866369723
0.81 1.4615011741991142
0.811 1.5225832290103316
0.812 1.5385155679772309
0.8130000000000001 1.582542029064223
0.8140000000000001 1.6113008590205706
0.8150000000000001 1.656165571144879
0.8160000000000001 1.6071984940471584
0.8170000000000001 1.6715463492189964
0.8180000000000001 1.5838770617669755
0.8190000000000001 1.6403028662683805
0.8200000000000001 1.5793815785628322
0.8210000000000001 1.535063617001017
0.8220000000000001 1.4474349691927493
0.8230000000000001 1.4704747374236045
0.8240000000000001 1.5886539156860482
0.8250000000000001 1.4662540219281128
0.8260000000000001 1.4939695411792469
0.8270000000000001 1.6779064048180596
0.8280000000000001 1.6626429706594241
0.8290000000000001 1.7353484228904485
0.8300000000000001 1.6820875245501201
0.8310000000000001 1.7081588252238016
0.8320000000000001 1.7340226974795188
0.833 1.7256854118578835
0.834 1.7208653900411794
0.835 1.7353549575735896
0.836 1.8359221781348234
0.837 1.7627100735741597
0.838 1.7680049857323663
0.839 1.7085436945595909
0.84 1.6619635723683963
0.841 1.624377437067693
0.842 1.6654453621591565
0.843 1.6632852614497105
0.844 1.5777005711780492
0.845 1.536320323136953
0.846 1.465520515252683
0.847 1.4319576349333214
0.848 1.443594070238924
0.849 1.4807990233626807
0.85 1.4289908065413632
0.851 1.404301332180424
0.852 1.398078049276218
0.853 1.4205076320980488
0.854 1.360766100303
0.855 1.3329098158554247
0.856 1.2708244507224045
0.857 1.2969109789313336
0.858 1.3351695628274671
0.859 1.3036701003887599
0.86 1.2878585748441174
0.861 1.3800034335283329
0.862 1.3344304164021277
0.863 1.3617222038090793
0.864 1.4132953735794986
0.865 1.4608091773728598
0.866 1.5191711797215914
0.867 1.4638984429927406
0.868 1.4696604092885452
0.869 1.414899441788357
0.87 1.4312253904114705
0.871 1.3488594383402586
0.872 1.371694717246489
0.873 1.402184740320404
0.874 1.4367292636720483
0.875 1.346548384010161
0.876 1.3117320022829924
0.877 1.3592336635456974
0.878 1.3376893510588819
0.879 1.2170820225668884
0.88 1.122797616770841
0.881 1.0336435444688192
0.882 1.0033062877727235
0.883 1.070260069367108
0.884 1.1218457692392625
0.885 1.3014265399125118
0.886 1.2395662557601839
0.887 1.3305081567367034
0.888 1.2323331774089255
0.889 1.3005904123777456
0.89 1.2624395057229447
0.891 1.2845259452012796
0.892 1.2446278178882537
0.893 1.2354429308622252
0.894 1.307594879783223
0.895 1.2569804768497785
0.896 1.2611100565537896
0.897 1.2709688685261549
0.898 1.274470976755085
0.899 1.3564881902022665
0.9 1.3474917608984591
0.901 1.2364002111798553
0.902 1.2543454956996243
0.903 1.3514535685358102
0.904 1.4128285252544268
0.905 1.369079716764567
0.906 1.3478233753121205
0.907 1.3576415483268058
0.908 1.374656447601524
0.909 1.4396512596642266
0.91 1.4540833183463513
0.911 1.4165901609566904
0.912 1.3686544418588478
0.913 1.4631245045626007
0.914 1.451631838861383
0.915 1.4150659202177505
0.916 1.503143070731204
0.917 1.5253825931231
0.918 1.5798213720375318
0.919 1.5472176080238764
0.92 1.5329957117314126
0.921 1.5382239651894714
0.922 1.4969798541160557
0.923 1.523166214337597
0.924 1.5735684939832901
0.925 1.469093263178257
0.926 1.5953085159170122
0.927 1.6380494036951763
0.928 1.6360475439914488
0.929 1.5294600838413792
0.93 1.5350069516864397
0.931 1.4890110317886056
0.932 1.514325256278112
0.933 1.4969934549504846
0.934 1.4233796697407826
0.935 1.3899775477922631
0.936 1.393244225354272
0.937 1.3560272813810539
0.9380000000000001 1.288127557614056
0.9390000000000001 1.2076866673162192
0.9400000000000001 1.1739287647387684
0.9410000000000001 1.2271626778979532
0.9420000000000001 1.3007531131407608
0.9430000000000001 1.346934879200729
0.9440000000000001 1.3104064459364086
0.9450000000000001 1.2562305094627546
0.9460000000000001 1.1551587984371046
0.9470000000000001 1.1090433152471195
0.9480000000000001 1.1788508831449938
0.9490000000000001 1.2767896410453867
0.9500000000000001 1.2130411804704984
0.9510000000000001 1.3258644715467527
0.9520000000000001 1.3146867459599096
0.9530000000000001 1.375619344755599
0.9540000000000001 1.4457699146850098
0.9550000000000001 1.4060478770874933
0.9560000000000001 1.3543561211647648
0.9570000000000001 1.4353732938117068
0.9580000000000001 1.3053495878248018
0.9590000000000001 1.307657647425275
0.96 1.3495017436220793
0.961 1.2374003094733157
0.962 1.1414444566222874
0.963 1.145309059920265
0.964 0.9986963209403366
0.965 0.9872200610025511
0.966 0.8669121926359034
0.967 0.9341618249177391
0.968 1.000260977984091
0.969 1.089411966935447
0.97 1.0742675138632487
0.971 1.0582066252215006
0.972 1.0120018259388028
0.973 1.0799584626248795
0.974 1.0589131303910366
0.975 1.0099376352922718
0.976 0.9978716715476058
0.977 0.9834587226969508
0.978 1.0737677133468835
0.979 1.0476337852386017
0.98 1.0030749930968725
0.981 1.0042862210670414
0.982 0.9000780651657558
0.983 0.8801120514717972
0.984 0.8924635214108739
0.985 0.9716722196092342
0.986 1.0784081521264577
0.987 1.1333823356192285
0.988 1.1559176496113197
0.989 1.0595095946106319
0.99 1.0340142887119423
0.991 1.0235107862789663
0.992 1.0866866750750304
0.993 1.0339886783341765
0.994 0.9423850967123739
0.995 0.8877266992818467
0.996 0.9156714886413632
0.997 0.9007412790721134
0.998 0.8795360892115659
0.999 0.8190349356271446
1.0 0.8616429669459654
1.0010000000000001 0.6262860902140562
1.002 0.2819175913259979
1.0030000000000001 0.052017271540443555
1.004 -0.3484712266614033
1.0050000000000001 -0.5437658232407554
1.006 -0.7137303300315121
1.0070000000000001 -0.9434255955498813
1.008 -1.1718228337753205
1.0090000000000001 -1.3525627662180932
1.01 -1.5381949994124682
1.0110000000000001 -1.721829027603902
1.012 -1.8842851323277103
1.0130000000000001 -2.02541243129149
1.014 -2.146615010228578
1.0150000000000001 -2.1489982838484383
1.016 -2.3470853689478464
1.0170000000000001 -2.4922095057210307
1.018 -2.5758508394469724
1.0190000000000001 -2.7044940808007505
1.02 -2.7842904641797563
1.0210000000000001 -2.844097751188372
1.022 -2.7939263391576032
1.0230000000000001 -2.7725590465280976
1.024 -2.8183871926486113
1.025 -2.8244525823273
1.026 -2.84060881177814
1.027 -2.8827309467716806
1.028 -2.939874369169927
1.029 -2.918108555524036
1.03 -2.9797280720221737
1.031 -2.970898710036217
1.032 -2.9632658711755067
1.033 -2.9239319941211557
1.034 -2.9262886333942175
1.035 -2.9016016660448383
1.036 -2.8997268188343615
1.037 -2.7983718803911106
1.038 -2.7741676487372975
1.039 -2.6870316507794154
1.04 -2.641870528571138
1.041 -2.545550001500738
1.042 -2.486751046937356
1.043 -2.3822571187690103
1.044 -2.271100296424277
1.045 -2.178499758950398
1.046 -2.018813272533752
1.047 -1.8612330770571779
1.048 -1.8275103807436481
1.049 -1.735594622717742
1.05 -1.5814845427617754
1.051 -1.417925845475716
1.052 -1.4305544746307415
1.053 -1.3259455879587696
1.054 -1.2450165185905842
1.055 -1.0374737861297747
1.056 -0.8650804347262866
1.057 -0.8095425152832885
1.058 -0.6747509233715523
1.059 -0.5520228365469517
1.06 -0.39522218262275377
1.061 -0.17823306962984353
1.062 0.010936853591964724
1.063 0.10813552160618911
1.064 0.29989527493297263
1.065 0.39912237386938254
1.066 0.6976548625574409
1.067 0.8718641138249069
1.068 0.838355512881888
1.069 1.0521705288824172
1.07 1.129584073463974
1.071 1.3759701771085937
1.072 1.4938949665575973
1.073 1.5513233914782658
1.074 1.5953926049403782
1.075 1.6708446976890243
1.076 1.8750763079294162
1.077 2.030403661124968
1.078 2.2548466310000097
1.079 2.3089238654360287
1.08 2.513498403364001
1.081 2.5759003981794413
1.082 2.669548518157348
1.083 2.688562576298572
1.084 2.9088599522441325
1.085 3.1461471885919634
1.086 3.257010627411473
1.087 3.35606714568019
1.088 3.4366399476473424
1.089 3.6264782356751866
1.09 3.7232846633702943
1.091 3.8829763120068055
1.092 3.9695024961246688
1.093 3.9980359446339255
1.094 4.090923866505703
1.095 4.10503840926284
1.096 4.1647134487316455
1.097 4.181320400319609
1.098 4.24118824828742
1.099 4.275108404405887
1.1 4.358974277228006
1.101 4.367418766232749
1.102 4.366281547623997
1.103 4.325841968369651
1.104 4.258530149055352
1.105 4.31164009947185
1.106 4.256235198278339
1.107 4.287830914480819
1.108 4.2789787468966
1.109 4.249087806805213
1.11 4.284839108240306
1.111 4.226514765785626
1.112 4.193753121699167
1.113 4.21972547834008
1.114 4.180241081545919
1.115 4.048569895918857
1.116 3.9743433792925553
1.117 3.930665826263248
1.118 3.859976148221407
1.119 3.8004453392179083
1.12 3.7675717089605785
1.121 3.6767435678437126
1.122 3.490435431132785
1.123 3.4265346781600416
1.124 3.3005028163152446
1.125 3.2148944424694275
1.1260000000000001 3.282145311482596
1.127 3.1359253658242605
1.1280000000000001 3.0196638841819827
1.129 2.9679097963511243
1.1300000000000001 2.939289786219029
1.131 2.760047200638904
1.1320000000000001 2.6092634475876033
1.133 2.5333197786103696
1.1340000000000001 2.470737678327918
1.135 2.315276615062462
1.1360000000000001 2.181074513512516
1.137 2.033042760157342
1.1380000000000001 1.9378132390534133
1.139 1.7257575057513619
1.1400000000000001 1.5017525492524562
1.141 1.486884388934511
1.1420000000000001 1.3672546685839548
1.143 1.2154765422398568
1.1440000000000001 0.9442125885753562
1.145 0.7680515827744222
1.1460000000000001 0.6083874456396304
1.147 0.517684509721954
1.1480000000000001 0.41889873716551346
1.149 0.2901942902587845
1.1500000000000001 0.03612852901113439
1.151 -0.06806936244091355
1.1520000000000001 -0.18032495473111088
1.153 -0.25482731792361424
1.154 -0.4067158589850597
1.155 -0.5512854772116323
1.156 -0.5827693464286986
1.157 -0.7134953929222537
1.158 -0.7914012588617175
1.159 -0.8633960799377632
1.16 -0.9817837890880837
1.161 -1.1175989610666157
1.162 -1.2830682021857742
1.163 -1.406741014098578
1.164 -1.5396833680229567
1.165 -1.6191140075891792
1.166 -1.7629780621452291
1.167 -1.8800083315557883
1.168 -2.0674932194126123
1.169 -2.122451069672547
1.17 -2.158540263377648
1.171 -2.1807214946261055
1.172 -2.2666639754871287
1.173 -2.3752726920609315
1.174 -2.4079440327874035
1.175 -2.5653452407514754
1.176 -2.763134831861583
1.177 -2.77371075822297
1.178 -2.7876485382523803
1.179 -2.8365900086104308
1.18 -2.821744233598921
1.181 -2.8087567709528134
1.182 -2.8180923357823167
1.183 -2.756059648268202
1.184 -2.7429609550753336
1.185 -2.744776825592468
1.186 -2.6074606433262355
1.187 -2.499237658393014
1.188 -2.579116710011532
1.189 -2.53571042343972
1.19 -2.484806583040936
1.191 -2.4955459033909406
1.192 -2.573638676691059
1.193 -2.532156872061764
1.194 -2.3631008338404342
1.195 -2.2591919403659304
1.196 -2.1757130082989597
1.197 -2.056635372713792
1.198 -2.044869634616186
1.199 -2.010152172746495
1.2 -2.067733111627985
1.201 -1.9386043981746246
1.202 -1.8937051158433515
1.203 -1.7776043790293579
1.204 -1.754738233587614
1.205 -1.6028877953779948
1.206 -1.5365296952842462
1.207 -1.6339886920558113
1.208 -1.5571171155073373
1.209 -1.4599330151180256
1.21 -1.4808053543174071
1.211 -1.3651742173177888
1.212 -1.3653674169425987
1.213 -1.2369898215503867
1.214 -1.2562976452210308
1.215 -1.147532345279708
1.216 -1.0457373318686418
1.217 -0.9355332096933201
1.218 -0.6533914004620182
1.219 -0.6429832285612239
1.22 -0.6571350285648939
1.221 -0.6045552814456892
1.222 -0.4714299237857238
1.223 -0.4451559017641097
1.224 -0.38229060412315086
1.225 -0.35222057367530324
1.226 -0.2804058802067759
1.227 -0.31096962906080905
1.228 -0.2552750288617395
1.229 -0.08737178746132468
1.23 -0.1586901252770161
1.231 -0.11238392931436259
1.232 -0.1050473004298077
1.233 -0.10915865993254381
1.234 -0.02034768032593326
1.235 0.05209710054349903
1.236 0.09381169713444787
1.237 0.09997755303314426
1.238 0.09725484481071989
1.239 0.05320187241802449
1.24 0.10253629511224471
1.241 0.13977748381296012
1.242 0.28477153016820883
1.243 0.39905764132939325
1.244 0.5272592554654257
1.245 0.7702800911097035
1.246 0.8399096135470638
1.247 0.8792278094785113
1.248 0.9059321244345302
1.249 0.9358303375526607
1.25 1.0138544527736104
1.2510000000000001 1.1845159731809698
1.252 1.1495189905419743
1.2530000000000001 1.185547232186205
1.254 1.2372610656180396
1.2550000000000001 1.1965180770445547
1.256 1.2402526364057447
1.2570000000000001 1.3311977242299893
1.258 1.3175022065167958
1.2590000000000001 1.3473982798699606
1.26 1.3009567309512406
1.2610000000000001 1.280443351971543
1.262 1.3923495486726494
1.2630000000000001 1.2718445729830794
1.264 1.2172086598106002
1.2650000000000001 1.19925201816783
1.266 1.2237587625693434
1.2670000000000001 1.2732659265022637
1.268 1.3182406338669383
1.2690000000000001 1.3445453730868073
1.27 1.3596621847410513
1.2710000000000001 1.3225537980696518
1.272 1.3994365937415514
1.2730000000000001 1.391808067358332
1.274 1.4644970850753687
1.2750000000000001 1.5076388309273296
1.276 1.4515365118405663
1.2770000000000001 1.5033281572081374
1.278 1.5050955863900195
1.2790000000000001 1.5077909580699431
1.28 1.503684794139203
1.281 1.5389183799919073
1.282 1.5805256918175417
1.283 1.5711002067704194
1.284 1.5255823971911866
1.285 1.4902211019550062
1.286 1.5345997126812874
1.287 1.503457697817677
1.288 1.5045664192644839
1.289 1.600158272085588
1.29 1.6893797615416677
1.291 1.7998471980469306
1.292 1.971594778311087
1.293 1.9103433011767463
1.294 1.9196021887403292
1.295 1.8631318290613779
1.296 1.9195857358064767
1.297 1.981482351940617
1.298 1.9252753923426844
1.299 1.9807676434039727
1.3 1.9140980864067043
1.301 1.8977730050911132
1.302 1.9246562305404107
1.303 1.9533100650736865
1.304 1.9158205489269773
1.305 1.9175058453340785
1.306 1.8653165574132986
1.307 1.8229466816069138
1.308 1.8137550674889353
1.309 1.7824519851909773
1.31 1.7473595196309435
1.311 1.7323467702987358
1.312 1.6939789359531008
1.313 1.71126716915316
1.314 1.7018826489285896
1.315 1.7320742353138643
1.316 1.8293772950023104
1.317 1.8039782581551287
1.318 1.7733438276428173
1.319 1.7719215473554093
1.32 1.7491943627351516
1.321 1.9100980816030992
1.322 1.8001378777695267
1.323 1.7431250246820305
1.324 1.8218287814032073
1.325 1.7301015632637173
1.326 1.5700336100908021
1.327 1.5352816038360575
1.328 1.532918607554092
1.329 1.5519189047014317
1.33 1.5435499345349102
1.331 1.5599370761594948
1.332 1.4517135031134956
1.333 1.3703823623500717
1.334 1.4970257159014573
1.335 1.4413845754685195
1.336 1.4394297663437323
1.337 1.4044404889096562
1.338 1.4152832807154057
1.339 1.3755341110921064
1.34 1.2986604543649922
1.341 1.246804848067081
1.342 1.1920821061290923
1.343 1.163363347228872
1.344 1.1178996509862054
1.345 1.057114584167395
1.346 1.0676068657083682
1.347 0.9111902276638355
1.348 0.8528236717872012
1.349 0.7605071311280209
1.35 0.6860219296460387
1.351 0.6421325817409376
1.352 0.46297279565532334
1.353 0.38082059837835724
1.354 0.37257716941384655
1.355 0.3391846405004212
1.356 0.24153981911727374
1.357 0.19627725554486442
1.358 0.2974401525388133
1.359 0.229701132110107
1.36 0.10804026737717165
1.361 0.03566091670530647
1.362 0.1335869992041816
1.363 0.13600279357793765
1.364 0.10855927994013925
1.365 0.05810952991139473
1.366 0.04039736051289211
1.367 0.02233505977582151
1.368 -0.006935045384546479
1.369 -0.1156156588508711
1.37 -0.07711559835084403
1.371 -0.1642462279129906
1.372 -0.20795094047510632
1.373 -0.2632555693768177
1.374 -0.3579804226995402
1.375 -0.30962030681153707
1.3760000000000001 -0.3501278172526012
1.377 -0.46126187300421906
1.3780000000000001 -0.6671645656944319
1.379 -0.7413213940659057
1.3800000000000001 -0.7946638745579407
1.381 -0.7533913867891695
1.3820000000000001 -0.8561746961596388
1.383 -0.916910858910822
1.3840000000000001 -0.9374251857956535
1.385 -0.9467211184824872
1.3860000000000001 -1.0100331060205767
1.387 -1.074022589127782
1.3880000000000001 -1.1010107655553678
1.389 -1.1328590430764125
1.3900000000000001 -1.044435853341259
1.391 -1.1487558288261797
1.3920000000000001 -1.253453334330304
1.393 -1.3369177580356464
1.3940000000000001 -1.366425128707715
1.395 -1.4130344554944863
1.3960000000000001 -1.5422222004734518
1.397 -1.6542081781899158
1.3980000000000001 -1.6165913070160376
1.399 -1.6075166671074972
1.4000000000000001 -1.6072137492052105
1.401 -1.6204207735579748
1.4020000000000001 -1.689156614936541
1.403 -1.89319373171051
1.4040000000000001 -1.8640600140235144
1.405 -1.9196694770562215
1.4060000000000001 -1.917196366068267
1.407 -1.9960545117124635
1.408 -2.0810292556478887
1.409 -2.106353137252503
1.41 -2.243372502614659
1.411 -2.3693758405577108
1.412 -2.4545552363684413
1.413 -2.586145193954313
1.414 -2.7314069267558283
1.415 -2.6702464024831434
1.416 -2.818022730188066
1.417 -2.8686084624841977
1.418 -2.9204242484731697
1.419 -3.0379550661239048
1.42 -3.106745202219053
1.421 -3.115591957021046
1.422 -3.1927522712752063
1.423 -3.2804257020989023
1.424 -3.4151110657457373
1.425 -3.4389561904932604
1.426 -3.5001943024496427
1.427 -3.577661720178761
1.428 -3.704467815066648
1.429 -3.7582245106781427
1.43 -3.8343713098620262
1.431 -3.8488981636530615
1.432 -3.8843075858076714
1.433 -3.924986995087159
1.434 -4.079669282938206
1.435 -4.020776336974409
1.436 -4.116403466992191
1.437 -4.128341369141648
1.438 -4.147271395004605
1.439 -4.134422328936165
1.44 -4.1861903234416555
1.441 -4.225148379378812
1.442 -4.301352250611637
1.443 -4.334292979960048
1.444 -4.434505647367288
1.445 -4.442233811314509
1.446 -4.500738404754694
1.447 -4.491848247408711
1.448 -4.47233279751316
1.449 -4.522772265160859
1.45 -4.530536720713306
1.451 -4.653756732135516
1.452 -4.6866145124279415
1.453 -4.79836587405492
1.454 -4.768358643242579
1.455 -4.955227130062825
1.456 -5.014656468916768
1.457 -4.968635740806143
1.458 -5.072201901576993
1.459 -5.10595631133506
1.46 -4.971110214969455
1.461 -5.037665378840411
1.462 -5.204704031741161
1.463 -5.20042097540569
1.464 -5.245949460669772
1.465 -5.327639803194613
1.466 -5.490529210104146
1.467 -5.614044820601713
1.468 -5.572285322888
1.469 -5.717086801943007
1.47 -5.587685750452944
1.471 -5.5985053243315255
1.472 -5.582678378915951
1.473 -5.685506564556573
1.474 -5.697246213820676
1.475 -5.6382428705846035
1.476 -5.725581659111559
1.477 -5.62122581994586
1.478 -5.75077643213635
1.479 -5.843643608213222
1.48 -5.881533832467818
1.481 -6.05843056771445
1.482 -6.140608171724721
1.483 -6.2123802473117
1.484 -6.261684146905065
1.485 -6.31287781873709
1.486 -6.3932911457263675
1.487 -6.5202717353576976
1.488 -6.729982701286238
1.489 -6.780782165117323
1.49 -6.775790310904527
1.491 -6.962964138023583
1.492 -6.952422496334568
1.493 -6.9396870165401605
1.494 -7.0536913440576425
1.495 -7.10001546139585
1.496 -7.104124927927757
1.497 -7.1114580622963315
1.498 -7.101958917061147
1.499 -7.158631655454682
1.5 -7.266784835443904
1.5010000000000001 -7.380606003168776
1.502 -7.386565518572507
1.5030000000000001 -7.390498820320282
1.504 -7.509930220661111
1.5050000000000001 -7.570580398563292
1.506 -7.686749297978095
1.5070000000000001 -7.773661609150393
1.508 -7.757856984953417
1.5090000000000001 -7.870168612365503
1.51 -7.967930057872277
1.5110000000000001 -7.942597627118036
1.512 -8.041399361861318
1.5130000000000001 -8.095058343461789
1.514 -8.101097370349931
1.5150000000000001 -8.134509832679777
1.516 -8.181096994479432
1.5170000000000001 -8.21951446806215
1.518 -8.240254544314032
1.5190000000000001 -8.354571721058388
1.52 -8.307193508148679
1.5210000000000001 -8.40698209665568
1.522 -8.40180628396476
1.5230000000000001 -8.472902432714
1.524 -8.502125537106446
1.5250000000000001 -8.545248466127076
1.526 -8.591272844732888
1.5270000000000001 -8.614983168405612
1.528 -8.687270986198493
1.5290000000000001 -8.65246876378843
1.53 -8.72262185748952
1.5310000000000001 -8.754304816951798
1.532 -8.769970919111437
1.5330000000000001 -8.835527584734853
1.534 -8.898647831253012
1.5350000000000001 -8.932953322258559
1.536 -9.044610207239755
1.537 -9.105490074510053
1.538 -9.082084413267664
1.539 -9.000259716968094
1.54 -9.007972383597917
1.541 -9.056390169330236
1.542 -9.162657975519172
1.543 -9.130608379256747
1.544 -9.167262898094677
1.545 -9.179428415977478
1.546 -9.095124086727157
1.547 -9.139401429836335
1.548 -9.16849516546
1.549 -9.210194503690465
1.55 -9.287082124926629
1.551 -9.32386729326158
1.552 -9.40010272565565
1.553 -9.386756820872606
1.554 -9.386407466086887
1.555 -9.400781484813644
1.556 -9.50519391643002
1.557 -9.452204335191158
1.558 -9.413705385139858
1.559 -9.478072584212144
1.56 -9.453650626278042
1.561 -9.52303361477578
1.562 -9.526352709210256
1.563 -9.543173105011016
1.564 -9.576074622059526
1.565 -9.707390537155577
1.566 -9.78181066218041
1.567 -9.848117655603913
1.568 -9.826364067889289
1.569 -9.972589242706736
1.57 -10.028285750361643
1.571 -10.04273348577148
1.572 -10.066523845000674
1.573 -10.137385412496418
1.574 -10.184100357810314
1.575 -10.163049041491147
1.576 -10.24580400770088
1.577 -10.208374960915595
1.578 -10.25719608463095
1.579 -10.269307115983406
1.58 -10.283405202822603
1.581 -10.282010519895278
1.582 -10.199852269743316
1.583 -10.265783417865833
1.584 -10.308462762746519
1.585 -10.282313139319754
1.586 -10.256478220178682
1.587 -10.235525918754469
1.588 -10.196571411833823
1.589 -10.198187915258172
1.59 -10.288437940001817
1.591 -10.28929178606697
1.592 -10.32252658052171
1.593 -10.357017443100233
1.594 -10.280163494649736
1.595 -10.305805422934425
1.596 -10.316322084470123
1.597 -10.278770152451331
1.598 -10.30968957990666
1.599 -10.22443645096923
1.6 -10.161860280031094
1.601 -10.223170965654942
1.602 -10.16918191776465
1.603 -10.23385114389453
1.604 -10.15660258779756
1.605 -10.26798381901963
1.606 -10.16502656425175
1.607 -10.119856424739012
1.608 -10.100269628201868
1.609 -10.079898836197282
1.61 -10.05374755221655
1.611 -10.066970424415354
1.612 -10.086518239368164
1.613 -10.078677791745923
1.614 -10.017803673946661
1.615 -9.89966187120349
1.616 -9.858499506493327
1.617 -9.906052312795847
1.618 -9.819697867656076
1.619 -9.916035216743516
1.62 -9.89491635847678
1.621 -9.937651019538311
1.622 -9.952419084669685
1.623 -9.941873495292649
1.624 -9.869016290893834
1.625 -9.831761076126645
1.6260000000000001 -9.806995381549228
1.627 -9.835682905511995
1.6280000000000001 -9.851373704453113
1.629 -9.872023232557893
1.6300000000000001 -9.80197559737435
1.631 -9.843469380360897
1.6320000000000001 -9.748524935082834
1.633 -9.724074629344548
1.6340000000000001 -9.703078925855673
1.635 -9.743400276891983
1.6360000000000001 -9.7530990455055
1.637 -9.538102986902572
1.6380000000000001 -9.484422871868567
1.639 -9.370469889819287
1.6400000000000001 -9.356000606231017
1.641 -9.284343699835155
1.6420000000000001 -9.269041790089888
1.643 -9.30584056952238
1.6440000000000001 -9.275389814258686
1.645 -9.204915468841007
1.6460000000000001 -9.290576704868505
1.647 -9.25503644322987
1.6480000000000001 -9.318208186899412
1.649 -9.368053660259852
1.6500000000000001 -9.418968556672736
1.651 -9.343546267421896
1.6520000000000001 -9.436201886368607
1.653 -9.476519720588492
1.6540000000000001 -9.512626699812431
1.655 -9.45902612291973
1.6560000000000001 -9.49003205454381
1.657 -9.480350811896363
1.6580000000000001 -9.408622081184442
1.659 -9.27257131669879
1.6600000000000001 -9.191599795592847
1.661 -9.22081446042474
1.6620000000000001 -9.107022781272205
1.663 -9.029733672352766
1.6640000000000001 -9.059341979398154
1.665 -8.92902034209656
1.666 -8.960888744238138
1.667 -8.932769907051558
1.668 -8.814742527703052
1.669 -8.688488078907895
1.67 -8.625843820384578
1.671 -8.568698599069096
1.672 -8.52975683527088
1.673 -8.38718037882373
1.674 -8.269640686209254
1.675 -8.224966147867434
1.676 -8.14655684601464
1.677 -8.056473352465384
1.678 -7.942431003110709
1.679 -7.879183893323725
1.68 -7.793202391386515
1.681 -7.753414480699097
1.682 -7.705687708372299
1.683 -7.618292731023418
1.684 -7.538153167150119
1.685 -7.3739188846837
1.686 -7.39689787709109
1.687 -7.3547918905584755
1.688 -7.324272977745874
1.689 -7.2084566905788225
1.69 -7.173023108526011
1.691 -6.895835245549415
1.692 -6.749753843008275
1.693 -6.743964188130377
1.694 -6.577478912965948
1.695 -6.63422043490762
1.696 -6.546704705583335
1.697 -6.477486483418559
1.698 -6.49217176728838
1.699 -6.388216642180581
1.7 -6.29546750384631
1.701 -6.227462136507706
1.702 -6.091073053673738
1.703 -5.975591085688953
1.704 -5.856827105891105
1.705 -5.765514247898822
1.706 -5.628571169657139
1.707 -5.371388670401545
1.708 -5.288956158921491
1.709 -5.065756842937002
1.71 -4.870655812080057
1.711 -4.7667943563587585
1.712 -4.627451778631023
1.713 -4.386756901115625
1.714 -4.220613792834093
1.715 -4.181816955626987
1.716 -4.067683042950189
1.717 -3.9700114067209205
1.718 -3.7644921878245716
1.719 -3.6022619572236976
1.72 -3.3996926749965333
1.721 -3.2473547768004405
1.722 -3.057075039770643
1.723 -2.881267055700449
1.724 -2.913738962294953
1.725 -2.7978256130881896
1.726 -2.674476941791683
1.727 -2.6473309980006743
1.728 -2.5098291583252172
1.729 -2.336275529093874
1.73 -2.229255040370762
1.731 -2.116429231703736
1.732 -1.942444849417694
1.733 -1.911601730879358
1.734 -1.835468998554675
1.735 -1.7198175946239465
1.736 -1.671242407239439
1.737 -1.469854308681561
1.738 -1.2837978061051096
1.739 -1.1757288653859468
1.74 -1.0977008349442507
1.741 -0.9341838020412228
1.742 -0.7520013630263557
1.743 -0.5995021268708246
1.744 -0.38942047638573574
1.745 -0.293316232183357
1.746 -0.19552900887501412
1.747 -0.018793360294412143
1.748 0.22271524614273874
1.749 0.41988663108916885
1.75 0.5627979432454842
1.7510000000000001 0.4919577036372864
1.752 0.4854178415948082
1.7530000000000001 0.4120677078429029
1.754 0.4199349486674223
1.7550000000000001 0.3702617029566468
1.756 0.4401773270911259
1.7570000000000001 0.4334896852834375
1.758 0.47842603865144184
1.7590000000000001 0.35569462420387454
1.76 0.434484992056573
1.7610000000000001 0.44165874475407624
1.762 0.4228899310005268
1.7630000000000001 0.55318806588495
1.764 0.5977317552168234
1.7650000000000001 0.6257923422323266
1.766 0.6291151671867006
1.7670000000000001 0.6313510885957793
1.768 0.5981926555446375
1.7690000000000001 0.6526364498812277
1.77 0.6406771018588955
1.7710000000000001 0.6740595304611738
1.772 0.6001387783714971
1.7730000000000001 0.5681111015208843
1.774 0.5567520007770066
1.7750000000000001 0.548081431735636
1.776 0.5045141630836305
1.7770000000000001 0.5707181669579096
1.778 0.5988286266449159
1.7790000000000001 0.5848618766500644
1.78 0.6291443728815093
1.7810000000000001 0.5930686982016754
1.782 0.5622258647654421
1.7830000000000001 0.5561502533104453
1.784 0.5463191840034094
1.7850000000000001 0.5728807731760847
1.786 0.6379788143448777
1.7870000000000001 0.5987899617918488
1.788 0.5069599210931679
1.7890000000000001 0.4984357731425962
1.79 0.5171142013434545
1.7910000000000001 0.5203668789786075
1.792 0.6211590643864949
1.793 0.5951727498945774
1.794 0.594140810699385
1.795 0.5556148258464445
1.796 0.522264613208276
1.797 0.45736486360470413
1.798 0.4449441750076175
1.799 0.38248350436016715
1.8 0.4766213874012295
1.801 0.4669513350489692
1.802 0.46145910931671097
1.803 0.4979332805545844
1.804 0.4198519041094689
1.805 0.5290675603782358
1.806 0.4972178670050519
1.807 0.434786238213066
1.808 0.5257610588362193
1.809 0.5098086837874244
1.81 0.5498396728776224
1.811 0.5703344474100457
1.812 0.6122624031831951
1.813 0.534758892045545
1.814 0.3508458924680796
1.815 0.29262132344608627
1.816 0.26701632300481715
1.817 0.22367808120884194
1.818 0.14565322742169
1.819 0.18251265975584016
1.82 0.12869464854777307
1.821 0.18816422447054312
1.822 0.1165599071444039
1.823 0.08823207558620001
1.824 0.07538194061585446
1.825 0.0662585145463783
1.826 0.1129410014774179
1.827 0.1732769322538406
1.828 -0.003179741030812394
1.829 0.07144268643129621
1.83 0.13934847905616943
1.831 0.08883041928287316
1.832 0.022708220835391688
1.833 -0.008091221997483036
1.834 -0.018646237256182467
1.835 0.047286953873648084
1.836 0.08067277675837659
1.837 0.08744364801362668
1.838 0.076985459901879
1.839 -0.0168210234642147
1.84 0.021724477436746832
1.841 0.07663753915228212
1.842 0.06833452399187005
1.843 0.02800285504440242
1.844 -0.11297704271966627
1.845 -0.11814468810097031
1.846 -0.12013750269143222
1.847 -0.1190646375275279
1.848 -0.1713210521223597
1.849 -0.06479330564186611
1.85 -0.0560911550083245
1.851 -0.036251634640980746
1.852 -0.15214495585371335
1.853 -0.209823309216722
1.854 -0.2632499165925891
1.855 -0.22551689618876514
1.856 -0.2556866799102199
1.857 -0.2701797347811626
1.858 -0.2847594968870546
1.859 -0.19384756117907678
1.86 -0.20459040476482734
1.861 -0.15913366722060168
1.862 -0.18077920860904448
1.863 -0.14881143899594002
1.864 -0.07304499133865436
1.865 -0.08950629939783361
1.866 -0.01427223719950238
1.867 -0.10525929160885612
1.868 0.05517878717168785
1.869 0.11951815603306674
1.87 0.10751873880633286
1.871 0.1124264398331854
1.872 0.13536913303549813
1.873 0.19835595290334773
1.874 0.16761919363097855
1.875 0.26966138845335985
1.8760000000000001 0.17857315138729984
1.877 0.20859848415999674
1.8780000000000001 0.2837709684412337
1.879 0.2670998467224422
1.8800000000000001 0.22386015357057143
1.881 0.07102396344955184
1.8820000000000001 -0.1698258565242205
1.883 -0.03621321846737993
1.8840000000000001 -0.057843096093042105
1.885 -0.08255468727089493
1.8860000000000001 -0.052216893643536086
1.887 0.007562767237566
1.8880000000000001 0.0842138448225413
1.889 0.14207532350038257
1.8900000000000001 0.07360491158705632
1.891 0.01733330834661624
1.8920000000000001 0.18183159608482546
1.893 0.1947853221138749
1.8940000000000001 0.20979110399262502
1.895 0.19464577392800836
1.8960000000000001 0.20051493371992585
1.897 0.18206268485715718
1.8980000000000001 0.193543864902806
1.899 0.20880880838083024
1.9000000000000001 0.16927962303653638
1.901 0.11062942517290772
1.9020000000000001 -0.008423338422203677
1.903 -0.01406248195919655
1.9040000000000001 -0.16555831332597915
1.905 -0.23602325405551813
1.9060000000000001 -0.18509092994491888
1.907 -0.31606858977551433
1.9080000000000001 -0.23282508885767605
1.909 -0.24983429238293503
1.9100000000000001 -0.22402877608198787
1.911 -0.2035548597889979
1.9120000000000001 -0.23203550622090366
1.913 -0.17714851729839215
1.9140000000000001 -0.09306944597822388
1.915 -0.17391395530211826
1.9160000000000001 -0.08380648591053509
1.917 0.00891696772596351
1.9180000000000001 0.05256505670520119
1.919 0.041501936585384945
1.92 0.0767760094269814
1.921 -0.06147343097335986
1.922 -0.04388342582561244
1.923 -0.007388971617342414
1.924 0.018064709855566723
1.925 0.08612162989146524
1.926 0.02656494588327904
1.927 0.07613307598587932
1.928 -0.0281967145132863
1.929 0.029099448603963345
1.93 -0.013603895043367405
1.931 0.08612970625110034
1.932 0.17896080389043467
1.933 0.28995940250848656
1.934 0.2933317477109434
1.935 0.3099537647547
1.936 0.4104647246302989
1.937 0.3923844788241542
1.938 0.38084060307590717
1.939 0.44647432721451685
1.94 0.5046305808306663
1.941 0.6402410149517922
1.942 0.5826379926861067
1.943 0.48035866581280295
1.944 0.47971695331264064
1.945 0.4561230895284685
1.946 0.3822228278558031
1.947 0.3645373409951928
1.948 0.4066591911021131
1.949 0.3799616564782851
1.95 0.29679133519961665
1.951 0.38231522521044614
1.952 0.30585493119386287
1.953 0.26052799892610745
1.954 0.2572422666403128
1.955 0.20296030850568933
1.956 0.17536773610770925
1.957 0.08606699802483149
1.958 0.08532477549636514
1.959 0.22006359701873512
1.96 0.24906704134567517
1.961 0.21045548847613024
1.962 0.2624329789825399
1.963 0.16823321658656493
1.964 0.2636366632036507
1.965 0.3316529583755755
1.966 0.32765086910412633
1.967 0.25851619391103225
1.968 0.23176228308606456
1.969 0.27564692424627985
1.97 0.2470970238102107
1.971 0.22710358048304502
1.972 0.25678310829293394
1.973 0.3154064343730704
1.974 0.2872394901983466
1.975 0.3148102127640524
1.976 0.44859116138753374
1.977 0.4177764380367807
1.978 0.4370834324664213
1.979 0.3947797060854824
1.98 0.4808900410996252
1.981 0.534742404447942
1.982 0.516668637274353
1.983 0.5540842941137715
1.984 0.5798099529212043
1.985 0.623961385639272
1.986 0.6480625905845843
1.987 0.6682399541131804
1.988 0.7780577602102077
1.989 0.7440528374832
1.99 0.7477098844176157
1.991 0.7037515482979184
1.992 0.5326632818532584
1.993 0.5057376857377528
1.994 0.5667128124017318
1.995 0.6047145113009142
1.996 0.6213930304697476
1.997 0.5150376083008414
1.998 0.5271076389580452
1.999 0.4054988054405798
2.0 0.4109502124281071
2.001 0.35444582093062116
2.0020000000000002 0.3199215379928675
2.003 0.34150499908427506
2.004 0.31121732214784376
2.005 0.2598186721964412
2.0060000000000002 0.20001947273586196
2.007 0.29715943998721706
2.008 0.2902053849565976
2.009 0.3103983421178553
2.0100000000000002 0.3295690152166833
2.011 0.33063678441646177
2.012 0.40577988709699525
2.013 0.3948655108672508
2.0140000000000002 0.2573944062535234
2.015 0.26107823177274536
2.016 0.25022653771571873
2.017 0.28305849191080756
2.0180000000000002 0.422530972750791
2.019 0.4407459322115186
2.02 0.3920211918729108
2.021 0.4763040387529361
2.0220000000000002 0.3634867938988937
2.023 0.32124552710642373
2.024 0.3494284651410963
2.025 0.2889387840094311
2.0260000000000002 0.268343767554189
2.027 0.21562206076767157
2.028 0.23764477150333305
2.029 0.21352780688506756
2.0300000000000002 0.18734044352357568
2.031 0.23409843688673115
2.032 0.2655491898773233
2.033 0.20546342010551943
2.0340000000000003 0.32344392397281896
2.035 0.33715807855939023
2.036 0.4062610994868984
2.037 0.365385489935674
2.0380000000000003 0.40025864066782013
2.039 0.432581752428691
2.04 0.4100946272432216
2.041 0.4570032191724792
2.0420000000000003 0.49050761541239324
2.043 0.6246900299286671
2.044 0.6221602387651809
2.045 0.5748384245058826
2.0460000000000003 0.5842406368598851
2.047 0.7123422035756439
2.048 0.6709021404133111
2.049 0.6218697144207176
2.05 0.6340337408838931
2.051 0.6745594566432619
2.052 0.6909309603998259
2.053 0.6112133401086448
2.054 0.6285692067736246
2.055 0.5657093525949053
2.056 0.6709083844607331
2.057 0.5669178364989013
2.058 0.4491294576414629
2.059 0.35450885310187363
2.06 0.4065210783156828
2.061 0.6336956302591409
2.062 0.6207222294099811
2.063 0.6166216360596146
2.064 0.7623955526036982
2.065 0.7358828214134455
2.066 0.7174141788535509
2.067 0.7443430686334257
2.068 0.7690615145658165
2.069 0.8055463761295041
2.07 0.7537294941280586
2.071 0.734838585516976
2.072 0.7005094613384355
2.073 0.7100605349646999
2.074 0.6821752283501734
2.075 0.7520879924857199
2.076 0.7766693123831441
2.077 0.6680655658296492
2.078 0.6510414645041332
2.079 0.5893184270668262
2.08 0.5298119161296718
2.081 0.6263096414030195
2.082 0.6265310521371054
2.083 0.6932416587273611
2.084 0.6855024183670574
2.085 0.7052621713532897
2.086 0.7396559121350257
2.087 0.6912335818308397
2.088 0.7173018362769085
2.089 0.7389221680891312
2.09 0.7576114458552282
2.091 0.7247336317168844
2.092 0.8465456971535037
2.093 0.9193676664990168
2.094 0.9990496738934935
2.095 0.9072001715758032
2.096 0.9408531671864454
2.097 0.7725094512693063
2.098 0.7506491847050549
2.099 0.7749083511838942
2.1 0.8449156133886476
2.101 0.9101395944239713
2.102 0.9427460626085915
2.103 0.8814654364982618
2.104 0.9290107330549497
2.105 0.8058152365732562
2.106 0.820289320858228
2.107 0.6899144520178491
2.108 0.791358344973366
2.109 0.7375510227196852
2.11 0.7498699010682284
2.111 0.7162105576490362
2.112 0.761473584105028
2.113 0.7131330611055278
2.114 0.6292608636942458
2.115 0.6338778080546651
2.116 0.6125868935738573
2.117 0.524761074866993
2.118 0.5056994852581491
2.119 0.4618297645389744
2.12 0.487268794454246
2.121 0.6780999820038991
2.122 0.6092071050920653
2.123 0.5684794385418969
2.124 0.6049815152458711
2.125 0.4921506299553854
2.126 0.49324706319693234
2.1270000000000002 0.49508694609009646
2.128 0.4596730756307331
2.129 0.4310819121903465
2.13 0.4456114204950708
2.1310000000000002 0.5026703408754414
2.132 0.7291603844449392
2.133 0.6646122803066161
2.134 0.6623721192346965
2.1350000000000002 0.6949424124734337
2.136 0.7218767471100473
2.137 0.6952135980752207
2.138 0.6858470974072974
2.1390000000000002 0.6686943671649225
2.14 0.7032270169963385
2.141 0.7370948237038935
2.142 0.6948797814658044
2.1430000000000002 0.6798639229635082
2.144 0.7140385949344377
2.145 0.7588257182723398
2.146 0.6992703608561672
2.1470000000000002 0.7773965099875939
2.148 0.7647976453718357
2.149 0.8394200798885826
2.15 0.809020949084507
2.1510000000000002 0.8256219523426759
2.152 0.77443096957545
2.153 0.7311051977390807
2.154 0.7467971317081329
2.1550000000000002 0.7320817280703493
2.156 0.7940795860363136
2.157 0.7645292182299637
2.158 0.9368029231395842
2.1590000000000003 0.9366583694166761
2.16 0.8819996406765234
2.161 0.8326121915694462
2.162 0.790368912490239
2.1630000000000003 0.8413623777804035
2.164 0.9206892407762629
2.165 0.8380889667725733
2.166 0.74738504878194
2.1670000000000003 0.7696812598978752
2.168 0.7375148053264036
2.169 0.6846510784850783
2.17 0.713511152382977
2.1710000000000003 0.7778692915355955
2.172 0.7885160403920337
2.173 0.7631663755261077
2.174 0.835617149724525
2.1750000000000003 0.7224281696776927
2.176 0.7749621665347842
2.177 0.8198627446464594
2.178 0.7798057150960179
2.179 0.7877302761074569
2.18 0.8114997486902964
2.181 0.8055203509164919
2.182 0.8104680486849655
2.183 0.8641245532980577
2.184 0.9559491189879871
2.185 1.0263382058118722
2.186 0.9080412563570888
2.187 0.8444425530879982
2.188 0.8711875422860378
2.189 0.9005841601015973
2.19 0.8561435342317868
2.191 0.9122728720205369
2.192 0.8870151123515602
2.193 0.7979900840826216
2.194 0.9003391467866003
2.195 0.9485312403605548
2.196 0.9684252196158535
2.197 0.9692392050551127
2.198 0.9185549347079208
2.199 0.9051083540728605
2.2 0.8445447268469731
2.201 0.7401094650923452
2.202 0.7740152313774346
2.203 0.7563170173281981
2.204 0.6442842708082424
2.205 0.745892267418869
2.206 0.6653268279798163
2.207 0.6706992070108971
2.208 0.7286494181002161
2.209 0.7367654070710504
2.21 0.7958304796280412
2.211 0.796826361758861
2.212 0.7221221297342177
2.213 0.6356454908483977
2.214 0.6107699852288776
2.215 0.6723391165384568
2.216 0.5471986557170774
2.217 0.5383519930863445
2.218 0.5150170235954746
2.219 0.5161270022039705
2.22 0.4619237175784883
2.221 0.471022666202066
2.222 0.5296814540425012
2.223 0.5135050179393691
2.224 0.5312212461383313
2.225 0.5666208146463702
2.226 0.5279759368632626
2.227 0.5599965295933117
2.228 0.5051619025852696
2.229 0.3854279832012508
2.23 0.3765125619462899
2.231 0.4091278270179326
2.232 0.49221843943649246
2.233 0.6178563350211533
2.234 0.6418432123211536
2.235 0.6386819657252915
2.236 0.6036916698194771
2.237 0.5895312187018374
2.238 0.5812008286265354
2.239 0.6093831750422001
2.24 0.6107906289177203
2.241 0.6032814206293367
2.242 0.6557173830306453
2.243 0.6297325655746533
2.244 0.6606717575650909
2.245 0.5709818459607422
2.246 0.5559518287596605
2.247 0.5282035886751478
2.248 0.6137338318902216
2.249 0.36276483916990454
2.25 0.33237874214372887
2.251 0.4291193039919857
2.2520000000000002 0.3443825714610582
2.253 0.27018189620159866
2.254 0.3854767083954232
2.255 0.3011778108666711
2.2560000000000002 0.27517346578238644
2.257 0.18743776955153144
2.258 0.07872976573351391
2.259 -0.064091356069388
2.2600000000000002 -0.01104966578791678
2.261 0.053506467344116106
2.262 -0.0851609808177041
2.263 -0.041542365132544244
2.2640000000000002 -0.021166588953332025
2.265 -0.029206039876022133
2.266 -0.1524001109140065
2.267 -0.01024313232684032
2.2680000000000002 0.04647752832609013
2.269 0.040710489556591394
2.27 0.004570439944452977
2.271 0.01328771932751641
2.2720000000000002 -0.00867245431225552
2.273 -0.058891521084152784
2.274 -0.0010014581506627498
2.275 0.0017719421225935068
2.2760000000000002 -0.050005295656467524
2.277 0.02592037704823913
2.278 0.07511349679565696
2.279 0.05880243475061545
2.2800000000000002 0.16455748686563343
2.281 0.09948460652355039
2.282 0.11869997112434205
2.283 0.07400644666260764
2.2840000000000003 0.11945424080024314
2.285 0.18122476537463972
2.286 0.2632024751456376
2.287 0.24541310032949273
2.2880000000000003 0.3856385134841537
2.289 0.2616063434441675
2.29 0.2874636932592799
2.291 0.3384077102911282
2.2920000000000003 0.35284343390248535
2.293 0.4515592851512901
2.294 0.44306644745580187
2.295 0.5640636522564684
2.2960000000000003 0.5734448432077883
2.297 0.6226716391586434
2.298 0.6877819391560157
2.299 0.7118026559689011
2.3000000000000003 0.6905696694266001
2.301 0.6656702447275306
2.302 0.7432661416810338
2.303 0.7480416299435503
2.3040000000000003 0.5881048151284705
2.305 0.5729967733518085
2.306 0.5843659723075227
2.307 0.615017531582576
2.308 0.7079866870802243
2.309 0.7854362706863385
2.31 0.7513014485869537
2.311 0.7948823662677663
2.312 0.7830792671602127
2.313 0.6443170008381862
2.314 0.6122743195640776
2.315 0.55938689254803
2.316 0.6369253125607385
2.317 0.7194279021455685
2.318 0.6160921032964294
2.319 0.6771036403345759
2.32 0.6670044624964422
2.321 0.7618379528986434
2.322 0.7855046936813688
2.323 0.8267628493878084
2.324 0.9045964675094278
2.325 0.9544405402624571
2.326 0.9357016274740113
2.327 0.9292628810218908
2.328 0.8639666098908005
2.329 0.8558338623420321
2.33 0.7877293532050461
2.331 0.7332441220309839
2.332 0.7572622659696782
2.333 0.709354815077479
2.334 0.7264168641207287
2.335 0.7008753186202984
2.336 0.7312023447403169
2.337 0.7351936811091634
2.338 0.5823457996439666
2.339 0.579083908022356
2.34 0.6254805563793316
2.341 0.5296592067286365
2.342 0.6024376803020348
2.343 0.541137183409816
2.344 0.47723743793498175
2.345 0.4881944450424022
2.346 0.531611657840945
2.347 0.5619334289760457
2.348 0.6396289001733166
2.349 0.6260472136181101
2.35 0.6588169186538767
2.351 0.6858067609031617
2.352 0.7354468015522424
2.353 0.6832514576081419
2.354 0.649384725553284
2.355 0.6646141284976752
2.356 0.6959246046562196
2.357 0.6979605009183187
2.358 0.7042682156008194
2.359 0.8087692266413168
2.36 0.7301796259407534
2.361 0.6905146721486541
2.362 0.671477304862007
2.363 0.681151384712582
2.364 0.7335996850954158
2.365 0.8428550870706143
2.366 0.8213929070507104
2.367 0.8291792084911408
2.368 0.8540469347556853
2.369 0.8681521842371105
2.37 0.6722827265039735
2.371 0.6920757514051457
2.372 0.6826782839709014
2.373 0.7334530858441067
2.374 0.789051885788397
2.375 0.6855861594117784
2.376 0.6724696032483277
2.3770000000000002 0.5339548637817978
2.378 0.43063285469355
2.379 0.4540053213745796
2.38 0.4999349408761151
2.3810000000000002 0.42753476542841873
2.382 0.42097509866899746
2.383 0.47921776338899286
2.384 0.537412999193836
2.3850000000000002 0.562721300206494
2.386 0.5547514523918247
2.387 0.513859766360723
2.388 0.4352953867750079
2.3890000000000002 0.3438126350949599
2.39 0.42559775833343116
2.391 0.3933044483299403
2.392 0.3797885049602417
2.3930000000000002 0.4571301532134888
2.394 0.44250053482672247
2.395 0.4825553113045736
2.396 0.47964312997735814
2.3970000000000002 0.42809765013324835
2.398 0.4862740135649607
2.399 0.37275543770220887
2.4 0.47836420343274394
2.4010000000000002 0.552330534319051
2.402 0.5614766855219612
2.403 0.5092613156850377
2.404 0.4346094746605002
2.4050000000000002 0.4008205489032497
2.406 0.2753920055109052
2.407 0.3383897219291527
2.408 0.31340367992228785
2.4090000000000003 0.2705634507228144
2.41 0.3056739344754323
2.411 0.37798497261774144
2.412 0.44261294680409774
2.4130000000000003 0.5336667325884946
2.414 0.4854913005054482
2.415 0.5432854328095995
2.416 0.5088487320840586
2.4170000000000003 0.5685643971758261
2.418 0.5702489661254672
2.419 0.504440723034097
2.42 0.37684292048187384
2.4210000000000003 0.4116406983269091
2.422 0.33462397699007435
2.423 0.32596036768272907
2.424 0.27965513045380064
2.4250000000000003 0.19775507138340465
2.426 0.2218953188270863
2.427 0.23154305274842585
2.428 0.26850292763103595
2.4290000000000003 0.258360492142979
2.43 0.1617968690435013
2.431 0.16444437401187148
2.432 0.19031391296222316
2.433 0.1555214902062546
2.434 0.11671584695458585
2.435 0.13410846512236693
2.436 0.1387833760971664
2.437 0.050966364737998496
2.438 0.07817756025973013
2.439 0.06191906382494833
2.44 0.11703708740749022
2.441 0.12955715157252148
2.442 0.014075707593871917
2.443 -0.02235857252040204
2.444 0.01457427685726538
2.445 -0.10896046408641781
2.446 -0.13613342736886738
2.447 -0.08162510753530927
2.448 -0.0038572715153479403
2.449 -0.027181791970511467
2.45 0.14484477139177024
2.451 0.13400194591692702
2.452 0.15624664583528125
2.453 -0.026833686554712438
2.454 -0.1564716122158836
2.455 -0.06347755056559774
2.456 -0.07401972493111236
2.457 -0.15686913300316863
2.458 -0.2099665684920323
2.459 -0.19481509102108335
2.46 -0.25075839898463087
2.461 -0.31412102844422063
2.462 -0.2668566990517229
2.463 -0.19976151451127383
2.464 -0.2288165094933104
2.465 -0.2776016626906352
2.466 -0.34442037204433784
2.467 -0.3676132604453203
2.468 -0.35095570013222743
2.469 -0.4051943115487947
2.47 -0.30492241619538335
2.471 -0.33414028604565504
2.472 -0.29773639332087004
2.473 -0.28691526544814994
2.474 -0.3105254012220004
2.475 -0.24133832901478777
2.476 -0.29063956313450023
2.477 -0.24462117603944816
2.478 -0.22373599121577842
2.479 -0.221088800479136
2.48 -0.21226892324142135
2.481 -0.1810256803209361
2.482 -0.2447006309728353
2.483 -0.24543818914973317
2.484 -0.3969168117346836
2.485 -0.3869185476516137
2.486 -0.3915684186193312
2.487 -0.4006558554276803
2.488 -0.4483252428361434
2.489 -0.4677264253062752
2.49 -0.5317976068664981
2.491 -0.5650258098597916
2.492 -0.6021170666848252
2.493 -0.5683623410084551
2.494 -0.4304553509114785
2.495 -0.47938936065897136
2.496 -0.5576266658928296
2.497 -0.43925790057854236
2.498 -0.34773088498277777
2.499 -0.3525103379982165
2.5 -0.4403987312194751
2.501 -0.5470321487657764
2.5020000000000002 -0.6227610926034086
2.503 -0.644019840361916
2.504 -0.7610715032463975
2.505 -0.8213166521378006
2.5060000000000002 -0.893729608348701
2.507 -0.8110804865795326
2.508 -0.7724601094870162
2.509 -0.6926444871886933
2.5100000000000002 -0.5994517767777267
2.511 -0.6666642350169982
2.512 -0.7004107523543396
2.513 -0.7608951849171683
2.5140000000000002 -0.7899174850906211
2.515 -0.897434305722956
2.516 -0.8568668617220211
2.517 -0.8627534710511218
2.5180000000000002 -0.7953398520103112
2.519 -0.7993794581849296
2.52 -0.7640102097369044
2.521 -0.7674335132507021
2.5220000000000002 -0.6676434331250847
2.523 -0.6575220097729018
2.524 -0.6618869365427582
2.525 -0.6272051873537736
2.5260000000000002 -0.611548791863665
2.527 -0.6759999582130728
2.528 -0.5907101331768184
2.529 -0.677831112272259
2.5300000000000002 -0.6497378143777252
2.531 -0.6197137395535998
2.532 -0.5309582560617985
2.533 -0.6277628537691737
2.5340000000000003 -0.6946509688586021
2.535 -0.7258335656242754
2.536 -0.7194310062712264
2.537 -0.605041332485569
2.5380000000000003 -0.6055057140681005
2.539 -0.695616466652603
2.54 -0.7028765165486617
2.541 -0.7653224521916545
2.5420000000000003 -0.7731039645345185
2.543 -0.7962525040406674
2.544 -0.7824726671541296
2.545 -0.799945431775711
2.5460000000000003 -0.7013886901640808
2.547 -0.7875138434737092
2.548 -0.7696208498800929
2.549 -0.7803465528069653
2.5500000000000003 -0.709416882568295
