0.0 -0.5242284157661979
0.001 -0.5731265584318768
0.002 -0.5825428884525135
0.003 -0.5007111930669842
0.004 -0.5025871631888996
0.005 -0.5749588832130401
0.006 -0.594168595075212
0.007 -0.67292408412328
0.008 -0.8305737976048788
0.009000000000000001 -0.736418310435557
0.01 -0.8121391936080082
0.011 -0.8489881283299724
0.012 -0.9172782405630154
0.013000000000000001 -0.8233248331063914
0.014 -0.7815796973754148
0.015 -0.7483858207336764
0.016 -0.7110674652086982
0.017 -0.6478491052059467
0.018000000000000002 -0.5597494797667291
0.019 -0.5816810376707673
0.02 -0.5768654702301121
0.021 -0.6512465511316394
0.022 -0.6026148518650605
0.023 -0.581080248901962
0.024 -0.6572469740577258
0.025 -0.658305484798153
0.026000000000000002 -0.7105862377300534
0.027 -0.7890566469083494
0.028 -0.8681896075655217
0.029 -0.7708795086174735
0.03 -0.7895813465911178
0.031 -0.7391679131739629
0.032 -0.7817442310732303
0.033 -0.7828131088896016
0.034 -0.8094525133005556
0.035 -0.7958666707096598
0.036000000000000004 -0.7771270951956554
0.037 -0.9070775857270239
0.038 -0.8795079886199145
0.039 -0.9233715118407105
0.04 -0.8305306722212284
0.041 -0.8726408995727105
0.042 -0.9193276905576271
0.043000000000000003 -0.8313710815769574
0.044 -0.9006525780217498
0.045 -0.8534293461208386
0.046 -0.7548799222199589
0.047 -0.767290743591453
0.048 -0.7515131691490399
0.049 -0.826552177156255
0.05 -0.7938599272132667
0.051000000000000004 -0.9186431347984572
0.052000000000000005 -0.8769686542267328
0.053 -0.8242273494520292
0.054 -0.6672119705034267
0.055 -0.6949267093352199
0.056 -0.6827230978250123
0.057 -0.6971390515430979
0.058 -0.7534905863720529
0.059000000000000004 -0.7412525127766525
0.06 -0.7326936335608192
0.061 -0.6970035438604678
0.062 -0.6787777170716444
0.063 -0.6850062984392339
0.064 -0.7157903577443325
0.065 -0.8433379402797224
0.066 -0.9028107841622084
0.067 -0.8671644819141707
0.068 -0.7999917534322348
0.069 -0.7979293905483225
0.07 -0.8004275855192188
0.07100000000000001 -0.8021162121150992
0.07200000000000001 -0.7527369635596258
0.073 -0.64683095715378
0.074 -0.6487436027269697
0.075 -0.7013528333573049
0.076 -0.6839785983919296
0.077 -0.667285078576614
0.078 -0.6265283479071674
0.079 -0.5844313548006546
0.08 -0.48782199219853534
0.081 -0.48240334006370456
0.082 -0.5296348312852185
0.083 -0.5120597161986346
0.084 -0.43387892274255035
0.085 -0.45867538199268004
0.08600000000000001 -0.47683668123346284
0.08700000000000001 -0.38872097465919886
0.088 -0.43667723834900934
0.089 -0.46421667432729713
0.09 -0.49810814912251017
0.091 -0.5393937911281428
0.092 -0.5094941883631052
0.093 -0.5803702617272226
0.094 -0.4799665869751609
0.095 -0.394630072838581
0.096 -0.3629903824762887
0.097 -0.3567422497450281
0.098 -0.33576288718594316
0.099 -0.30072549269835686
0.1 -0.16979931238343543
0.101 -0.13681463178242373
0.10200000000000001 -0.0673628851582358
0.10300000000000001 -0.05739221266646622
0.10400000000000001 -0.16105111969112826
0.105 -0.1909251406474108
0.106 -0.26662472549031113
0.107 -0.33292032424442924
0.108 -0.3573403823143137
0.109 -0.45932673049127815
0.11 -0.4265410363815975
0.111 -0.40809864482577113
0.112 -0.3737649962399998
0.113 -0.34139131420675384
0.114 -0.25080932349993423
0.115 -0.1483451681582975
0.116 -0.19328630130422683
0.117 -0.22854320566866046
0.11800000000000001 -0.35721681767548163
0.11900000000000001 -0.4749209914549708
0.12 -0.4919309716013089
0.121 -0.5239024803028436
0.122 -0.41596654705081343
0.123 -0.499228872111231
0.124 -0.5221172653438334
0.125 -0.4874495830589882
0.126 -0.4539556467860872
0.127 -0.41473798091873765
0.128 -0.46221787567862527
0.129 -0.3975466547736577
0.13 -0.3993229217464505
0.131 -0.41053592373737924
0.132 -0.4566054588571414
0.133 -0.4626507908081536
0.134 -0.3987840732583804
0.135 -0.44480999759769113
0.136 -0.3906633901459488
0.137 -0.3640440597415148
0.138 -0.33765823141920176
0.139 -0.4549540081009814
0.14 -0.4302033201557201
0.14100000000000001 -0.3925517096993593
0.14200000000000002 -0.4670216028431923
0.14300000000000002 -0.4520773411650503
0.14400000000000002 -0.3906269309201122
0.145 -0.38139964270520493
0.146 -0.35407529968567053
0.147 -0.23557731321116937
0.148 -0.2601038478690365
0.149 -0.33446650785329246
0.15 -0.33201049730115556
0.151 -0.29186573408275346
0.152 -0.25563313950424343
0.153 -0.24511231111930226
0.154 -0.20862328351816783
0.155 -0.22148092941784223
0.156 -0.16059998683813714
0.157 -0.1843912062082271
0.158 -0.3013451694512328
0.159 -0.31073674775754656
0.16 -0.26903576269620594
0.161 -0.18484302480077477
0.162 -0.24149363461034068
0.163 -0.28401150401701125
0.164 -0.3049871183314692
0.165 -0.2535827042271467
0.166 -0.20896675477057375
0.167 -0.26558806787226125
0.168 -0.3380461419743442
0.169 -0.3705241352882152
0.17 -0.372181084051974
0.171 -0.3783942427620196
0.17200000000000001 -0.42760734111671217
0.17300000000000001 -0.2567716455975193
0.17400000000000002 -0.28439310399245066
0.17500000000000002 -0.4182696440545243
0.176 -0.5438355890728952
0.177 -0.6313231246493979
0.178 -0.7340855978585966
0.179 -0.7183726310904711
0.18 -0.6403824653834559
0.181 -0.68700366328545
0.182 -0.7207096357829992
0.183 -0.671817454251779
0.184 -0.635131940374665
0.185 -0.6462905394371852
0.186 -0.7386023408477232
0.187 -0.7536211584087483
0.188 -0.8155538238175449
0.189 -0.9222347349184872
0.19 -0.9511142529013766
0.191 -0.9545927567481749
0.192 -0.9650222018866024
0.193 -0.8414864043456952
0.194 -0.8346517748201945
0.195 -0.7964827857102506
0.196 -0.8792133399654126
0.197 -1.009972448549461
0.198 -0.9846942707863898
0.199 -0.9837148418489706
0.2 -0.9197207128407855
0.201 -1.0475431684227305
0.202 -1.0357184010942773
0.203 -1.0316183140276705
0.20400000000000001 -0.9517757682050679
0.20500000000000002 -0.9122341721187476
0.20600000000000002 -1.0087229847044967
0.20700000000000002 -0.978690962054142
0.20800000000000002 -0.8640410606145937
0.209 -0.8702283746927064
0.21 -0.8204281608576997
0.211 -0.74278269939172
0.212 -0.7214241100584967
0.213 -0.8015616925888556
0.214 -0.8230067904197625
0.215 -0.8278815330362107
0.216 -0.900776297098631
0.217 -0.7875479015760114
0.218 -0.8188148743098006
0.219 -0.7971966478665166
0.22 -0.8603440137168937
0.221 -0.9555791797836702
0.222 -1.0603521275787138
0.223 -1.160397583450073
0.224 -1.1053539438411037
0.225 -1.098275796735003
0.226 -1.1242900314385387
0.227 -1.1388200255336893
0.228 -1.1258654692706733
0.229 -1.1601564977802212
0.23 -1.1207497302026974
0.231 -1.202971816758025
0.232 -1.1096785025159275
0.233 -1.0474425550488056
0.234 -0.9831869931566111
0.23500000000000001 -0.9699553028075418
0.23600000000000002 -0.8942045006421945
0.23700000000000002 -0.8993734580646351
0.23800000000000002 -0.8897898902474219
0.23900000000000002 -0.8787079997677819
0.24 -0.8867157962422223
0.241 -0.8669193820389985
0.242 -0.8376360927623665
0.243 -0.9650485100647332
0.244 -0.9694671070249187
0.245 -0.9672889404376702
0.246 -1.0451303571619261
0.247 -0.8550048375551754
0.248 -0.814571965696906
0.249 -0.7412410632880019
0.25 -0.7902040810656419
0.251 -0.7991007885338368
0.252 -0.6525363725195505
0.253 -0.6898085772199467
0.254 -0.7069186838086842
0.255 -0.7323192189373252
0.256 -0.7200615955249834
0.257 -0.8319257791493148
0.258 -0.8833561573244467
0.259 -0.9119383636047842
0.26 -0.8865019769138793
0.261 -0.8305150561786417
0.262 -0.8304430131602097
0.263 -0.7983213358043968
0.264 -0.8255355796647935
0.265 -0.829931070821862
0.266 -0.8558814348101957
0.267 -0.8229374854843421
0.268 -0.7731676325850586
0.269 -0.7293295822179883
0.27 -0.7764591115355503
0.271 -0.8484935305490099
0.272 -0.7607779553266181
0.273 -0.7792081945184844
0.274 -0.6920128210315186
0.275 -0.658151855092052
0.276 -0.635765757989372
0.277 -0.5726359898310803
0.278 -0.6961112342195309
0.279 -0.7603956604470574
0.28 -0.6949956602271437
0.281 -0.6169199308935901
0.28200000000000003 -0.646721402446593
0.28300000000000003 -0.6034161108058489
0.28400000000000003 -0.6863340040745356
0.28500000000000003 -0.6809466248372538
0.28600000000000003 -0.6617615675394297
0.28700000000000003 -0.6918089754372756
0.28800000000000003 -0.5533483007254034
0.289 -0.6978557790508868
0.29 -0.6981885805346555
0.291 -0.700517351296604
0.292 -0.7471237476371999
0.293 -0.6731423773900609
0.294 -0.5102125749503753
0.295 -0.5022613193289895
0.296 -0.48167058012945985
0.297 -0.5078901198283563
0.298 -0.5946560745256966
0.299 -0.6698080666933827
0.3 -0.6944336700490995
0.301 -0.6380039755853792
0.302 -0.5787557294952679
0.303 -0.5686506377185069
0.304 -0.6138670879181739
0.305 -0.6315227793931081
0.306 -0.6452475347263793
0.307 -0.5967896749541036
0.308 -0.688677588974295
0.309 -0.6498840977410435
0.31 -0.6283406363208895
0.311 -0.6912606722717471
0.312 -0.7014295047281746
0.313 -0.7603276684267178
0.314 -0.6766486982371109
0.315 -0.762969638283893
0.316 -0.7787591804664945
0.317 -0.8549946013364458
0.318 -1.0028687978566335
0.319 -0.9765182546540774
0.32 -0.8764064243514433
0.321 -0.8166282222849746
0.322 -0.8001320435261001
0.323 -0.884932711043996
0.324 -1.0102396068555897
0.325 -0.8878775697650639
0.326 -0.7482807018395952
0.327 -0.7663197102875656
0.328 -0.820333311387914
0.329 -0.8354351117164006
0.33 -0.7548449834000305
0.331 -0.7085109980430714
0.332 -0.7963993513638393
0.333 -0.8088890663790549
0.334 -0.8013303242589541
0.335 -0.8437334006844452
0.336 -0.8774382567027432
0.337 -0.9529626214554804
0.338 -0.9229691536986562
0.339 -0.9750324298594718
0.34 -0.8883754721125982
0.341 -0.9035753118705008
0.342 -0.8207724667671205
0.343 -0.8068408271049462
0.34400000000000003 -0.814780189784517
0.34500000000000003 -0.8367039883111819
0.34600000000000003 -0.8166610981688412
0.34700000000000003 -0.7125033008953217
0.34800000000000003 -0.7170295921127137
0.34900000000000003 -0.6489917432005925
0.35000000000000003 -0.5435951035130653
0.35100000000000003 -0.5477355921064536
0.352 -0.556944556870883
0.353 -0.6517728031527533
0.354 -0.5902991847605445
0.355 -0.553216895424869
0.356 -0.5445395071980348
0.357 -0.5740453498626527
0.358 -0.5285602946544996
0.359 -0.5125875731274638
0.36 -0.41880728445731613
0.361 -0.3569916774110319
0.362 -0.2827788753689109
0.363 -0.2866151115144611
0.364 -0.3189630476418532
0.365 -0.30102014554415524
0.366 -0.317611326759715
0.367 -0.40307309186964624
0.368 -0.40247158110530795
0.369 -0.4258941192181023
0.37 -0.44748562617142534
0.371 -0.3772520340437308
0.372 -0.3667559223658883
0.373 -0.3989869667595413
0.374 -0.34569355392850365
0.375 -0.4732079748090336
0.376 -0.3860942504657142
0.377 -0.421150430740766
0.378 -0.3288229975982802
0.379 -0.40254255195309935
0.38 -0.3146037825160477
0.381 -0.31357818072306437
0.382 -0.2928117364395189
0.383 -0.31746298310306276
0.384 -0.20722619345312565
0.385 -0.21687489680968233
0.386 -0.18446714337360007
0.387 -0.19434666296516462
0.388 -0.20056669914558045
0.389 -0.19545473862485022
0.39 -0.316161840720001
0.391 -0.35292058460976183
0.392 -0.32969377743755823
0.393 -0.34680557027703757
0.394 -0.31293752161584776
0.395 -0.4098000472005686
0.396 -0.4887911107380044
0.397 -0.44782444565746643
0.398 -0.4665221928824029
0.399 -0.49164833750752807
0.4 -0.45760427475869114
0.401 -0.4717422413075398
0.402 -0.40127139371036413
0.403 -0.4697444197087256
0.404 -0.4202392116340302
0.405 -0.5211918294279146
0.406 -0.49675084056913477
0.40700000000000003 -0.44638518478458766
0.40800000000000003 -0.4542808703588403
0.40900000000000003 -0.37776678655910384
0.41000000000000003 -0.2979310416195886
0.41100000000000003 -0.3801135852032683
0.41200000000000003 -0.4407563376214253
0.41300000000000003 -0.3982324231830926
0.41400000000000003 -0.3352948293914508
0.41500000000000004 -0.3879932528614115
0.41600000000000004 -0.45512030300197776
0.417 -0.4495667187906721
0.418 -0.47339568779313457
0.419 -0.5785436980577789
0.42 -0.660277354305881
0.421 -0.7286067510545196
0.422 -0.7073478104843155
0.423 -0.6460561657032575
0.424 -0.7091875670235057
0.425 -0.6645196538784979
0.426 -0.6685833456516752
0.427 -0.6344266300811161
0.428 -0.5674035778146316
0.429 -0.5906147784815388
0.43 -0.6917225778296846
0.431 -0.692413532601201
0.432 -0.6447824702878728
0.433 -0.5766474079575793
0.434 -0.5926538951796576
0.435 -0.5376626015298955
0.436 -0.6200680675065084
0.437 -0.5555466377721843
0.438 -0.5392107742417867
0.439 -0.6199207026874911
0.44 -0.6021454462258359
0.441 -0.6963396398384318
0.442 -0.7088400972868125
0.443 -0.7480061768559171
0.444 -0.715739846195376
0.445 -0.7102574055105559
0.446 -0.7308066705555077
0.447 -0.7345456203814026
0.448 -0.7062897376232612
0.449 -0.6146965809014018
0.45 -0.658903419650942
0.451 -0.6259385729641219
0.452 -0.5835167980835828
0.453 -0.5586245472224058
0.454 -0.4973297067750695
0.455 -0.5178921183623328
0.456 -0.4485414944089981
0.457 -0.5169429147917137
0.458 -0.4699177010556037
0.459 -0.45078142259458087
0.46 -0.5695889167411843
0.461 -0.5958642414170785
0.462 -0.6035795789678686
0.463 -0.53397199075814
0.464 -0.6608239101744027
0.465 -0.6677138110625795
0.466 -0.6767776036206349
0.467 -0.6924011395237041
0.468 -0.6487274319944204
0.46900000000000003 -0.6422310706302025
0.47000000000000003 -0.6860453220085859
0.47100000000000003 -0.7629475834334744
0.47200000000000003 -0.5796463983557547
0.47300000000000003 -0.4798417188711882
0.47400000000000003 -0.4940960433062475
0.47500000000000003 -0.6263604590543279
0.47600000000000003 -0.6196790909932197
0.47700000000000004 -0.660048350770665
0.47800000000000004 -0.5928429130795996
0.47900000000000004 -0.676305949112162
0.48 -0.665357145629493
0.481 -0.6764224413951896
0.482 -0.6499028024871749
0.483 -0.568273382310687
0.484 -0.491273990231413
0.485 -0.42543852306803354
0.486 -0.42956349824011963
0.487 -0.3740637587198034
0.488 -0.46480705100691017
0.489 -0.4424890319365526
0.49 -0.39655861282752
0.491 -0.4090268046755413
0.492 -0.4695165650894884
0.493 -0.5215760909504409
0.494 -0.547468128584047
0.495 -0.5586823746481742
0.496 -0.5385731861112709
0.497 -0.5366234040173998
0.498 -0.5981520772813776
0.499 -0.5148579402874729
0.5 -0.40192220004745915
0.501 -0.33774626584537537
0.502 -0.3975506071050192
0.503 -0.44336638352650287
0.504 -0.44839991070658575
0.505 -0.5644008943599591
0.506 -0.5381447351889341
0.507 -0.5457077999961818
0.508 -0.5709967627538822
0.509 -0.6103698436271618
0.51 -0.5822241862122663
0.511 -0.6530964981442222
0.512 -0.7417130468974951
0.513 -0.7086725310805041
0.514 -0.6751453635451964
0.515 -0.7817159479877188
0.516 -0.7192853682160751
0.517 -0.7361200220158238
0.518 -0.7114875523675914
0.519 -0.6477936707477572
0.52 -0.6560702696540908
0.521 -0.6733006325700186
0.522 -0.6226165042478536
0.523 -0.7286316905381245
0.524 -0.7338816985991112
0.525 -0.6539476337102905
0.526 -0.7755504482952633
0.527 -0.8316073523203519
0.528 -0.8840520823642706
0.529 -0.9240837938332815
0.53 -0.9959623101809861
0.531 -1.0199738702326244
0.532 -1.0608805271373396
0.533 -1.0485311671288429
0.534 -1.05158652127879
0.535 -1.0159332262904088
0.536 -1.132069481357097
0.537 -1.1811608067093133
0.538 -1.2079689076341888
0.539 -1.2166316477957422
0.54 -1.3066559532961755
0.541 -1.4398467485812319
0.542 -1.3231002094869144
0.543 -1.207720870288547
0.544 -1.1456651475750368
0.545 -1.100180566623943
0.546 -1.1067721801959438
0.547 -1.181327524984837
0.548 -1.0853670369114483
0.549 -1.0532229235193986
0.55 -1.0557178279898474
0.551 -1.0429480821122865
0.552 -1.0246989021990864
0.553 -0.9886761090257757
0.554 -0.8722740914040444
0.555 -0.75651211821634
0.556 -0.6916643712267483
0.557 -0.7171494129448108
0.558 -0.8309298241718309
0.559 -0.8634355592188901
0.56 -0.8201396439938011
0.561 -0.8182257422766666
0.562 -0.7088949100473665
0.5630000000000001 -0.7994572356945332
0.5640000000000001 -0.7816565077494518
0.5650000000000001 -0.5761454919226529
0.5660000000000001 -0.6242210985345478
0.5670000000000001 -0.5764392635366704
0.5680000000000001 -0.5273405752584439
0.5690000000000001 -0.5583080239227928
0.5700000000000001 -0.5111740282788465
0.5710000000000001 -0.4235328778753475
0.5720000000000001 -0.3825773373229043
0.5730000000000001 -0.43179779707100385
0.5740000000000001 -0.46993477522983873
0.5750000000000001 -0.46316193316235843
0.5760000000000001 -0.443921144774572
0.577 -0.4390256050527692
0.578 -0.4447312076891838
0.579 -0.3686124383543524
0.58 -0.43487403851198003
0.581 -0.30206419056676703
0.582 -0.2797699202454293
0.583 -0.1559419257730597
0.584 -0.09435575000702066
0.585 -0.24093768903103646
0.586 -0.26333098071800837
0.587 -0.33671239485753857
0.588 -0.15824865415832487
0.589 -0.19587372811035575
0.59 -0.1384450682170255
0.591 -0.03306195699259122
0.592 -0.025109298866623747
0.593 0.0010184408791349166
0.594 -0.014924020177156914
0.595 -0.0596025451578039
0.596 -0.09198053500025952
0.597 0.03911454271668477
0.598 0.020630373003939106
0.599 0.11205839887150457
0.6 0.13910298278150787
0.601 0.16707843541830542
0.602 0.059430549620180226
0.603 0.12083566424622276
0.604 0.22266211293145094
0.605 0.2953911776340368
0.606 0.29026036302492625
0.607 0.30924903646856977
0.608 0.29265589364774036
0.609 0.3768575128615823
0.61 0.34029417183500266
0.611 0.4066178691250231
0.612 0.41751074917566305
0.613 0.39041695187070263
0.614 0.45166306913953
0.615 0.5373397794333673
0.616 0.41809367229688493
0.617 0.47200061086724177
0.618 0.5601434663359086
0.619 0.46573094375939345
0.62 0.2871793794178883
0.621 0.45243547009482643
0.622 0.37040102698535293
0.623 0.3753460862935948
0.624 0.3856513860825376
0.625 0.3089687273543114
0.626 0.2995939009648971
0.627 0.40823309706515254
0.628 0.3574544390665574
0.629 0.40752696737598415
0.63 0.5016901397794449
0.631 0.49890920245875514
0.632 0.5138127944293146
0.633 0.40697947946478824
0.634 0.3118661102819472
0.635 0.23899345721594
0.636 0.22855867286565693
0.637 0.157628482228392
0.638 0.06306019792634258
0.639 0.13419300665999456
0.64 0.09383161358256988
0.641 0.22670145289576055
0.642 0.18183764932792895
0.643 0.12903917372167614
0.644 0.1987091919237648
0.645 0.09656787914677496
0.646 0.030635665128923253
0.647 -0.15844897553032056
0.648 -0.18555667841010243
0.649 -0.13126821919478257
0.65 -0.10808786015069924
0.651 -0.059920371330371966
0.652 -0.07647154987930155
0.653 -0.046060911752607084
0.654 -0.011044669690959331
0.655 -0.010236916971362376
0.656 0.028948981050960138
0.657 0.07605523233505208
0.658 0.08693950690800958
0.659 0.05507038100082888
0.66 0.19778641549753379
0.661 0.16868242964561672
0.662 0.2522859184747145
0.663 0.26077178701309667
0.664 0.2415659945052455
0.665 0.18175830570516557
0.666 0.13706136485977094
0.667 0.1446898260115497
0.668 0.19572077470805227
0.669 0.18924895575283784
0.67 0.1445758665045969
0.671 0.11431735385538522
0.672 0.12996756854556465
0.673 0.09517193337581165
0.674 0.07432740428176796
0.675 0.14001192659633652
0.676 0.19480945213667672
0.677 0.17666358453687636
0.678 0.1618340773943877
0.679 0.16135477118811625
0.68 0.18835070125348588
0.681 0.23087840803656895
0.682 0.22943252247711543
0.683 0.2027889824087257
0.684 0.09280028654722985
0.685 0.12108941506709116
0.686 0.1675011040439749
0.687 0.21829583314089077
0.6880000000000001 0.1888911314295416
0.6890000000000001 0.17656788078242475
0.6900000000000001 0.17897288696093788
0.6910000000000001 0.28219848544247794
0.6920000000000001 0.24164714148545155
0.6930000000000001 0.2858874382378672
0.6940000000000001 0.30952777318781277
0.6950000000000001 0.286224649481864
0.6960000000000001 0.22070900950535693
0.6970000000000001 0.15455990007967024
0.6980000000000001 0.13424317260015323
0.6990000000000001 0.1268252356641724
0.7000000000000001 0.1488263310802482
0.7010000000000001 0.18947740856421377
0.7020000000000001 0.24464356275518623
0.7030000000000001 0.1516579092488909
0.704 0.1346710571848458
0.705 0.11974472107090978
0.706 0.03134153583452884
0.707 0.034518898992793735
0.708 -0.016388101373485273
0.709 -0.03933711581625653
0.71 -0.06044824905804955
0.711 -0.009229322104269598
0.712 -0.060832205577308306
0.713 -0.02198252645203675
0.714 -0.13873240475483928
0.715 -0.13098796215463798
0.716 -0.17681130916723753
0.717 -0.23385553142670656
0.718 -0.18595323882851506
0.719 -0.18520500808235255
0.72 -0.25317314095967935
0.721 -0.22571214583550742
0.722 -0.1784358971335058
0.723 -0.22018214929416396
0.724 -0.24625609585509314
0.725 -0.2116323622402724
0.726 -0.16080872315439942
0.727 -0.06481859916410213
0.728 -0.04352157126232281
0.729 -0.03059291359985527
0.73 -0.11748355668115221
0.731 -0.09685793751379851
0.732 -0.06619389569714441
0.733 -0.04175364279905429
0.734 -0.023650563970347736
0.735 -0.0544623977615619
0.736 0.031664636836499886
0.737 -0.012568023041904436
0.738 -0.01012296697838669
0.739 -0.05574905500956801
0.74 -0.045556241350101535
0.741 -0.10163297403569252
0.742 -0.12543819023534555
0.743 -0.08179387871476188
0.744 -0.04690307561247302
0.745 -0.039770301747465056
0.746 -0.060504568917060346
0.747 -0.10933455853871854
0.748 -0.1650598175703926
0.749 -0.1525455768233413
0.75 -0.21311557404421116
0.751 -0.1981313331792262
0.752 -0.27429136443093477
0.753 -0.26629454457838
0.754 -0.3038856010901959
0.755 -0.27534681793940585
0.756 -0.271469752858413
0.757 -0.3412995225847139
0.758 -0.352133095785163
0.759 -0.3982851691987452
0.76 -0.38513029456580616
0.761 -0.3497141497582328
0.762 -0.307771098926414
0.763 -0.25115568066967464
0.764 -0.2756197279125615
0.765 -0.18353589159995407
0.766 -0.08620176300677704
0.767 -0.07808435639780999
0.768 -0.11813695275380576
0.769 -0.2109838079407397
0.77 -0.20533833227234238
0.771 -0.26169145969537905
0.772 -0.3698055444312772
0.773 -0.38224874569469913
0.774 -0.3972265359417558
0.775 -0.22048522352237093
0.776 -0.2596343082598089
0.777 -0.18669577284270972
0.778 -0.2729151299167939
0.779 -0.09292440694213888
0.78 -0.08349199318434478
0.781 -0.0063524276802614105
0.782 -0.06153044716804461
0.783 -0.07216029658751191
0.784 -0.00512487627525092
0.785 -0.05269269919799395
0.786 -0.05977463143604638
0.787 -0.11741393017943134
0.788 -0.10276007532071649
0.789 -0.11810068177902014
0.79 0.012866855034360108
0.791 -0.04829413360522725
0.792 -0.04569286542609528
0.793 -0.05804054752782181
0.794 -0.1586565333627896
0.795 -0.11028159759325487
0.796 -0.08315426131230828
0.797 -0.12338609739559214
0.798 -0.09226148798209369
0.799 -0.02551916286351011
0.8 0.06970666706006833
0.801 0.1251571576874436
0.802 0.12081317434508439
0.803 -0.02360197044367497
0.804 0.08578509678557578
0.805 0.032948336287666434
0.806 0.022312389307154165
0.807 0.08015130698452452
0.808 0.076133327147361
0.809 0.09265690309460606
0.81 0.22747272485334682
0.811 0.2142827545893924
0.812 0.17389996313026976
0.8130000000000001 0.08875147503461683
0.8140000000000001 0.045577447031091935
0.8150000000000001 0.03608448231854272
0.8160000000000001 -0.02024705235351873
0.8170000000000001 0.11989430621915714
0.8180000000000001 0.19740692169123092
0.8190000000000001 0.2213818123741659
0.8200000000000001 0.23845295923756396
0.8210000000000001 0.15086291636037372
0.8220000000000001 0.2467877244896409
0.8230000000000001 0.22580916777954213
0.8240000000000001 0.05626843873794812
0.8250000000000001 0.10870959600524047
0.8260000000000001 0.03517981020620156
0.8270000000000001 0.01524871819989164
0.8280000000000001 0.039097115638164676
0.8290000000000001 0.00494057385769444
0.8300000000000001 0.028324201993489312
0.8310000000000001 0.09209817376574905
0.8320000000000001 0.00534628547719522
0.833 -0.07562564511551223
0.834 -0.024323927974929063
0.835 -0.0047585264711573205
0.836 -0.1110193202958724
0.837 -0.10292832563060236
0.838 -0.021346615831860843
0.839 -0.10670131660529619
0.84 -0.1316625713110708
0.841 -0.10130642841596249
0.842 -0.12783104197616033
0.843 -0.10562304257413162
0.844 -0.019370230226002733
0.845 -0.06331085251633217
0.846 -0.05149669271515946
0.847 -0.0026574888621101744
0.848 -0.07451533064422164
0.849 0.06541995967356248
0.85 0.036205063037333056
0.851 0.06413127331900967
0.852 0.03822266123584904
0.853 0.06415085215252911
0.854 -0.02484302861880451
0.855 0.01677935921723321
0.856 0.08415246668114401
0.857 -0.013998705265746009
0.858 0.037200033067538385
0.859 0.06074791591617382
0.86 0.02176011168357276
0.861 -0.019828828420753807
0.862 -0.016443312092180765
0.863 -0.0062886355513804264
0.864 -0.03273534139258047
0.865 0.11481969613606657
0.866 -0.05783816487513291
0.867 -0.003988773538791367
0.868 0.03682683489358928
0.869 0.07471515445305393
0.87 0.13627669359380196
0.871 0.13098828336714644
0.872 0.1436884856584079
0.873 0.11672726568405598
0.874 0.16892684762566496
0.875 0.15142148993490664
0.876 0.19341443499221964
0.877 0.12353652411241033
0.878 0.15157396984653038
0.879 0.017908262189192697
0.88 0.0798893798895415
0.881 0.04613499872648557
0.882 0.05112660273913477
0.883 0.04867088329393019
0.884 0.0743377638003018
0.885 -0.005663451405285416
0.886 0.051440610894991454
0.887 -0.021740485696636946
0.888 0.06973562418550701
0.889 0.07637537451102182
0.89 0.17098205400230423
0.891 0.2112166501818004
0.892 0.17422758410427505
0.893 0.1946978608398284
0.894 0.2481169008585385
0.895 0.15940897712277685
0.896 0.19952264477451323
0.897 0.25608769837831025
0.898 0.27474656898856703
0.899 0.2675563898082977
0.9 0.2397465125286186
0.901 0.21251954867996126
0.902 0.13423172491053734
0.903 0.1829764662014287
0.904 0.1742391894412431
0.905 0.23743409262279286
0.906 0.25859559228525003
0.907 0.3867744249312991
0.908 0.4351573158321382
0.909 0.40895042492704325
0.91 0.5874352452966908
0.911 0.6253062712301491
0.912 0.6920074528334825
0.913 0.7023742586736428
0.914 0.6661774823862397
0.915 0.7318851802116526
0.916 0.6469158041729212
0.917 0.628868352673789
0.918 0.5428647776013766
0.919 0.5503608145110713
0.92 0.5821609876791969
0.921 0.6166940921822361
0.922 0.5133937867774487
0.923 0.5679522585980725
0.924 0.5705854525035802
0.925 0.5153594595103322
0.926 0.495277177739386
0.927 0.5748424997761958
0.928 0.6399861205521854
0.929 0.7248773549177433
0.93 0.7170322557775514
0.931 0.5991869884958834
0.932 0.6124860912250562
0.933 0.7181300720516047
0.934 0.7830604829395759
0.935 0.7469511788294891
0.936 0.7388331056074762
0.937 0.7010199805924097
0.9380000000000001 0.6193697523203191
0.9390000000000001 0.6388484053050963
0.9400000000000001 0.6411033091501267
0.9410000000000001 0.5400824039474451
0.9420000000000001 0.5130303165193577
0.9430000000000001 0.49247183505838565
0.9440000000000001 0.4671410983212696
0.9450000000000001 0.5016137999316221
0.9460000000000001 0.5238193020828473
0.9470000000000001 0.555217712960156
0.9480000000000001 0.5895816273559905
0.9490000000000001 0.5045375691839938
0.9500000000000001 0.5706519766348925
0.9510000000000001 0.5302824377462263
0.9520000000000001 0.483532885021257
0.9530000000000001 0.5134499310028718
0.9540000000000001 0.5710687424523501
0.9550000000000001 0.5753621329264522
0.9560000000000001 0.5205043868244044
0.9570000000000001 0.47933326122085085
0.9580000000000001 0.3616888419877406
0.9590000000000001 0.47963893392118195
0.96 0.5244041815858861
0.961 0.4339465558914502
0.962 0.43462057746408306
0.963 0.42271922919756016
0.964 0.38383568600321416
0.965 0.40390160896004307
0.966 0.36660528637838163
0.967 0.35148088285048273
0.968 0.39985968226002605
0.969 0.32929932217717967
0.97 0.3576061311996859
0.971 0.3289722970647868
0.972 0.3222137843410298
0.973 0.2851679785499536
0.974 0.31711203770730173
0.975 0.2683008603371845
0.976 0.14260654249924962
0.977 0.045569979161312654
0.978 -0.026601347024462
0.979 -0.09617951021741107
0.98 -0.14719806843104585
0.981 -0.21090590626084735
0.982 -0.1735571175551999
0.983 -0.2013745967960352
0.984 -0.24534745843520273
0.985 -0.22714625683085515
0.986 -0.2020247736088755
0.987 -0.12700424986018538
0.988 -0.24238255418752658
0.989 -0.18829075831810768
0.99 -0.18542829821656864
0.991 -0.28834996555228415
0.992 -0.28864472278401965
0.993 -0.38070505266915367
0.994 -0.39943645042122183
0.995 -0.5266124898804925
0.996 -0.5578646193534589
0.997 -0.542376254241018
0.998 -0.5535066916488531
0.999 -0.5969558109678984
1.0 -0.5538530821858828
1.0010000000000001 -0.8563302461488504
1.002 -1.0644506027794658
1.0030000000000001 -1.207398897024749
1.004 -1.487746330193155
1.0050000000000001 -1.6152310447084184
1.006 -1.853790833359771
1.0070000000000001 -2.0215782283612334
1.008 -2.151421628984421
1.0090000000000001 -2.282827863464298
1.01 -2.3616741251102455
1.0110000000000001 -2.5013316777306964
1.012 -2.6837138353865018
1.0130000000000001 -2.8420366336905256
1.014 -2.931963582817708
1.0150000000000001 -3.0641176467785955
1.016 -3.265483577842803
1.0170000000000001 -3.3838623378129693
1.018 -3.431737081597504
1.0190000000000001 -3.5513739253160064
1.02 -3.596218696510954
1.0210000000000001 -3.693337263502484
1.022 -3.7120950195494826
1.0230000000000001 -3.8459384770524894
1.024 -3.89892980664395
1.025 -3.9072661585360238
1.026 -4.031243569259069
1.027 -3.988407749647229
1.028 -3.950515374726764
1.029 -3.9960745996227707
1.03 -3.9061807823145758
1.031 -3.8312197511006314
1.032 -3.8544315072690876
1.033 -3.7787742200233767
1.034 -3.665000857080307
1.035 -3.7122020795956705
1.036 -3.66558648071804
1.037 -3.529946604248394
1.038 -3.5285957149157685
1.039 -3.452004845497961
1.04 -3.3093475626731235
1.041 -3.261759561865077
1.042 -3.194632596418284
1.043 -3.0396506215791588
1.044 -2.9784372724197787
1.045 -2.8287150991165615
1.046 -2.7365353045772802
1.047 -2.7772348955873416
1.048 -2.676845288069287
1.049 -2.5148061339276144
1.05 -2.4536808377839985
1.051 -2.5727293711829775
1.052 -2.418346203003926
1.053 -2.303467751237389
1.054 -2.1941298612537707
1.055 -2.15199121876787
1.056 -2.021902104594151
1.057 -1.9110378647588355
1.058 -1.7999471495794739
1.059 -1.5751018522990914
1.06 -1.3958427555808557
1.061 -1.2448717902088902
1.062 -1.1773106926933496
1.063 -1.0350979285436694
1.064 -0.9522716279420267
1.065 -0.8394404471248859
1.066 -0.7988423408888743
1.067 -0.7245170402984584
1.068 -0.5673617219487673
1.069 -0.5686257289895977
1.07 -0.4030771981165935
1.071 -0.44281255733269975
1.072 -0.3429820066409267
1.073 -0.27186617563193693
1.074 -0.07413325212918598
1.075 -0.025188313922245076
1.076 0.14272289443213482
1.077 0.2938221317304992
1.078 0.44763816159233305
1.079 0.6015157526193717
1.08 0.8293109706905584
1.081 0.9665477132919278
1.082 1.018653977842428
1.083 1.1018002637927702
1.084 1.267115324630613
1.085 1.377809184820556
1.086 1.408507910208592
1.087 1.5052216043295432
1.088 1.5587198919815954
1.089 1.7133126459944563
1.09 1.7580105105670756
1.091 1.8491460090422125
1.092 1.8909083700664762
1.093 1.9193295861116977
1.094 1.969555563858173
1.095 1.975393514264171
1.096 2.1178114478443995
1.097 2.1954581263755415
1.098 2.2128574226019557
1.099 2.3372580962402987
1.1 2.331975701205403
1.101 2.3730558880004455
1.102 2.364428772184508
1.103 2.3616274094830105
1.104 2.3902453418121565
1.105 2.410638900158111
1.106 2.2826749717652186
1.107 2.3388865318908403
1.108 2.3082680783296894
1.109 2.2967024520532586
1.11 2.317881979096385
1.111 2.303931823202873
1.112 2.4105032859407194
1.113 2.4133431349929255
1.114 2.4333415772280915
1.115 2.3616473092045864
1.116 2.3750607967687998
1.117 2.2928280949299573
1.118 2.2376549707895315
1.119 2.116790055766655
1.12 2.0727037681140463
1.121 2.0756976259434987
1.122 1.9758689850327795
1.123 1.8959973939878825
1.124 1.8286908018514185
1.125 1.8013661167933375
1.1260000000000001 1.6903572374326772
1.127 1.4863931496554825
1.1280000000000001 1.329024995890946
1.129 1.1989010489974168
1.1300000000000001 1.0930101950245237
1.131 1.0512484656516625
1.1320000000000001 0.8693242868257349
1.133 0.7746001207397198
1.1340000000000001 0.642288479447505
1.135 0.4875627658689532
1.1360000000000001 0.401091621249239
1.137 0.3647526421731816
1.1380000000000001 0.2940641089747058
1.139 0.16951394775371265
1.1400000000000001 0.09162487524036911
1.141 0.04270221828898779
1.1420000000000001 -0.07516218101546845
1.143 -0.12326863840570335
1.1440000000000001 -0.17621682725764398
1.145 -0.16226737480784265
1.1460000000000001 -0.36423730135318366
1.147 -0.5825196724543745
1.1480000000000001 -0.6890133120333545
1.149 -0.8069828437393217
1.1500000000000001 -0.9223190839779238
1.151 -1.1075838252880033
1.1520000000000001 -1.2916955483393264
1.153 -1.3486259529288087
1.154 -1.4029738820574602
1.155 -1.3807254076123159
1.156 -1.523059565539087
1.157 -1.5275850146386292
1.158 -1.6310762304605804
1.159 -1.7389881976551296
1.16 -1.9060798816229765
1.161 -2.0101847443780847
1.162 -2.0624476350754444
1.163 -2.2342505997922224
1.164 -2.2658430249689374
1.165 -2.388474225062859
1.166 -2.4231358808077736
1.167 -2.55275160033549
1.168 -2.729790977592355
1.169 -2.9247924714414846
1.17 -3.052442696464389
1.171 -3.0881410421736066
1.172 -3.0646569302318016
1.173 -3.2046909679483084
1.174 -3.2679148684918387
1.175 -3.353225807058828
1.176 -3.3905496995414794
1.177 -3.49623111620719
1.178 -3.5291875274737703
1.179 -3.5098787649833483
1.18 -3.464929179448618
1.181 -3.434296430443133
1.182 -3.494873106102271
1.183 -3.57932885906776
1.184 -3.622422952757968
1.185 -3.8009235268134116
1.186 -3.8754746536313194
1.187 -3.803211034150343
1.188 -3.697833094468939
1.189 -3.8597402267774132
1.19 -3.8397735309898264
1.191 -3.7583372643492297
1.192 -3.8614945303774544
1.193 -3.83752160896245
1.194 -3.769828320748
1.195 -3.702881630176993
1.196 -3.7746670728344247
1.197 -3.7732188345503626
1.198 -3.7115731778457075
1.199 -3.636724437000238
1.2 -3.5930392630794494
1.201 -3.5325342308347425
1.202 -3.464806296134629
1.203 -3.428985032320199
1.204 -3.340625950430719
1.205 -3.320285850957738
1.206 -3.27872396367954
1.207 -3.2895311287602977
1.208 -3.221618914034646
1.209 -3.250869351217621
1.21 -3.1963507815143384
1.211 -3.238097158760785
1.212 -3.235933237301393
1.213 -3.120047721541262
1.214 -3.110737377397837
1.215 -3.05861320817037
1.216 -2.9253643911644236
1.217 -2.8933515724201446
1.218 -2.8933717710244635
1.219 -2.926262984840042
1.22 -2.9035071168810087
1.221 -2.738232828532124
1.222 -2.7827959239481954
1.223 -2.816605921657402
1.224 -2.6244368076980296
1.225 -2.6331597140901755
1.226 -2.512009772193014
1.227 -2.440587421665496
1.228 -2.3373575354428078
1.229 -2.3347448244694085
1.23 -2.417694937401335
1.231 -2.3652752584942
1.232 -2.3665671912778685
1.233 -2.272731462181088
1.234 -2.2140817648183084
1.235 -2.141809898835759
1.236 -2.1047603911635764
1.237 -2.0547357656632803
1.238 -1.9124097061161525
1.239 -1.8279562038713686
1.24 -1.887950112066017
1.241 -1.8455458499712925
1.242 -1.7535086261107842
1.243 -1.7461919904305878
1.244 -1.769653261455408
1.245 -1.6549698734868123
1.246 -1.5704922964866566
1.247 -1.4930953928607615
1.248 -1.331434524342674
1.249 -1.2855758433723592
1.25 -1.1904878968071142
1.2510000000000001 -1.0962134567406856
1.252 -0.9851299533379672
1.2530000000000001 -0.9359850804863956
1.254 -0.8483884110522897
1.2550000000000001 -0.8742301732866025
1.256 -0.9833111438529964
1.2570000000000001 -0.9543886702674688
1.258 -0.8224212957365064
1.2590000000000001 -0.9517036581567291
1.26 -0.9324133770393631
1.2610000000000001 -1.002020943245293
1.262 -1.0192960170330345
1.2630000000000001 -0.9778481210684954
1.264 -1.0018054307290827
1.2650000000000001 -1.0062792134495444
1.266 -1.0004760529858945
1.2670000000000001 -1.0154156363509395
1.268 -0.9798815742875739
1.2690000000000001 -0.9058799341870087
1.27 -0.7680865383118204
1.2710000000000001 -0.7016163743645338
1.272 -0.7541293647666554
1.2730000000000001 -0.8613389217242496
1.274 -0.7866498705044096
1.2750000000000001 -0.792814546600316
1.276 -0.7800315887777923
1.2770000000000001 -0.70457516083939
1.278 -0.6048260978308307
1.2790000000000001 -0.5886362212622042
1.28 -0.676604268934182
1.281 -0.656189237701929
1.282 -0.6360488710881607
1.283 -0.5109183748410173
1.284 -0.4950094507353089
1.285 -0.5437358864522213
1.286 -0.44437323087775843
1.287 -0.3116712912035217
1.288 -0.3494235158128501
1.289 -0.35619324722282364
1.29 -0.30131158768834043
1.291 -0.4007323999650857
1.292 -0.39387818784141043
1.293 -0.4322691468169712
1.294 -0.4386972449488816
1.295 -0.4328896938889979
1.296 -0.40508045782173263
1.297 -0.5088465491300096
1.298 -0.4967998424454032
1.299 -0.48925746727411745
1.3 -0.4124246295372497
1.301 -0.4054572402767761
1.302 -0.4166022318837048
1.303 -0.5006019715764646
1.304 -0.37986192729261914
1.305 -0.3967910126335546
1.306 -0.4773704562970107
1.307 -0.5898720960158796
1.308 -0.6281888120890295
1.309 -0.7084797617886496
1.31 -0.7858662633148394
1.311 -0.8119761592737609
1.312 -0.7793536455048933
1.313 -0.8105878412618328
1.314 -0.8989138985026198
1.315 -0.9592133241412946
1.316 -1.1147472385638204
1.317 -1.2228720272456113
1.318 -1.2424308751168622
1.319 -1.2574642852195157
1.32 -1.2998028065170624
1.321 -1.3665777554426883
1.322 -1.3158563709300544
1.323 -1.3891630220068336
1.324 -1.4465932397841375
1.325 -1.5177349152426416
1.326 -1.5383130801390046
1.327 -1.5725298669722507
1.328 -1.5455829347198804
1.329 -1.4976781983172383
1.33 -1.4320489762376276
1.331 -1.401346263037539
1.332 -1.3647552029992058
1.333 -1.372528446110871
1.334 -1.475276324677015
1.335 -1.4874322120062775
1.336 -1.5449327075188841
1.337 -1.371799663361175
1.338 -1.4081262961229677
1.339 -1.4884819945898329
1.34 -1.5151054940238344
1.341 -1.5281251434350125
1.342 -1.4852821366948659
1.343 -1.5201280066663303
1.344 -1.5327694075379523
1.345 -1.5080959161162757
1.346 -1.5518675342252886
1.347 -1.5829042817837062
1.348 -1.6231004183983613
1.349 -1.6826025162368228
1.35 -1.5769061645045395
1.351 -1.61526298326862
1.352 -1.6113087710062197
1.353 -1.7206717511474863
1.354 -1.8625601933296698
1.355 -1.896128034415999
1.356 -1.859972526000424
1.357 -1.9599396880704973
1.358 -2.1044334982319137
1.359 -2.229699769327924
1.36 -2.227399018098409
1.361 -2.276462207699277
1.362 -2.3256180586795745
1.363 -2.4530448334221138
1.364 -2.427902322952522
1.365 -2.4477022848957546
1.366 -2.371197443549095
1.367 -2.3793716817643142
1.368 -2.488832116515508
1.369 -2.5138714552281796
1.37 -2.6237827594107554
1.371 -2.496594871788209
1.372 -2.5796151989441194
1.373 -2.5839770541587126
1.374 -2.5741647207993883
1.375 -2.578966419201058
1.3760000000000001 -2.482768141490192
1.377 -2.512654272173667
1.3780000000000001 -2.520331151933651
1.379 -2.6230279936888543
1.3800000000000001 -2.555542182997386
1.381 -2.658393199552957
1.3820000000000001 -2.5411737614162693
1.383 -2.5532036304371415
1.3840000000000001 -2.6246660343683526
1.385 -2.759019453010664
1.3860000000000001 -2.8143686572190796
1.387 -2.8222482924115306
1.3880000000000001 -2.7937279398828783
1.389 -2.7567894233273114
1.3900000000000001 -2.768394085040304
1.391 -2.6850787294649763
1.3920000000000001 -2.797858600195833
1.393 -2.802869728179754
1.3940000000000001 -2.793970011150372
1.395 -2.8005207822201648
1.3960000000000001 -2.8205029726413544
1.397 -2.860075004497949
1.3980000000000001 -2.891057525263065
1.399 -2.9263313104998065
1.4000000000000001 -2.931730318521571
1.401 -2.9181966821999517
1.4020000000000001 -3.0220496710441926
1.403 -3.0774431966986393
1.4040000000000001 -3.0738867734838573
1.405 -3.0576022674986016
1.4060000000000001 -3.046887806662093
1.407 -3.0834143255831767
1.408 -3.2401396219000063
1.409 -3.3622134147298066
1.41 -3.3073675455014255
1.411 -3.3942622858167666
1.412 -3.4231758741052314
1.413 -3.5849399346686517
1.414 -3.636891079030352
1.415 -3.552198853502957
1.416 -3.6034359637211093
1.417 -3.6561105079212592
1.418 -3.7268001112854314
1.419 -3.736045322246133
1.42 -3.6409041673732507
1.421 -3.677480738404626
1.422 -3.640323389457982
1.423 -3.7362541795464717
1.424 -3.763447427403603
1.425 -3.747474129111289
1.426 -3.86522657096729
1.427 -3.9028782198538554
1.428 -4.006147688248169
1.429 -4.028386098350146
1.43 -4.083389650785135
1.431 -4.134555668942387
1.432 -4.231280777817679
1.433 -4.2242495303607495
1.434 -4.092960321387867
1.435 -4.050393121382442
1.436 -4.061440152231455
1.437 -3.937404795611573
1.438 -3.9275195197524306
1.439 -4.004987509684238
1.44 -3.994844764833688
1.441 -4.058769859911227
1.442 -4.0704501029135525
1.443 -4.085242912266172
1.444 -4.148325293406773
1.445 -4.130193822580543
1.446 -4.183824181836381
1.447 -4.225494463889719
1.448 -4.380749083773243
1.449 -4.485207530836281
1.45 -4.523241818201897
1.451 -4.699304578369615
1.452 -4.694024986266585
1.453 -4.6773131763907925
1.454 -4.691013625844893
1.455 -4.694797565764972
1.456 -4.723121128286084
1.457 -4.679445729119245
1.458 -4.707187259497678
1.459 -4.794562519200089
1.46 -4.859710722230689
1.461 -4.860760153206815
1.462 -4.911994836092364
1.463 -4.9168812687633014
1.464 -4.9349593037846535
1.465 -4.889681392548959
1.466 -4.858242142026491
1.467 -4.884690372671044
1.468 -5.040744714375893
1.469 -5.0237735840864985
1.47 -5.016313561379905
1.471 -5.013681102832652
1.472 -5.024215065029419
1.473 -5.146897365471587
1.474 -5.175221977442389
1.475 -5.14986806563074
1.476 -5.226443243312393
1.477 -5.153045798586375
1.478 -5.07307224632398
1.479 -5.126250685210899
1.48 -5.202601745542682
1.481 -5.242237221365834
1.482 -5.2059618371881875
1.483 -5.1618204486023185
1.484 -5.169143322000564
1.485 -5.221862208597524
1.486 -5.265226258688434
1.487 -5.373058427387005
1.488 -5.492817873853429
1.489 -5.567209461699447
1.49 -5.656354963342461
1.491 -5.690951947891252
1.492 -5.619486331597517
1.493 -5.755682430015531
1.494 -5.73209430955622
1.495 -5.895607588984339
1.496 -5.986637206392475
1.497 -6.038790095083657
1.498 -6.08244499002259
1.499 -6.071440430782049
1.5 -6.094451213104911
1.5010000000000001 -6.188195675785893
1.502 -6.180344810327517
1.5030000000000001 -6.136416592941672
1.504 -6.151529067124278
1.5050000000000001 -6.084564901975809
1.506 -6.082057270892884
1.5070000000000001 -6.155864103138381
1.508 -6.0705881461004605
1.5090000000000001 -5.980068526610617
1.51 -5.921468187206658
1.5110000000000001 -5.958065426267521
1.512 -6.045547144846759
1.5130000000000001 -6.052354585086927
1.514 -5.945143134583609
1.5150000000000001 -5.9411301031455785
1.516 -6.022822546648901
1.5170000000000001 -6.040645519409666
1.518 -6.088663752893935
1.5190000000000001 -6.030758320449037
1.52 -5.944942501200266
1.5210000000000001 -5.881052274758985
1.522 -5.9774287639292485
1.5230000000000001 -5.978560792264681
1.524 -6.036243852983207
1.5250000000000001 -6.0387309025173534
1.526 -6.081713739877662
1.5270000000000001 -6.133750658774412
1.528 -6.176361593790869
1.5290000000000001 -6.224281545791336
1.53 -6.2534992336060355
1.5310000000000001 -6.280434228112381
1.532 -6.322704130030569
1.5330000000000001 -6.3608215417262235
1.534 -6.425805054947221
1.5350000000000001 -6.395091727888222
1.536 -6.375043893485964
1.537 -6.40477477695969
1.538 -6.407430275828172
1.539 -6.404969244810097
1.54 -6.538810581751578
1.541 -6.60037447320742
1.542 -6.569815676112736
1.543 -6.613135107968249
1.544 -6.452325858447112
1.545 -6.381749631079715
1.546 -6.408545852899477
1.547 -6.377828132467141
1.548 -6.431340386152099
1.549 -6.502214324767332
1.55 -6.573969521449047
1.551 -6.47902835664223
1.552 -6.509161638893123
1.553 -6.66309927254588
1.554 -6.683348944436273
1.555 -6.67958623144629
1.556 -6.655645565471427
1.557 -6.629736898741201
1.558 -6.582482445173383
1.559 -6.597105989205447
1.56 -6.644742833755875
1.561 -6.662115107716106
1.562 -6.658833587301141
1.563 -6.823498914501578
1.564 -6.703926526651728
1.565 -6.6947143993296345
1.566 -6.652600711092343
1.567 -6.600675069287287
1.568 -6.586809304985409
1.569 -6.557828787591376
1.57 -6.4556525387742365
1.571 -6.395472303674321
1.572 -6.412938346670275
1.573 -6.3066440361377305
1.574 -6.291325315473623
1.575 -6.178681295523674
1.576 -6.143430284939996
1.577 -6.113771461919551
1.578 -6.161045494498073
1.579 -6.263359399101559
1.58 -6.248634773251984
1.581 -6.202781396785131
1.582 -6.222519335144734
1.583 -6.196493476093043
1.584 -6.161013846415712
1.585 -6.0922334122709145
1.586 -6.029953113354647
1.587 -6.08151335450967
1.588 -6.218650732823015
1.589 -6.170919229006812
1.59 -6.059491900866988
1.591 -6.089096309773885
1.592 -6.2683317112947385
1.593 -6.167707319802186
1.594 -6.32989035501469
1.595 -6.349527917341176
1.596 -6.39461659610852
1.597 -6.33890155340756
1.598 -6.311667644575732
1.599 -6.243459016901403
1.6 -6.199710110315148
1.601 -6.159628780896994
1.602 -6.128126918955412
1.603 -6.0555657087056804
1.604 -6.055181936889716
1.605 -6.126578517325434
1.606 -6.114082918888213
1.607 -6.22729481369986
1.608 -6.2934450143893494
1.609 -6.2045737774948595
1.61 -6.18794355748094
1.611 -6.201117918589991
1.612 -6.171929155922007
1.613 -6.105299438948349
1.614 -6.23825474174186
1.615 -6.165032262237516
1.616 -6.24655055434016
1.617 -6.2245357746170304
1.618 -6.309491036668492
1.619 -6.292690290647057
1.62 -6.263539653330051
1.621 -6.378848750273887
1.622 -6.4644485206035025
1.623 -6.452582206351272
1.624 -6.345883686677038
1.625 -6.29155654640852
1.6260000000000001 -6.251060631224467
1.627 -6.202888583030849
1.6280000000000001 -6.094422150840607
1.629 -5.992590581540202
1.6300000000000001 -5.919196315801995
1.631 -5.901072762238069
1.6320000000000001 -5.928640234402776
1.633 -5.873693960072613
1.6340000000000001 -5.868938128081001
1.635 -5.798571628011065
1.6360000000000001 -5.75520452981784
1.637 -5.622717372212034
1.6380000000000001 -5.701606103967626
1.639 -5.768059924831235
1.6400000000000001 -5.757572694021076
1.641 -5.752073139911252
1.6420000000000001 -5.720612454031142
1.643 -5.7462534813772415
1.6440000000000001 -5.854745545453639
1.645 -5.817980981219317
1.6460000000000001 -5.765277378895475
1.647 -5.686666638015806
1.6480000000000001 -5.718738275639444
1.649 -5.629302025077895
1.6500000000000001 -5.618075116068812
1.651 -5.639181354823126
1.6520000000000001 -5.668644973555818
1.653 -5.682310101852911
1.6540000000000001 -5.667875352050792
1.655 -5.62238198612945
1.6560000000000001 -5.63951430422547
1.657 -5.557577689085649
1.6580000000000001 -5.416441604181506
1.659 -5.377854690781884
1.6600000000000001 -5.350828871694065
1.661 -5.331297828752366
1.6620000000000001 -5.350773821966161
1.663 -5.354430148907006
1.6640000000000001 -5.349997528633772
1.665 -5.282073478137709
1.666 -5.251199378206688
1.667 -5.218872602460317
1.668 -5.113080660272907
1.669 -5.206598743699946
1.67 -5.132510106877368
1.671 -5.075153960727856
1.672 -5.030697209898056
1.673 -4.969973649700995
1.674 -5.051019957654158
1.675 -5.02579677398899
1.676 -5.092478917290939
1.677 -4.995049783754431
1.678 -5.1133256715323245
1.679 -4.974164376656357
1.68 -4.947496059378124
1.681 -4.828152504317688
1.682 -4.753153614398191
1.683 -4.746384206465496
1.684 -4.80208969936956
1.685 -4.644082076422363
1.686 -4.542922761680835
1.687 -4.397390636244235
1.688 -4.377576259003544
1.689 -4.37761487420826
1.69 -4.455850036674706
1.691 -4.426505604659043
1.692 -4.339193813722328
1.693 -4.2997069604385665
1.694 -4.144653762764324
1.695 -4.002520228517458
1.696 -3.9653623099480773
1.697 -3.961056826516823
1.698 -3.9094850147657647
1.699 -3.8909918605800677
1.7 -3.791917125275789
1.701 -3.7849534587058815
1.702 -3.711504991696141
1.703 -3.633798369959359
1.704 -3.47775725839218
1.705 -3.494739358159792
1.706 -3.3526980691692385
1.707 -3.2564063970240205
1.708 -3.16004029668122
1.709 -3.1131270521476395
1.71 -3.0142940693054325
1.711 -2.9023957871514696
1.712 -2.788986442086452
1.713 -2.757904235500342
1.714 -2.6735956960837566
1.715 -2.458229287659726
1.716 -2.375448941144526
1.717 -2.250295687935459
1.718 -2.3492314970404684
1.719 -2.176743816105771
1.72 -2.1984267199930865
1.721 -2.2159917012009074
1.722 -2.1378061054622024
1.723 -2.048985145316245
1.724 -1.9024998256099623
1.725 -1.9711888533156519
1.726 -1.8475438321566457
1.727 -1.8296885123389728
1.728 -1.7938028199532827
1.729 -1.7337652989696362
1.73 -1.6394592681430058
1.731 -1.5440486806446416
1.732 -1.4308605135653
1.733 -1.298602786339093
1.734 -1.1289221033625396
1.735 -1.0264188437772264
1.736 -0.8996272219925816
1.737 -0.7904720460262429
1.738 -0.6241716925280356
1.739 -0.6152986266081537
1.74 -0.6376802800591339
1.741 -0.5507500671065455
1.742 -0.4316643182101566
1.743 -0.3151371173540083
1.744 -0.22780759609497908
1.745 -0.11431686176855188
1.746 0.000768470616687833
1.747 0.06396171015962548
1.748 0.15252545344844917
1.749 0.2475568318010766
1.75 0.3819174645229828
1.7510000000000001 0.3877672356535431
1.752 0.36720367383909447
1.7530000000000001 0.4099501751680364
1.754 0.5010593526276985
1.7550000000000001 0.49416891530195833
1.756 0.5032594226141122
1.7570000000000001 0.6225003746004749
1.758 0.6737371669274199
1.7590000000000001 0.7224606869247446
1.76 0.7001642107136795
1.7610000000000001 0.6467517891978106
1.762 0.6589302171520274
1.7630000000000001 0.6946728789811575
1.764 0.6978407836724633
1.7650000000000001 0.6352785212513393
1.766 0.6120836786436687
1.7670000000000001 0.636213689610622
1.768 0.6319097423506177
1.7690000000000001 0.6569459525186995
1.77 0.6067704496683138
1.7710000000000001 0.5439911751978275
1.772 0.6274448103603453
1.7730000000000001 0.6703686527574395
1.774 0.5578177844976389
1.7750000000000001 0.5032161110429024
1.776 0.4845559027199388
1.7770000000000001 0.38217912876333704
1.778 0.383444790407341
1.7790000000000001 0.2921804675318459
1.78 0.38475975716506294
1.7810000000000001 0.424101213451276
1.782 0.40675723876818587
1.7830000000000001 0.4275086688038764
1.784 0.5105287364400652
1.7850000000000001 0.46309081078424036
1.786 0.5352204723418662
1.7870000000000001 0.500884418692307
1.788 0.4626452921613524
1.7890000000000001 0.3992032188339105
1.79 0.3982725574226352
1.7910000000000001 0.5266966776438062
1.792 0.600036794945968
1.793 0.5936969781265866
1.794 0.5622458255815554
1.795 0.48775695742413183
1.796 0.49599526267228145
1.797 0.5931660863033208
1.798 0.6954330501082789
1.799 0.7596573972269214
1.8 0.7572633941654432
1.801 0.7115102923303342
1.802 0.6756586852044226
1.803 0.6347677542562882
1.804 0.581575764585394
1.805 0.549637695187513
1.806 0.5659603462453416
1.807 0.5450237964302523
1.808 0.5182584900759972
1.809 0.5398190185984791
1.81 0.5721760927705362
1.811 0.5599706191948992
1.812 0.4928845710569874
1.813 0.5116121495567627
1.814 0.48331191861628847
1.815 0.5188639618333653
1.816 0.5252302939671158
1.817 0.5591002933871954
1.818 0.5288499320265053
1.819 0.5006797873486868
1.82 0.5255253342785402
1.821 0.3846225319405523
1.822 0.20044703326241084
1.823 0.2259553375420498
1.824 0.25168413411073465
1.825 0.29105162298071097
1.826 0.361488326419082
1.827 0.27381822022618624
1.828 0.2647344372178263
1.829 0.17025929346104982
1.83 0.14917732635135567
1.831 0.23280864198045742
1.832 0.11749468540233296
1.833 0.18808841767058102
1.834 0.07302045995950238
1.835 0.19835257309229049
1.836 0.1922542271275961
1.837 0.1759768122282721
1.838 0.26060310745910936
1.839 0.3396701408035488
1.84 0.30438049202809214
1.841 0.26646268665181
1.842 0.2166822073525633
1.843 0.19052821504060663
1.844 0.15197054743520685
1.845 0.044744519620802434
1.846 0.02320807628212541
1.847 0.12273820109272729
1.848 0.16048500697699905
1.849 0.11981204182507903
1.85 0.19368572495146893
1.851 0.19721212427914106
1.852 0.09711849926204899
1.853 0.18062138665637378
1.854 0.08909521801654874
1.855 0.03989841627119434
1.856 0.04373946606247875
1.857 0.05929058703921593
1.858 0.005618981489889839
1.859 0.028679122500593776
1.86 0.08815462421554043
1.861 0.16780299845998944
1.862 0.16007202178215013
1.863 0.2498631899819898
1.864 0.2084129006606018
1.865 0.1431605541564807
1.866 0.13904137032616962
1.867 0.16577271316085532
1.868 0.013384644603382512
1.869 0.0907226307240057
1.87 0.10112793676253445
1.871 0.03895042715080431
1.872 0.15319623636393814
1.873 0.12474302620482536
1.874 0.10372312890061126
1.875 0.01289937262662988
1.8760000000000001 -0.008981268415948238
1.877 0.04454323254003076
1.8780000000000001 0.004157971593245623
1.879 0.07779544974022845
1.8800000000000001 -0.08566535761647326
1.881 -0.08529677218887935
1.8820000000000001 -0.12915560306578466
1.883 -0.17547882909593807
1.8840000000000001 -0.20045154276275318
1.885 -0.1833323906354333
1.8860000000000001 -0.19266277024370868
1.887 -0.2830942368866779
1.8880000000000001 -0.30442825117421796
1.889 -0.2944184534672654
1.8900000000000001 -0.32841390710219825
1.891 -0.30615080486641677
1.8920000000000001 -0.3350536319231641
1.893 -0.39409971596252474
1.8940000000000001 -0.39542057945990594
1.895 -0.32242472208886497
1.8960000000000001 -0.29995910948481674
1.897 -0.3357344483482164
1.8980000000000001 -0.31029854004492596
1.899 -0.41276769797270035
1.9000000000000001 -0.46179244133874664
1.901 -0.4331592530337418
1.9020000000000001 -0.352629435472549
1.903 -0.3654102242909431
1.9040000000000001 -0.3694147247093626
1.905 -0.3854251243093463
1.9060000000000001 -0.4953836399154591
1.907 -0.5816658304975099
1.9080000000000001 -0.6478304288041459
1.909 -0.5996302978076116
1.9100000000000001 -0.5506554129822596
1.911 -0.6847979040584187
1.9120000000000001 -0.6132110035866133
1.913 -0.6288252460379303
1.9140000000000001 -0.6247235596576668
1.915 -0.5872188780883848
1.9160000000000001 -0.6705335069502766
1.917 -0.6555328291903705
1.9180000000000001 -0.7126436130439464
1.919 -0.6793011045873103
1.92 -0.7482263681932703
1.921 -0.6495753136208369
1.922 -0.623161681024892
1.923 -0.5418246834294683
1.924 -0.5454156891692491
1.925 -0.4416188137429365
1.926 -0.4730340852660311
1.927 -0.4242324130983427
1.928 -0.4202516998802027
1.929 -0.5772601633636962
1.93 -0.6625571071161371
1.931 -0.6734598146085412
1.932 -0.6295847547955796
1.933 -0.683129880920541
1.934 -0.5783688844066022
1.935 -0.6613317781889139
1.936 -0.6034216797292419
1.937 -0.4125435071115923
1.938 -0.4250306628446876
1.939 -0.3729617508957074
1.94 -0.38661121151434225
1.941 -0.3621145122567474
1.942 -0.34305990701400957
1.943 -0.43224699958576845
1.944 -0.48406035093648153
1.945 -0.5285841158942547
1.946 -0.508555746923057
1.947 -0.5514245339350506
1.948 -0.48070238423244976
1.949 -0.5184205471222179
1.95 -0.5061139745483649
1.951 -0.47395899715271683
1.952 -0.47339812870204906
1.953 -0.4655731554666833
1.954 -0.43367954280274507
1.955 -0.3059880932559889
1.956 -0.3045884256935031
1.957 -0.37990248250475733
1.958 -0.3909857315446411
1.959 -0.40988596858114407
1.96 -0.3884950563163239
1.961 -0.3301312955813628
1.962 -0.32621823451142695
1.963 -0.359056805236651
1.964 -0.32032363063050284
1.965 -0.2657677111739574
1.966 -0.4151120531478112
1.967 -0.3270309633105186
1.968 -0.3607952650070154
1.969 -0.32491215132738915
1.97 -0.3113330433501343
1.971 -0.2925141416995452
1.972 -0.24972596286146911
1.973 -0.3226243042897304
1.974 -0.40301262747221844
1.975 -0.43572287077546606
1.976 -0.5632198494473551
1.977 -0.44204952980205825
1.978 -0.37798649021997827
1.979 -0.26304226508928025
1.98 -0.22392871003212367
1.981 -0.14027293519843065
1.982 -0.30586272889111865
1.983 -0.3690184377897542
1.984 -0.24035290675801438
1.985 -0.25677356745761276
1.986 -0.3092129078034709
1.987 -0.3418462921465344
1.988 -0.361103329754196
1.989 -0.4237355415622621
1.99 -0.46905963812557716
1.991 -0.48872170888809124
1.992 -0.4197546448938922
1.993 -0.37290136940551794
1.994 -0.37102298901404446
1.995 -0.33377103612421133
1.996 -0.36783520821592186
1.997 -0.4617210708402069
1.998 -0.48845848781083295
1.999 -0.40269519541904486
2.0 -0.41859068144446737
2.001 -0.34835225671300646
2.0020000000000002 -0.3856174339080126
2.003 -0.4386016557389253
2.004 -0.40128746308019786
2.005 -0.3621119846853795
2.0060000000000002 -0.4880299554540401
2.007 -0.46112639700890595
2.008 -0.47583749107374174
2.009 -0.45839201698932225
2.0100000000000002 -0.3861263735662318
2.011 -0.41530901270312576
2.012 -0.43091593009867074
2.013 -0.34157041507640545
2.0140000000000002 -0.4156306798086782
2.015 -0.47515927568398403
2.016 -0.6010654574093236
2.017 -0.4896254975679749
2.0180000000000002 -0.5057280216689752
2.019 -0.5582617458890975
2.02 -0.5125798675753214
2.021 -0.43684175953715754
2.0220000000000002 -0.46018869799861617
2.023 -0.4730241743626141
2.024 -0.5070836061175957
2.025 -0.4429311890557739
2.0260000000000002 -0.5290609405605388
2.027 -0.5306881827360503
2.028 -0.5815106512335356
2.029 -0.5313183627546607
2.0300000000000002 -0.4485491484106028
2.031 -0.36622692074616614
2.032 -0.3996867316884238
2.033 -0.34135852614827433
2.0340000000000003 -0.3314661236626734
2.035 -0.25393371728371356
2.036 -0.36734901850168145
2.037 -0.40418554409069984
2.0380000000000003 -0.44098816637901933
2.039 -0.45907913930252475
2.04 -0.4980017599049329
2.041 -0.6424932730063693
2.0420000000000003 -0.6498586013517755
2.043 -0.6555938027075672
2.044 -0.7620118313329765
2.045 -0.7786897968699307
2.0460000000000003 -0.7554627496565861
2.047 -0.7715546407262144
2.048 -0.8559067542485816
2.049 -0.8546086543031571
2.05 -0.8233455371149515
2.051 -0.7910686841101343
2.052 -0.7677436486629126
2.053 -0.7975134905154687
2.054 -0.9047935225843958
2.055 -0.8771298906990688
2.056 -0.7608901972674091
2.057 -0.8131142458143957
2.058 -0.90356914527894
2.059 -0.9262469208147467
2.06 -0.9132783564550536
2.061 -0.7862988998783678
2.062 -0.7354667112751638
2.063 -0.7264946681811592
2.064 -0.7380503768787929
2.065 -0.7875918178668464
2.066 -0.701654141580422
2.067 -0.5937201454395474
2.068 -0.5225763192383562
2.069 -0.5169300338125788
2.07 -0.5827104815150028
2.071 -0.6033110735761068
2.072 -0.5364405245344168
2.073 -0.5498467881352644
2.074 -0.5615311730522901
2.075 -0.5531567021263895
2.076 -0.5348379562405491
2.077 -0.4474338620311866
2.078 -0.5630184008859105
2.079 -0.597697530132515
2.08 -0.6003731646743725
2.081 -0.6028451916271531
2.082 -0.6352858139314439
2.083 -0.5859907780875552
2.084 -0.5092446505652068
2.085 -0.5262466585123742
2.086 -0.6556476851587241
2.087 -0.7790538705486179
2.088 -0.6991192249070012
2.089 -0.7549570830434389
2.09 -0.7077877577472702
2.091 -0.7177914623754597
2.092 -0.743793462680607
2.093 -0.8227106032323992
2.094 -0.8163675149597935
2.095 -0.7244946292788227
2.096 -0.6467606319831289
2.097 -0.6889972014806502
2.098 -0.6092663414140935
2.099 -0.5212837474799498
2.1 -0.5506667255865307
2.101 -0.6110596204362955
2.102 -0.6669300795604255
2.103 -0.67281794371939
2.104 -0.6516859685794918
2.105 -0.6521514445398724
2.106 -0.6635250513500109
2.107 -0.6410733151703845
2.108 -0.6163833065285808
2.109 -0.5866102491908051
2.11 -0.6339562589757854
2.111 -0.7101857054805565
2.112 -0.6214184795389568
2.113 -0.6922740940618467
2.114 -0.6524397175951768
2.115 -0.5863645345446982
2.116 -0.5840538975672204
2.117 -0.5433433739503603
2.118 -0.5369612018070505
2.119 -0.5043157646036098
2.12 -0.464270497363024
2.121 -0.5554199844172398
2.122 -0.6433352766609963
2.123 -0.6886448889911216
2.124 -0.7014197385327086
2.125 -0.5765508188223528
2.126 -0.6209121037570828
2.1270000000000002 -0.5945805878978736
2.128 -0.6089072754073068
2.129 -0.708481850660585
2.13 -0.6359034982924004
2.1310000000000002 -0.6055833831910548
2.132 -0.5786674563246323
2.133 -0.5906678405426414
2.134 -0.6243449246698282
2.1350000000000002 -0.6171163052005674
2.136 -0.6056254969146163
2.137 -0.5799276801101138
2.138 -0.5866633903025241
2.1390000000000002 -0.4887167393553303
2.14 -0.5035254989231628
2.141 -0.5212302368388264
2.142 -0.5579766651137158
2.1430000000000002 -0.5896612001917771
2.144 -0.49244963671181297
2.145 -0.4688916477140203
2.146 -0.5384625202838503
2.1470000000000002 -0.5352233139323228
2.148 -0.4689406098073955
2.149 -0.5609033908966753
2.15 -0.5234814141027434
2.1510000000000002 -0.5016696442747041
2.152 -0.5072592562643268
2.153 -0.4993700890830419
2.154 -0.5591354966166738
2.1550000000000002 -0.5814005119145212
2.156 -0.544164569599683
2.157 -0.5213928601466424
2.158 -0.5097186105595146
2.1590000000000003 -0.5165874521667358
2.16 -0.6531712545261241
2.161 -0.7214642066296371
2.162 -0.7191886348059714
2.1630000000000003 -0.7650694590221142
2.164 -0.712313767567199
2.165 -0.7176383614743134
2.166 -0.5604229574176036
2.1670000000000003 -0.601124622299832
2.168 -0.5900585617267575
2.169 -0.5591228163136798
2.17 -0.7147554644113857
2.1710000000000003 -0.7187569558104474
2.172 -0.7443985769185892
2.173 -0.6574552280315263
2.174 -0.6620011943439335
2.1750000000000003 -0.5830872954729784
2.176 -0.5707629262765258
2.177 -0.6707316897047585
2.178 -0.7619788273910779
2.179 -0.8079111680166045
2.18 -0.8556803309702148
2.181 -0.8863375675040741
2.182 -0.8192421964555484
2.183 -0.7626811465113772
2.184 -0.8317125905539484
2.185 -0.7488602709454005
2.186 -0.6283989632069789
2.187 -0.6114030521721264
2.188 -0.5628415232090179
2.189 -0.5039106453935475
2.19 -0.5294669813416598
2.191 -0.5087865900555734
2.192 -0.5047990270605138
2.193 -0.4613928224772076
2.194 -0.551727143210951
2.195 -0.4986166219982327
2.196 -0.4375678128965429
2.197 -0.4115626144031256
2.198 -0.4006068468802161
2.199 -0.4374768893897936
2.2 -0.33691890618351805
2.201 -0.33809716654356103
2.202 -0.3755030374354495
2.203 -0.3395139408569695
2.204 -0.30394858814878056
2.205 -0.3402506703177139
2.206 -0.44484166038872486
2.207 -0.4531305842174561
2.208 -0.43331441785713515
2.209 -0.4377680266240918
2.21 -0.3009896979289205
2.211 -0.29686994192866367
2.212 -0.39348920932368897
2.213 -0.41739964340708546
2.214 -0.4021304812627039
2.215 -0.5417962608610739
2.216 -0.5342883747006574
2.217 -0.4901191069340702
2.218 -0.4550284932290853
2.219 -0.5239938964309867
2.22 -0.4923291590789466
2.221 -0.43165815562075144
2.222 -0.44054842305477226
2.223 -0.504015377281554
2.224 -0.4945418710319876
2.225 -0.4378634674123957
2.226 -0.48059716639854877
2.227 -0.4272466002446238
2.228 -0.44158346750207655
2.229 -0.49253508243092575
2.23 -0.4904749569597833
2.231 -0.49637656971819555
2.232 -0.5060784804035088
2.233 -0.5269674261229429
2.234 -0.596812802011846
2.235 -0.6947337606649258
2.236 -0.6227244547564492
2.237 -0.5924146325393373
2.238 -0.49054836327231266
2.239 -0.39795382581690214
2.24 -0.3934816274274724
2.241 -0.41705308604122077
2.242 -0.4187927291413103
2.243 -0.3557231219182423
2.244 -0.4508406171275505
2.245 -0.40110483039442624
2.246 -0.49999800577212605
2.247 -0.4216542340692918
2.248 -0.3585073553961
2.249 -0.4217774369576688
2.25 -0.5628574105186397
2.251 -0.5911706074062826
2.2520000000000002 -0.47433443986547746
2.253 -0.33945122944900935
2.254 -0.3120461678749303
2.255 -0.3920386049031193
2.2560000000000002 -0.33889622536064506
2.257 -0.28573328436727224
2.258 -0.3471070575851405
2.259 -0.30940689471662136
2.2600000000000002 -0.3426068220438879
2.261 -0.34341256560519967
2.262 -0.2787337201547567
2.263 -0.31231291794209326
2.2640000000000002 -0.3089625895821513
2.265 -0.24941893043635383
2.266 -0.14324180787254903
2.267 -0.17529466387887838
2.2680000000000002 -0.22795783572624354
2.269 -0.18316985033125946
2.27 -0.23219271658653778
2.271 -0.23648468867930875
2.2720000000000002 -0.19393361520208907
2.273 -0.149287491289562
2.274 -0.22915930858186506
2.275 -0.28457984799340086
2.2760000000000002 -0.14654535154020595
2.277 -0.1705054381943758
2.278 -0.16831933174359837
2.279 -0.19469390313271362
2.2800000000000002 -0.16147072503437557
2.281 -0.02125950949587213
2.282 -0.1027090304018177
2.283 -0.12222588627374995
2.2840000000000003 -0.17556154341101138
2.285 -0.13944759085778585
2.286 -0.2050620693369261
2.287 -0.1840740738638333
2.2880000000000003 -0.25306581240019776
2.289 -0.20820623747074646
2.29 -0.10673092697257311
2.291 -0.1456685545516988
2.2920000000000003 -0.13212600827524176
2.293 -0.04805260174779896
2.294 -0.013109913638577789
2.295 -0.09323231933211337
2.2960000000000003 -0.09422631282994524
2.297 -0.2056375016899028
2.298 -0.26692171070460163
2.299 -0.24205576524348363
2.3000000000000003 -0.17948070147631015
2.301 -0.1844455588512528
2.302 -0.15654130246502315
2.303 -0.20141550892383212
2.3040000000000003 -0.20925749312579597
2.305 -0.1947370796301324
2.306 -0.2608355490861041
2.307 -0.32936728732486575
2.308 -0.3493469949336958
2.309 -0.42409222057665463
2.31 -0.36750102967759696
2.311 -0.3863091127905057
2.312 -0.2900289425832822
2.313 -0.29188493363960005
2.314 -0.14512155510041447
2.315 -0.2174094684699773
2.316 -0.2606608898608985
2.317 -0.24929269762255668
2.318 -0.3310456115091405
2.319 -0.5042406389894636
2.32 -0.4977588021595053
2.321 -0.4127817701129362
2.322 -0.4255069681341846
2.323 -0.34814579534050394
2.324 -0.327575614194635
2.325 -0.4879901487032552
2.326 -0.43616271309141996
2.327 -0.41984154817711083
2.328 -0.36383553744539665
2.329 -0.37910286037144475
2.33 -0.3339073312872892
2.331 -0.163910712355144
2.332 -0.25293515617601264
2.333 -0.21709150843779673
2.334 -0.2351831984318981
2.335 -0.20126324568292403
2.336 -0.18418670535193665
2.337 -0.2508328564444391
2.338 -0.19483997273486878
2.339 -0.16172726512060068
2.34 -0.12824517702036659
2.341 -0.06457719689195876
2.342 -0.0763836926184995
2.343 -0.21314908129392696
2.344 -0.11833996897760445
2.345 -0.126211167569965
2.346 -0.07032523942131788
2.347 -0.14045287069541723
2.348 -0.23107577981950345
2.349 -0.1657279525412626
2.35 -0.1435870226690254
2.351 -0.18305435013130625
2.352 -0.20681552957730154
2.353 -0.27031009988822324
2.354 -0.3526813230855559
2.355 -0.2678084268432764
2.356 -0.36929294279853275
2.357 -0.5394007395712774
2.358 -0.5012282681213284
2.359 -0.5018186012929219
2.36 -0.5290573025188626
2.361 -0.6003263282799702
2.362 -0.6407278853533678
2.363 -0.5993545811551096
2.364 -0.6191150268883651
2.365 -0.5642029855244217
2.366 -0.5142830200406505
2.367 -0.5817688853396935
2.368 -0.5867416457334169
2.369 -0.5664188156617624
2.37 -0.6320617427123915
2.371 -0.5221149447250335
2.372 -0.5917913337528429
2.373 -0.5486709898345119
2.374 -0.5080424935677433
2.375 -0.5410512424938225
2.376 -0.5363613060621744
2.3770000000000002 -0.4622856879349627
2.378 -0.4835585948644825
2.379 -0.5032908139140669
2.38 -0.5954865971950946
2.3810000000000002 -0.5935806377299023
2.382 -0.4736482705162246
2.383 -0.4822333628747931
2.384 -0.47757955033874255
2.3850000000000002 -0.417113687159678
2.386 -0.31529726568961014
2.387 -0.3156245867562304
2.388 -0.3724230721463166
2.3890000000000002 -0.36119102821579546
2.39 -0.36485426708532304
2.391 -0.28984384110901495
2.392 -0.3275577388552515
2.3930000000000002 -0.3054756874987094
2.394 -0.2738881494431417
2.395 -0.3830976077809651
2.396 -0.4122371148836653
2.3970000000000002 -0.3412134181223158
2.398 -0.4161024493846762
2.399 -0.4281898851850079
2.4 -0.3968385036670096
2.4010000000000002 -0.3868819996751098
2.402 -0.36309622457247104
2.403 -0.3157021382376681
2.404 -0.27563056964693
2.4050000000000002 -0.3053726850974311
2.406 -0.2655350649988854
2.407 -0.34382976573636104
2.408 -0.44052723188002685
2.4090000000000003 -0.41008814606798394
2.41 -0.312100098301422
2.411 -0.33658051597090954
2.412 -0.2266168540609747
2.4130000000000003 -0.16258179088186658
2.414 -0.1854575838199774
2.415 -0.16102874516023302
2.416 -0.25255596640148364
2.4170000000000003 -0.29552632812433083
2.418 -0.3845613771861686
2.419 -0.24422298456963903
2.42 -0.2645309931430798
2.4210000000000003 -0.1501945269657876
2.422 -0.23282067662693598
2.423 -0.2071336908993979
2.424 -0.18257639569927506
2.4250000000000003 -0.21226361649203795
2.426 -0.13856461513543025
2.427 -0.19702419916828992
2.428 -0.15628260844315184
2.4290000000000003 -0.08845862349462812
2.43 -0.14593796288452718
2.431 -0.19689346152812695
2.432 -0.2537555615870748
2.433 -0.21814972266997465
2.434 -0.07735008821731915
2.435 -0.10608465883964178
2.436 -0.15032380075771576
2.437 -0.16574276557758763
2.438 -0.0949259755549785
2.439 -0.07471409921413746
2.44 -0.12676851213375667
2.441 -0.1491504820839771
2.442 -0.2154398960611416
2.443 -0.2700329150165747
2.444 -0.27506184362469305
2.445 -0.3072731486993646
2.446 -0.3982736477956176
2.447 -0.3779191576511944
2.448 -0.3786151177005274
2.449 -0.2944488502752324
2.45 -0.19763274321448607
2.451 -0.254832443103735
2.452 -0.1472524980810276
2.453 -0.047584760723428335
2.454 0.007137526010767371
2.455 0.018052345171192856
2.456 0.013110337708143367
2.457 -0.012450025423193487
2.458 -0.024865021568239224
2.459 -0.04771411567912277
2.46 0.04934323515953823
2.461 0.06079798211913658
2.462 0.10358552979460145
2.463 0.1865675754522567
2.464 0.12122209020440089
2.465 0.27514765950935155
2.466 0.25099450547975743
2.467 0.2624440738010526
2.468 0.2520887920479361
2.469 0.28573378226178625
2.47 0.28510627909199515
2.471 0.191505953964499
2.472 0.20250264598738338
2.473 0.09708721603015026
2.474 0.04542278836261856
2.475 0.0721985223659794
2.476 -0.06052256466193259
2.477 -0.07289844053264515
2.478 -0.03269987660012757
2.479 0.006771888758886242
2.48 0.07675561731764774
2.481 0.1652178050328596
2.482 0.07825414699957117
2.483 0.11756619573925021
2.484 0.12931283682101663
2.485 0.05710451881324491
2.486 0.09522081468277499
2.487 -0.06485991793362059
2.488 -0.07251246280444713
2.489 -0.14470144252227046
2.49 -0.15176820442372846
2.491 -0.08654264924824043
2.492 -0.04011818819493054
2.493 0.0013323919858813996
2.494 -0.02810031978565198
2.495 -0.021338706791744905
2.496 -0.0421710654856657
2.497 -0.02735005400792983
2.498 -0.06452847000028052
2.499 -0.060461375267355094
2.5 -0.05663769072982512
2.501 0.036818156589162945
2.5020000000000002 0.013884174793172825
2.503 0.03473531815878323
2.504 0.006664356184811891
2.505 0.03790358717323307
2.5060000000000002 0.04617184560505645
2.507 0.024346533848450126
2.508 -0.05231380036990906
2.509 -0.025194332558591655
2.5100000000000002 -0.10505288144319208
2.511 -0.0746120836958985
2.512 -0.041800035157358265
2.513 0.0996077800612357
2.5140000000000002 0.08997192187834954
2.515 -0.032209964494103974
2.516 -0.1121387957718151
2.517 -0.09958293893293171
2.5180000000000002 -0.05004653082911875
2.519 0.05823533060515407
2.52 0.11735428319642814
2.521 0.1220698542322435
2.5220000000000002 0.08228313699934511
2.523 0.01085051571782042
2.524 -0.021212266191736058
2.525 -0.06042172061978585
2.5260000000000002 -0.06572143473876436
2.527 -0.15676776798044947
2.528 0.011666098161848465
2.529 0.05982119197613819
2.5300000000000002 0.08078423061867854
2.531 0.1230378240457847
2.532 0.013089655389688426
2.533 0.0241686435853764
2.5340000000000003 -0.06890071940794715
2.535 -0.07378399929594795
2.536 0.056475557800154175
2.537 0.05049201294099612
2.5380000000000003 0.08801332591850158
2.539 0.11537102005828345
2.54 0.0724672561261107
2.541 0.02780059903535407
2.5420000000000003 -0.01894075190274521
2.543 0.020861745302864818
2.544 -0.05128203331515134
2.545 -0.1968625497654694
2.5460000000000003 -0.18169800725299085
2.547 -0.10121464682376098
2.548 -0.25008407367638413
2.549 -0.2026748402867253
2.5500000000000003 -0.21740203533012714
