0.0 0.938816377410604
0.001 1.0055652816313596
0.002 0.9952685126307512
0.003 1.04111437880304
0.004 0.9611279655668179
0.005 0.9928169023257208
0.006 0.9211572565737128
0.007 0.8214420005205741
0.008 0.9209042967306739
0.009000000000000001 0.9410435574077799
0.01 0.8540538483327922
0.011 0.891136666997917
0.012 0.9167909306364184
0.013000000000000001 0.8629241434451467
0.014 0.8632436307779061
0.015 0.877079458448994
0.016 0.8891012046080085
0.017 0.910429723232996
0.018000000000000002 0.9150091536995897
0.019 0.8864934185427967
0.02 0.898601490415804
0.021 0.9124943692224022
0.022 0.9791010196521236
0.023 0.9603751749935041
0.024 0.9387414468285815
0.025 0.9346345259142633
0.026000000000000002 0.8665736029225988
0.027 0.7855923952172615
0.028 0.7397850306010364
0.029 0.7410773837386542
0.03 0.7324609835862441
0.031 0.8309212275059963
0.032 0.8236937691436176
0.033 0.7856336753181968
0.034 0.7504410652119244
0.035 0.6498075570557377
0.036000000000000004 0.73816914298324
0.037 0.7424677824945533
0.038 0.7907032849043008
0.039 0.7135690092916325
0.04 0.7252964489179122
0.041 0.7154284504602968
0.042 0.7945624268751474
0.043000000000000003 0.7855861280388449
0.044 0.7694375240128959
0.045 0.6616493560993111
0.046 0.6823362036538771
0.047 0.6944968735462294
0.048 0.6904272344313647
0.049 0.6109990092628993
0.05 0.46299970820626757
0.051000000000000004 0.42389964016785475
0.052000000000000005 0.3202427160693077
0.053 0.2766888133060511
0.054 0.22896519131541562
0.055 0.2405892833655727
0.056 0.20734953161140093
0.057 0.24194573184646712
0.058 0.23579806795713465
0.059000000000000004 0.06275137591803318
0.06 0.2571803886069089
0.061 0.26344186101596145
0.062 0.35169177591042466
0.063 0.3118565878477744
0.064 0.3288066711376897
0.065 0.3216677456231413
0.066 0.3124159113013472
0.067 0.28543635828309777
0.068 0.29413070153844845
0.069 0.2898798575646212
0.07 0.326968972250011
0.07100000000000001 0.3482089559401049
0.07200000000000001 0.45985673406489513
0.073 0.44264279210300894
0.074 0.45517438134685445
0.075 0.536340745160755
0.076 0.5430070785040554
0.077 0.47116843608041314
0.078 0.4423606560342468
0.079 0.430043786227627
0.08 0.47444395094709657
0.081 0.4931921610927404
0.082 0.45111619201247916
0.083 0.5144507145747406
0.084 0.520025398786085
0.085 0.6445051722625204
0.08600000000000001 0.6299561412474123
0.08700000000000001 0.6394386870458199
0.088 0.6675455192462771
0.089 0.6652957641158985
0.09 0.7097725421991463
0.091 0.7405644474822662
0.092 0.7061003323603557
0.093 0.7183798123809656
0.094 0.7454266827418023
0.095 0.6702782363190415
0.096 0.7666297624734439
0.097 0.7739203024679502
0.098 0.7980209722958279
0.099 0.8263753410231814
0.1 0.7642206292466662
0.101 0.7578869981686711
0.10200000000000001 0.7051475355294349
0.10300000000000001 0.6282137555957348
0.10400000000000001 0.6572699780885579
0.105 0.5803289531547802
0.106 0.668611180662374
0.107 0.6714682026413215
0.108 0.6066800773939923
0.109 0.5991281804424132
0.11 0.538842760180233
0.111 0.5744773912546268
0.112 0.5172625783744857
0.113 0.47557036665427915
0.114 0.4036048860918808
0.115 0.3961543093995539
0.116 0.3941883157309919
0.117 0.38403720074722164
0.11800000000000001 0.3860077357155118
0.11900000000000001 0.44418347446231665
0.12 0.43035895746140196
0.121 0.34107797628287145
0.122 0.326012554975751
0.123 0.26204659498023625
0.124 0.32573814496678144
0.125 0.2378180317669601
0.126 0.2687707183452399
0.127 0.2941052172093264
0.128 0.3031662820435676
0.129 0.24436688607455992
0.13 0.40886236657043606
0.131 0.45527686245093946
0.132 0.4044785306037323
0.133 0.3464625448009641
0.134 0.35929609942593704
0.135 0.3879133616175164
0.136 0.44474884946548976
0.137 0.48278565227041387
0.138 0.49460180680168064
0.139 0.4543186013529288
0.14 0.5224094045536993
0.14100000000000001 0.45694752067528943
0.14200000000000002 0.5414239228252831
0.14300000000000002 0.571313607608432
0.14400000000000002 0.637142252754075
0.145 0.6051345474355985
0.146 0.602126679532344
0.147 0.6952681851374146
0.148 0.6683668765021226
0.149 0.700013890341193
0.15 0.7187822262136333
0.151 0.7586966438776838
0.152 0.8237360688119162
0.153 0.8686151203955709
0.154 0.8002717361270488
0.155 0.838208366965467
0.156 0.9014186537080119
0.157 0.9174474283024667
0.158 0.8680375338820323
0.159 0.9181212872692954
0.16 0.9035175822337036
0.161 0.9048221880214999
0.162 0.8476314275167621
0.163 0.8526555180944799
0.164 0.8988097372043709
0.165 0.8139622631539914
0.166 0.8469939325418177
0.167 0.8411670428710611
0.168 0.8274886399694077
0.169 0.8449155837561825
0.17 0.8692982195199053
0.171 0.8438652543655037
0.17200000000000001 0.8045954371422784
0.17300000000000001 0.7692202790893432
0.17400000000000002 0.7710672582811566
0.17500000000000002 0.7141500471129788
0.176 0.6907677729609338
0.177 0.6052067958690122
0.178 0.5869020399804924
0.179 0.6400927737267799
0.18 0.7465373413212537
0.181 0.7850953165506933
0.182 0.6326972938632501
0.183 0.4841827457229356
0.184 0.4570433065380387
0.185 0.5450885304906442
0.186 0.6097599920108103
0.187 0.6055744571102373
0.188 0.5024619580357406
0.189 0.6820495224591906
0.19 0.5870807875837885
0.191 0.5165176602958172
0.192 0.5390215334234353
0.193 0.4651530870278416
0.194 0.4236246092871551
0.195 0.4023715570637361
0.196 0.36641663558035337
0.197 0.3670733817934957
0.198 0.2617547071314707
0.199 0.20476762374935945
0.2 0.19849387589358475
0.201 0.11839419783108625
0.202 0.16065482420526303
0.203 0.1358180646153434
0.20400000000000001 0.05620700396629405
0.20500000000000002 -0.06936979790149711
0.20600000000000002 -0.044450297887095494
0.20700000000000002 -0.02798845637522538
0.20800000000000002 -0.005699174588800579
0.209 -0.05140203209967145
0.21 -0.12396103441461458
0.211 -0.08001881932469543
0.212 -0.13593786734916097
0.213 -0.16050835975330707
0.214 -0.23537512294941199
0.215 -0.28835610744437645
0.216 -0.308758188798132
0.217 -0.3406344290582445
0.218 -0.2759395387493196
0.219 -0.2813399963820675
0.22 -0.38636761678043363
0.221 -0.46206702942627675
0.222 -0.5387764285565655
0.223 -0.4316653196195718
0.224 -0.4720202887680793
0.225 -0.42431832932781216
0.226 -0.4207351980266697
0.227 -0.412702965534458
0.228 -0.36172261429781716
0.229 -0.3209617628565921
0.23 -0.30139480090820137
0.231 -0.32795257400833255
0.232 -0.24546278166420962
0.233 -0.3163534240125462
0.234 -0.39049180920854126
0.23500000000000001 -0.48394847296196286
0.23600000000000002 -0.5207775132210671
0.23700000000000002 -0.4665029334755735
0.23800000000000002 -0.40209005112221863
0.23900000000000002 -0.5148376193464392
0.24 -0.6142693342153408
0.241 -0.6258047280162395
0.242 -0.576993999935302
0.243 -0.6495428312114757
0.244 -0.6319495889086153
0.245 -0.6202870390074959
0.246 -0.6067426925672255
0.247 -0.5856721905200075
0.248 -0.6089598615471129
0.249 -0.7125002104477242
0.25 -0.7218035333654145
0.251 -0.7772900468573779
0.252 -0.7561040365756002
0.253 -0.8646866729147538
0.254 -0.9076295969587919
0.255 -0.9626856263463989
0.256 -0.9068192128629435
0.257 -0.9706610329666877
0.258 -1.0767849950049517
0.259 -1.1496110389277914
0.26 -1.2043845104748168
0.261 -1.2713225720339634
0.262 -1.258058944824789
0.263 -1.1528172565467507
0.264 -1.1775348289524186
0.265 -1.1675884068108469
0.266 -1.1272409337701812
0.267 -1.0516367699449174
0.268 -1.034439329097453
0.269 -1.0282808476716447
0.27 -0.9526207786550114
0.271 -0.8784437304698283
0.272 -0.9148776891229856
0.273 -0.9032807210925082
0.274 -0.9162970957292871
0.275 -0.9218273827000444
0.276 -0.9564872162943947
0.277 -0.8700271425110243
0.278 -1.0287541798039925
0.279 -0.9530772071448874
0.28 -0.9846660728441534
0.281 -0.9717657528461179
0.28200000000000003 -0.9350149710628042
0.28300000000000003 -0.9118098385377231
0.28400000000000003 -0.8703816445592938
0.28500000000000003 -0.891618915873159
0.28600000000000003 -0.9658259564099028
0.28700000000000003 -0.8320845612804822
0.28800000000000003 -0.7895041508989941
0.289 -0.7269920679548686
0.29 -0.7290541287777134
0.291 -0.7554327903479509
0.292 -0.797783794387184
0.293 -0.8622796594773391
0.294 -0.8209821186087862
0.295 -0.8349177162326101
0.296 -0.8218476433759719
0.297 -0.8200662258664648
0.298 -0.7701413148329392
0.299 -0.8790514361252273
0.3 -0.8167762040495499
0.301 -0.8755571623015903
0.302 -0.9293918507406232
0.303 -0.966430014466559
0.304 -0.8958911509157217
0.305 -0.8988191179278476
0.306 -0.846869151212793
0.307 -0.8942473282020408
0.308 -0.9349094857432891
0.309 -0.9939366698391704
0.31 -0.9402412469882853
0.311 -1.026099743780472
0.312 -0.9161622566034546
0.313 -0.9564859938931262
0.314 -0.9530077702808879
0.315 -0.9544613546873653
0.316 -0.940432442251552
0.317 -0.9578914265524918
0.318 -0.9007510814166217
0.319 -0.9073148505359053
0.32 -0.8667191482602423
0.321 -0.9239190602348263
0.322 -0.8960713154085018
0.323 -1.0047048858126586
0.324 -1.0011678013742686
0.325 -1.0578105389419439
0.326 -1.0205300515430107
0.327 -1.0040893456314717
0.328 -0.9737604009923101
0.329 -0.9834519455927423
0.33 -1.0017704996656556
0.331 -1.0887661507870248
0.332 -0.996841544221928
0.333 -1.0889071135590496
0.334 -1.1188576764710962
0.335 -1.0762345822711468
0.336 -0.9977611320864687
0.337 -0.9912286152212909
0.338 -1.0490327451925043
0.339 -0.8836262510835606
0.34 -0.8516415949331694
0.341 -0.8795809662117525
0.342 -0.9135183582764299
0.343 -0.9682966808254763
0.34400000000000003 -0.9774015823025164
0.34500000000000003 -0.9518137818741897
0.34600000000000003 -0.9472491495968703
0.34700000000000003 -1.0211603810651695
0.34800000000000003 -1.0185275730789054
0.34900000000000003 -1.0124318062358708
0.35000000000000003 -1.0358722150407875
0.35100000000000003 -1.0815678566100486
0.352 -1.0215235219720389
0.353 -1.052525515373352
0.354 -1.0969741672899398
0.355 -1.058397767355428
0.356 -1.0705139882914736
0.357 -1.1036692498284548
0.358 -1.0964737701033251
0.359 -1.0692506635169026
0.36 -1.0088707872843017
0.361 -1.0323319279365004
0.362 -1.1043576816470537
0.363 -1.0747672500305765
0.364 -1.099764763038523
0.365 -1.0458836083362946
0.366 -1.0133376672493213
0.367 -0.891972994851206
0.368 -0.8270599342246143
0.369 -0.6446796991486229
0.37 -0.5404435916332326
0.371 -0.5594362038949297
0.372 -0.5458550298041741
0.373 -0.5824617343770749
0.374 -0.626767439327223
0.375 -0.5654662624429685
0.376 -0.46139995266639244
0.377 -0.37885388110064866
0.378 -0.3700874736894329
0.379 -0.48856525556540886
0.38 -0.40504116219568653
0.381 -0.3839304008174325
0.382 -0.24908696292804366
0.383 -0.25541387063509974
0.384 -0.24952124854562424
0.385 -0.24140977544239756
0.386 -0.29077268239795373
0.387 -0.17953936201086307
0.388 -0.08217094509658457
0.389 -0.15527440131842551
0.39 -0.1952626827241431
0.391 -0.22063962498987774
0.392 -0.21936803842877495
0.393 -0.21967567101230556
0.394 -0.22927710219130995
0.395 -0.16555428183098927
0.396 -0.2274862796844004
0.397 -0.2636991776355034
0.398 -0.3548471857561565
0.399 -0.3016562368121242
0.4 -0.19817656533872086
0.401 -0.1680032576282657
0.402 -0.15102261369609538
0.403 -0.24419411342628028
0.404 -0.15820989312760175
0.405 -0.08865516537664443
0.406 -0.15061990525541716
0.40700000000000003 -0.15504195919622563
0.40800000000000003 -0.14978795495882097
0.40900000000000003 -0.2356193854065235
0.41000000000000003 -0.33622926741308207
0.41100000000000003 -0.4636780218396658
0.41200000000000003 -0.45674259362818825
0.41300000000000003 -0.4452307394288337
0.41400000000000003 -0.5856420163324305
0.41500000000000004 -0.6004433149981911
0.41600000000000004 -0.687478062603821
0.417 -0.7035895083966576
0.418 -0.8013423695806295
0.419 -0.8400963432328525
0.42 -0.8451993085383571
0.421 -0.893452811110068
0.422 -0.8269650739151956
0.423 -0.8401103037850156
0.424 -0.9268993251807471
0.425 -0.9092400745873892
0.426 -0.9531390117480971
0.427 -1.0161319596154716
0.428 -0.9434163654504175
0.429 -0.8735671738677918
0.43 -0.889654735528411
0.431 -0.8881853788647259
0.432 -0.8540811519846537
0.433 -0.8387497477850817
0.434 -0.8858257237875304
0.435 -0.8073265224516497
0.436 -0.9249745247548964
0.437 -0.9675035658358453
0.438 -0.9975373494591456
0.439 -1.0406275672531662
0.44 -1.1046611848482002
0.441 -1.0890210020315174
0.442 -1.164064241009175
0.443 -1.0952314914523793
0.444 -1.1329392691822249
0.445 -1.1578044677181496
0.446 -1.115703390692088
0.447 -1.1397555421463736
0.448 -1.1070995364014204
0.449 -1.060827095210357
0.45 -1.0638476122396876
0.451 -1.100362911644149
0.452 -1.1627124967466655
0.453 -1.019346220362889
0.454 -1.132214911982976
0.455 -1.196427950368459
0.456 -1.2167633669613447
0.457 -1.3536884433887646
0.458 -1.3455353423298908
0.459 -1.28477777981342
0.46 -1.330942893318747
0.461 -1.4535008366638338
0.462 -1.5497611076467153
0.463 -1.5660882364570068
0.464 -1.4801902105917049
0.465 -1.4451779431148915
0.466 -1.3499259800966235
0.467 -1.3077773471265626
0.468 -1.3844498771049705
0.46900000000000003 -1.3621657772278957
0.47000000000000003 -1.3640347022811656
0.47100000000000003 -1.3199658662762188
0.47200000000000003 -1.3420120325054745
0.47300000000000003 -1.328929672515458
0.47400000000000003 -1.3118183682972022
0.47500000000000003 -1.3132869789925044
0.47600000000000003 -1.2976366271906505
0.47700000000000004 -1.3303107671423475
0.47800000000000004 -1.3879426223997253
0.47900000000000004 -1.4439763702274018
0.48 -1.4790009816191414
0.481 -1.4818321545168744
0.482 -1.4827028247877896
0.483 -1.5071459169800179
0.484 -1.5155069878215568
0.485 -1.6124067425481068
0.486 -1.6568743685629144
0.487 -1.6663102706646429
0.488 -1.6741592718875993
0.489 -1.6411829532018967
0.49 -1.6868286246967734
0.491 -1.5817239795070057
0.492 -1.5529759192648567
0.493 -1.6293174200288643
0.494 -1.7976071606103203
0.495 -1.7647517999518347
0.496 -1.7045666875543868
0.497 -1.625047720734109
0.498 -1.622947523844271
0.499 -1.6480642775632384
0.5 -1.6774266091289858
0.501 -1.6654363998334916
0.502 -1.679997165765643
0.503 -1.630156243682239
0.504 -1.6055443002510505
0.505 -1.682248705145772
0.506 -1.601499441390559
0.507 -1.7691284885822958
0.508 -1.7235416328107065
0.509 -1.6144103999965134
0.51 -1.545159168978954
0.511 -1.4733900123741437
0.512 -1.440075160227171
0.513 -1.4403412184522775
0.514 -1.3987333210463855
0.515 -1.4921891471488726
0.516 -1.4503419911656323
0.517 -1.4067693233558776
0.518 -1.3399072818747826
0.519 -1.2307094148653022
0.52 -1.217536906478612
0.521 -1.1673176749560539
0.522 -1.2001826347471938
0.523 -1.2959199072940752
0.524 -1.2665734473491448
0.525 -1.1953407661949047
0.526 -1.1265410770381779
0.527 -1.123914356284872
0.528 -1.1202668629014467
0.529 -1.0875582927417005
0.53 -1.1164310205445578
0.531 -1.120035311775495
0.532 -1.1417244476224113
0.533 -1.1402954000195786
0.534 -1.0764204225796445
0.535 -1.0507263581328514
0.536 -1.0331045600434647
0.537 -1.0333906945069093
0.538 -1.0022343308211907
0.539 -1.0291535404079752
0.54 -0.9268936421328536
0.541 -0.9115981767090677
0.542 -0.8609629970926597
0.543 -0.9160009391968646
0.544 -0.9679158326413674
0.545 -1.0171713497293695
0.546 -0.9784791735053057
0.547 -0.8546735436749453
0.548 -0.7584677411901966
0.549 -0.7278068379890181
0.55 -0.6666014056080611
0.551 -0.5808517306159773
0.552 -0.5961350577098151
0.553 -0.6808503909715642
0.554 -0.806603606590341
0.555 -0.8848246102952725
0.556 -0.8954163604967275
0.557 -1.0027198394306893
0.558 -1.0407164204973487
0.559 -1.0222858592959716
0.56 -1.0245915644039791
0.561 -1.06276763058457
0.562 -1.1449935929359305
0.5630000000000001 -1.1216351509441236
0.5640000000000001 -0.9844010400921015
0.5650000000000001 -0.9675667459142697
0.5660000000000001 -0.9535944852030995
0.5670000000000001 -0.9017985037526155
0.5680000000000001 -0.9152596679487769
0.5690000000000001 -0.9734083506122637
0.5700000000000001 -0.9368374695444073
0.5710000000000001 -0.8439383067364951
0.5720000000000001 -0.8712668334675595
0.5730000000000001 -0.8884706525585719
0.5740000000000001 -0.7839977823925705
0.5750000000000001 -0.7820902124424022
0.5760000000000001 -0.9085298354243279
0.577 -0.7905177526967058
0.578 -0.7461779253863384
0.579 -0.7244987110311536
0.58 -0.5841922326555853
0.581 -0.6964414130706404
0.582 -0.6961829468828261
0.583 -0.6783798389364833
0.584 -0.6910764926246563
0.585 -0.6838395109241571
0.586 -0.8718290433271823
0.587 -0.8804531199209552
0.588 -0.8611042687554683
0.589 -0.7971054469400168
0.59 -0.926621783050233
0.591 -0.9071402722726324
0.592 -0.8658410310253283
0.593 -0.9113299045061797
0.594 -0.8564393906768939
0.595 -0.7409083084109427
0.596 -0.7326209942969424
0.597 -0.7794289283222506
0.598 -0.7487093587540355
0.599 -0.7176537026722322
0.6 -0.6995060878465857
0.601 -0.7120973751450782
0.602 -0.671604379095659
0.603 -0.5826908868397195
0.604 -0.5768890993771078
0.605 -0.7097962232562713
0.606 -0.596233954275948
0.607 -0.7361932292860747
0.608 -0.7926518279501115
0.609 -0.8305814300030014
0.61 -0.6922409803644551
0.611 -0.6678326479560516
0.612 -0.6858350498701853
0.613 -0.7262824146015604
0.614 -0.7618484772598648
0.615 -0.8073448572014444
0.616 -0.8813748431093242
0.617 -0.8750455585901625
0.618 -0.8908829462687295
0.619 -0.8647845113723924
0.62 -0.8514443957149131
0.621 -0.8538702689754829
0.622 -0.8853627730603769
0.623 -0.9073021941058335
0.624 -0.8826684077185157
0.625 -0.9088055581774711
0.626 -0.804328322249615
0.627 -0.7212309666019223
0.628 -0.6223119624829062
0.629 -0.5724463519048227
0.63 -0.6879558929960878
0.631 -0.671963125010918
0.632 -0.4827607222552452
0.633 -0.48280405555651695
0.634 -0.41676940362400766
0.635 -0.569241648132965
0.636 -0.6156407693285455
0.637 -0.5473706302135484
0.638 -0.5948775415436394
0.639 -0.642564854883166
0.64 -0.580339925289997
0.641 -0.6018038235777645
0.642 -0.6419881789545206
0.643 -0.5937785437098669
0.644 -0.5745044485856997
0.645 -0.46285042736404614
0.646 -0.5380544307842837
0.647 -0.5090070909722597
0.648 -0.6478750510706013
0.649 -0.6935840334441672
0.65 -0.6450257107696539
0.651 -0.5857613187257859
0.652 -0.5691906012162835
0.653 -0.5526929553428427
0.654 -0.6250975665412896
0.655 -0.5598705710819638
0.656 -0.4979104382577271
0.657 -0.5666710065946374
0.658 -0.6324367175963492
0.659 -0.6185072838568184
0.66 -0.5516637237120016
0.661 -0.5926673876170523
0.662 -0.6933865070409042
0.663 -0.7560476542083822
0.664 -0.8119244602301539
0.665 -0.7234836127596724
0.666 -0.7374796524999904
0.667 -0.7674193080597947
0.668 -0.8214190451103718
0.669 -0.6941502726790179
0.67 -0.7328642682623432
0.671 -0.7163396574647188
0.672 -0.7190395797444197
0.673 -0.6910555758864196
0.674 -0.645552529100455
0.675 -0.6154140196128035
0.676 -0.6287436610463784
0.677 -0.47665848871494
0.678 -0.40903631549835756
0.679 -0.32186161250861534
0.68 -0.3283333683478512
0.681 -0.33040404772379994
0.682 -0.2595007069517193
0.683 -0.37360285294998047
0.684 -0.25154562721998774
0.685 -0.2613817069563461
0.686 -0.41230560113536685
0.687 -0.4081284984052331
0.6880000000000001 -0.31261885251240357
0.6890000000000001 -0.25223575390635844
0.6900000000000001 -0.2479402533514251
0.6910000000000001 -0.07117202612927676
0.6920000000000001 -0.10246989613476008
0.6930000000000001 -0.19360427515167838
0.6940000000000001 -0.36794551349503724
0.6950000000000001 -0.4051962958623667
0.6960000000000001 -0.410483975566565
0.6970000000000001 -0.341744647696529
0.6980000000000001 -0.30400395271141817
0.6990000000000001 -0.19030261349243072
0.7000000000000001 -0.188819639135699
0.7010000000000001 -0.23475387524274638
0.7020000000000001 -0.13431476775575618
0.7030000000000001 -0.03610352881048515
0.704 -0.12032188772221176
0.705 -0.06396584042963023
0.706 -0.04554519601146381
0.707 0.04090219777276123
0.708 -0.06993317113356498
0.709 0.0006471120561086924
0.71 0.0074619105639834055
0.711 -0.08100289277706794
0.712 0.027674679406656938
0.713 0.11405245217727912
0.714 0.16181793081515447
0.715 0.1639675982367947
0.716 0.2332262908296419
0.717 0.1553909677114469
0.718 0.18602130586906995
0.719 0.11354317766904638
0.72 0.1580908999986828
0.721 0.18466421631507712
0.722 0.11394274343064562
0.723 0.006024591436452537
0.724 -0.02630287636916049
0.725 0.10446413259032589
0.726 0.1660902678029686
0.727 0.2213446117385867
0.728 0.20110254682083048
0.729 0.013557773182795801
0.73 -0.10247451546334181
0.731 -0.13503922257484563
0.732 -0.1111869729048517
0.733 -0.14324145549724088
0.734 -0.16562512239569352
0.735 -0.07113195199089666
0.736 -0.10247630931045439
0.737 -0.021494275294887955
0.738 -0.09368414774839293
0.739 -0.11011007471674887
0.74 -0.1294881842207993
0.741 -0.03149364265433069
0.742 -0.07310560745311251
0.743 -0.10475498312995751
0.744 -0.10282549370951245
0.745 -0.09183263530983651
0.746 -0.1678362226053618
0.747 -0.25147070234619967
0.748 -0.2080907561986088
0.749 -0.23296819302725402
0.75 -0.19592849216526953
0.751 -0.1466884829236099
0.752 -0.19960891617021437
0.753 -0.2402187760065307
0.754 -0.20033967249983017
0.755 -0.17342178584901163
0.756 -0.1487145456610598
0.757 -0.18185890331071733
0.758 -0.2239685141228001
0.759 -0.08975483260687439
0.76 -0.15558955644114209
0.761 -0.17747235274495726
0.762 -0.2695191187073965
0.763 -0.16510437070513442
0.764 -0.15692022433775424
0.765 -0.22502420843560422
0.766 -0.2689939738066979
0.767 -0.2589658922521906
0.768 -0.27751435102693245
0.769 -0.21386087049709523
0.77 -0.28488459976004415
0.771 -0.19953340609682557
0.772 -0.07465085146008905
0.773 -0.10954946027137001
0.774 -0.1188141556659861
0.775 -0.15846433875541355
0.776 -0.22231838933989695
0.777 -0.1299807889416864
0.778 -0.17013512919814916
0.779 -0.21144084231464047
0.78 -0.18928043397373956
0.781 -0.16426023370425766
0.782 -0.19493441459472943
0.783 -0.181460989158222
0.784 -0.07859363728496406
0.785 -0.0714179696901186
0.786 -0.021917702140600195
0.787 0.010618966054659736
0.788 -0.10183115427211817
0.789 -0.13784883508039908
0.79 -0.0920101625738465
0.791 -0.11931260731600302
0.792 -0.11544206500968875
0.793 -0.10602417394534373
0.794 -0.08384810281933994
0.795 -0.198010945941542
0.796 -0.1974916348392131
0.797 -0.23165842732196268
0.798 -0.19744911066058038
0.799 -0.10849924553233123
0.8 -0.23288568914229787
0.801 -0.26620193704559814
0.802 -0.24473136716945135
0.803 -0.15627850986960806
0.804 -0.1695326641135772
0.805 -0.2220286007339587
0.806 -0.17737486317848622
0.807 -0.20515005900171038
0.808 -0.26559648234096095
0.809 -0.2058199535228796
0.81 -0.1437926593605628
0.811 -0.1432765986492332
0.812 -0.0728482577165037
0.8130000000000001 -0.08791918103180016
0.8140000000000001 -0.10585066906470676
0.8150000000000001 -0.20213099528497205
0.8160000000000001 -0.15499520689729201
0.8170000000000001 -0.16852429269095573
0.8180000000000001 -0.20674519784215536
0.8190000000000001 -0.15278660285600876
0.8200000000000001 -0.17690770215189944
0.8210000000000001 -0.34879761666444736
0.8220000000000001 -0.3496848133732897
0.8230000000000001 -0.3082995710264993
0.8240000000000001 -0.3207740153265579
0.8250000000000001 -0.43582767978750847
0.8260000000000001 -0.4531499810580159
0.8270000000000001 -0.5169575430905188
0.8280000000000001 -0.48151558952132817
0.8290000000000001 -0.41902406930444236
0.8300000000000001 -0.40499921784092857
0.8310000000000001 -0.42548135148119504
0.8320000000000001 -0.4464747561773883
0.833 -0.6034131542618544
0.834 -0.47539348490315764
0.835 -0.5170919055661386
0.836 -0.5327967552887571
0.837 -0.553910144306398
0.838 -0.426237498438002
0.839 -0.3510448877633508
0.84 -0.36683576188717343
0.841 -0.26995790156532573
0.842 -0.20165743542826972
0.843 -0.15033569181914905
0.844 -0.14950198148598745
0.845 -0.06566561081302826
0.846 -0.1454452941265122
0.847 -0.15229518438295955
0.848 -0.07533638249964304
0.849 -0.061016158227538364
0.85 -0.15197617183746204
0.851 -0.08048991508971284
0.852 -0.0950946550246197
0.853 -0.14653640478505858
0.854 -0.15433626803938408
0.855 -0.08139171296274185
0.856 -0.12119990064185679
0.857 -0.09145719921759335
0.858 -0.09666009673923717
0.859 -0.13734882488599426
0.86 -0.12875050030627513
0.861 -0.1495160888462535
0.862 -0.18949474749173878
0.863 -0.09586754679331604
0.864 -0.03214313323920759
0.865 -0.059238480110891285
0.866 0.05303806212228874
0.867 0.040248030565455756
0.868 -0.043635093637905936
0.869 -0.12000000754329292
0.87 -0.13240240396926437
0.871 -0.09466272679443613
0.872 -0.1144147037370958
0.873 -0.12872339363137103
0.874 -0.12895560840356698
0.875 -0.0856386323622445
0.876 -0.08362829071704907
0.877 -0.04502161937937706
0.878 -0.10812647245785115
0.879 -0.02703195021670042
0.88 0.024711846004438418
0.881 0.08233690782051029
0.882 0.07476482698487917
0.883 0.13546920634169407
0.884 0.1509790774168982
0.885 0.259917663979004
0.886 0.3407027622882911
0.887 0.5054398009095609
0.888 0.4949140644897737
0.889 0.40657752975306094
0.89 0.3187501051013835
0.891 0.3335382220669476
0.892 0.3051433828753466
0.893 0.2852843188970733
0.894 0.2835282473054489
0.895 0.27496229206377193
0.896 0.16838757354964068
0.897 0.12725069296475788
0.898 0.07584396889597145
0.899 0.07120641504056766
0.9 0.086838439282112
0.901 0.16452958303489235
0.902 0.10864791603011376
0.903 0.16784288664965832
0.904 0.177994328349989
0.905 0.285833622530375
0.906 0.2660017288368116
0.907 0.2863799463829312
0.908 0.39999314382336626
0.909 0.3761881798312145
0.91 0.4153593867335057
0.911 0.4129334237466943
0.912 0.4512937669952364
0.913 0.46953246700368895
0.914 0.4170891651096975
0.915 0.42038904575413943
0.916 0.40178276846561384
0.917 0.35752948474657065
0.918 0.3856667384304595
0.919 0.29974927400783646
0.92 0.2851368540877673
0.921 0.3731101052206406
0.922 0.23944222993010023
0.923 0.26693547794308925
0.924 0.2298328749644213
0.925 0.13859668339696551
0.926 0.1359941296401237
0.927 0.2018431830836812
0.928 0.22668104438031914
0.929 0.1991352368339761
0.93 0.34907629467966406
0.931 0.3407574607041489
0.932 0.32611051732443175
0.933 0.2897394368680581
0.934 0.27926292812349723
0.935 0.14796856667016528
0.936 0.051983557792617985
0.937 0.11512814733810173
0.9380000000000001 0.03904931586901286
0.9390000000000001 0.06583457842737787
0.9400000000000001 0.08741652571594627
0.9410000000000001 0.10050496867785835
0.9420000000000001 0.13050799874279329
0.9430000000000001 0.15727440222273786
0.9440000000000001 0.15569303229409387
0.9450000000000001 0.17816647692699641
0.9460000000000001 0.13239142029401726
0.9470000000000001 0.16139188675889501
0.9480000000000001 0.08957263244401416
0.9490000000000001 0.016002734027831672
0.9500000000000001 0.08402241659342319
0.9510000000000001 -0.029559292007509577
0.9520000000000001 -0.0626577247509589
0.9530000000000001 -0.05775832623857125
0.9540000000000001 -0.04342727524940337
0.9550000000000001 -0.0986491563613433
0.9560000000000001 -0.14196227190367977
0.9570000000000001 -0.18351804223350965
0.9580000000000001 -0.11376384619871943
0.9590000000000001 -0.03916390018721841
0.96 -0.022722589573073
0.961 0.03567469991182659
0.962 0.0833395437645259
0.963 -0.015861280223724822
0.964 -0.07449370331737368
0.965 -0.11104871902241464
0.966 -0.110492157207126
0.967 -0.009801073207959865
0.968 -0.08059364115233325
0.969 -0.07170595597735066
0.97 -0.08942766366854518
0.971 0.018073613342778988
0.972 0.04519515952751099
0.973 0.04415158832201269
0.974 0.005287727218955568
0.975 0.03171114916281646
0.976 0.17125198600596608
0.977 0.16863895223006636
0.978 0.20338671569515684
0.979 0.13993783802073156
0.98 0.2618974291424663
0.981 0.26139987409931376
0.982 0.2290283869586567
0.983 0.14143286685578454
0.984 0.13891443351697974
0.985 0.22637594289080137
0.986 0.269150692560513
0.987 0.16898784403012407
0.988 0.10038873030044447
0.989 0.024767620497668924
0.99 -0.024873795729215102
0.991 -0.012318383926339499
0.992 -0.005210175332392636
0.993 0.002034345046211702
0.994 -0.024912636607241596
0.995 0.0011576636410994788
0.996 0.09647375785247952
0.997 0.14310163784532057
0.998 0.08461504923704954
0.999 -0.01579322735895196
1.0 0.05506367977780739
1.0010000000000001 -0.15658169568901747
1.002 -0.572885851763782
1.0030000000000001 -0.9369306595661939
1.004 -1.2808225213241617
1.0050000000000001 -1.620910271656182
1.006 -1.7626054697161972
1.0070000000000001 -2.0614594201410883
1.008 -2.2994430569152393
1.0090000000000001 -2.5068760707947715
1.01 -2.6616657468742795
1.0110000000000001 -2.9110888344176624
1.012 -3.097287456689737
1.0130000000000001 -3.2456460446569606
1.014 -3.391075928965592
1.0150000000000001 -3.5565039439889454
1.016 -3.6838548802643376
1.0170000000000001 -3.8411161149676025
1.018 -3.908006944007234
1.0190000000000001 -3.931937433975643
1.02 -4.0764267502037415
1.0210000000000001 -4.1808665434427565
1.022 -4.080998772373152
1.0230000000000001 -4.197918709378741
1.024 -4.182523007089756
1.025 -4.086129697600317
1.026 -4.192653595740038
1.027 -4.250921176723044
1.028 -4.337531488739871
1.029 -4.376812973188129
1.03 -4.336440303289379
1.031 -4.305953694221595
1.032 -4.301381751140069
1.033 -4.247666678153532
1.034 -4.19082804714503
1.035 -4.130612620153001
1.036 -4.023827093081593
1.037 -4.054821802686794
1.038 -3.9655522252884716
1.039 -3.8140011486136096
1.04 -3.681835818774948
1.041 -3.5763258617175073
1.042 -3.5559265433878022
1.043 -3.5533830784119163
1.044 -3.526082399789019
1.045 -3.401800794988127
1.046 -3.4201986499281345
1.047 -3.426519515468163
1.048 -3.341094523154491
1.049 -3.2255881322521622
1.05 -3.1794296953103585
1.051 -3.0215681609598444
1.052 -2.8136633581561092
1.053 -2.605329948473168
1.054 -2.5008213420800867
1.055 -2.3083146607356317
1.056 -2.1649955881370073
1.057 -1.939005367973281
1.058 -1.8624389980392744
1.059 -1.7337799115018078
1.06 -1.5381608462999057
1.061 -1.3065460744754287
1.062 -1.0456922190664821
1.063 -0.8936989367327658
1.064 -0.8284490251593906
1.065 -0.6784789879660917
1.066 -0.5943885973697399
1.067 -0.4670952510451113
1.068 -0.3716717892633129
1.069 -0.3274909396558333
1.07 -0.27997091484198056
1.071 -0.018125061775789653
1.072 0.04872635611874232
1.073 0.2711255909204212
1.074 0.43060870335072354
1.075 0.6864376058791041
1.076 0.8087470841388608
1.077 0.9409785149944272
1.078 1.1097216397621137
1.079 1.3933730347560016
1.08 1.5012880507865836
1.081 1.7615175269850485
1.082 1.9229737931232034
1.083 2.0382693712303688
1.084 2.1738802824469285
1.085 2.224354078432728
1.086 2.317548424835688
1.087 2.4646798810805395
1.088 2.4843019480990085
1.089 2.6090053523474137
1.09 2.6854898296209857
1.091 2.7595492418224694
1.092 2.841422954729804
1.093 2.785357975744855
1.094 2.8909878510168396
1.095 3.022703685011603
1.096 3.0784292909826534
1.097 3.2345834323328866
1.098 3.2035899235883982
1.099 3.3633939839053
1.1 3.455379420245233
1.101 3.4226394945189664
1.102 3.4525496269741933
1.103 3.569654973449961
1.104 3.593037706086283
1.105 3.5886060789203187
1.106 3.6002050980257856
1.107 3.5671998733919232
1.108 3.535043943750849
1.109 3.5746338356380165
1.11 3.6077136115149226
1.111 3.670995568252941
1.112 3.592815204054648
1.113 3.544492810679595
1.114 3.48597871573026
1.115 3.4300187200727428
1.116 3.3547778326547553
1.117 3.3456071575222497
1.118 3.261289018317778
1.119 3.203314591918378
1.12 3.1788509171211454
1.121 3.027501760809363
1.122 2.9094960276746047
1.123 2.876555467252898
1.124 2.804186930003477
1.125 2.799233361377773
1.1260000000000001 2.660448497203018
1.127 2.6343917711230116
1.1280000000000001 2.5841850019451287
1.129 2.4487802833123666
1.1300000000000001 2.4086712954982694
1.131 2.3023194972104504
1.1320000000000001 2.1990737279338464
1.133 2.0105180682874044
1.1340000000000001 1.8989030941980125
1.135 1.635176967537958
1.1360000000000001 1.4951126006098563
1.137 1.306195594655609
1.1380000000000001 1.1458654721463404
1.139 1.0937368987769496
1.1400000000000001 0.9180898973730749
1.141 0.7548422297713255
1.1420000000000001 0.7260021299984418
1.143 0.48839771332597237
1.1440000000000001 0.34289318724510165
1.145 0.29676881389575105
1.1460000000000001 0.10934089568536065
1.147 -0.050132824994088
1.1480000000000001 -0.05786160069887891
1.149 -0.21477735499828599
1.1500000000000001 -0.28128019183669983
1.151 -0.48013059902921507
1.1520000000000001 -0.479073662324332
1.153 -0.5230493776182763
1.154 -0.47435326302504505
1.155 -0.554337087355275
1.156 -0.7528467906792744
1.157 -0.7786556329466384
1.158 -0.8079194730335417
1.159 -0.9224706655394451
1.16 -1.025291320907995
1.161 -1.1905195954048633
1.162 -1.3088181855795677
1.163 -1.368275535213853
1.164 -1.529840542097081
1.165 -1.6583592068757629
1.166 -1.8116565616179268
1.167 -1.9964703516309485
1.168 -2.101556043296741
1.169 -2.195157231586005
1.17 -2.3740972310855994
1.171 -2.3621840031583123
1.172 -2.4501143254094715
1.173 -2.573960668572777
1.174 -2.6151582305111436
1.175 -2.6854077940395435
1.176 -2.7218741610384183
1.177 -2.8385955554101017
1.178 -2.7463793980886457
1.179 -2.828846644802864
1.18 -2.9860715428785136
1.181 -3.0993643292426762
1.182 -3.090398407215539
1.183 -3.09822023238191
1.184 -3.1673141849850963
1.185 -3.0764528672935607
1.186 -3.1776158599480926
1.187 -3.1563473287455066
1.188 -3.1068785935549683
1.189 -3.2124284977581
1.19 -3.225625745762379
1.191 -3.265374119266331
1.192 -3.162367157923541
1.193 -3.163807394543069
1.194 -3.16179492070204
1.195 -3.201070919203479
1.196 -3.1849746704073167
1.197 -3.0945828444635763
1.198 -3.099780177005565
1.199 -3.2656624905261946
1.2 -3.239085740230588
1.201 -3.251283160687593
1.202 -3.393667456042389
1.203 -3.3324825966450224
1.204 -3.2719420570948783
1.205 -3.2868301465977305
1.206 -3.2289882354113204
1.207 -3.1853092825778133
1.208 -3.184058626979297
1.209 -3.1303359575063965
1.21 -3.077507293799496
1.211 -3.0303161332846065
1.212 -2.9404111649495004
1.213 -2.9555089323495984
1.214 -2.920689730686837
1.215 -2.920419049043898
1.216 -2.9784583099380066
1.217 -2.959605390436322
1.218 -2.8893790941953768
1.219 -2.8342523879352393
1.22 -2.827770292061797
1.221 -2.794169165467068
1.222 -2.7461405116547395
1.223 -2.7449355985269346
1.224 -2.6427019906879274
1.225 -2.622200398073355
1.226 -2.6334627255584206
1.227 -2.6186773584083105
1.228 -2.683965597156223
1.229 -2.637126997793115
1.23 -2.604025840827866
1.231 -2.6068833807381404
1.232 -2.5508570065347156
1.233 -2.449456521625868
1.234 -2.379255717453936
1.235 -2.2983487915341936
1.236 -2.2064763531688576
1.237 -2.1513114332124994
1.238 -2.0263182859735336
1.239 -2.0349283280670734
1.24 -2.0878320516778137
1.241 -2.0676469242000772
1.242 -2.020099943006792
1.243 -1.9391868726020856
1.244 -1.8471378915524927
1.245 -1.7715312416930344
1.246 -1.7428827507063127
1.247 -1.740049239542552
1.248 -1.7073855814052354
1.249 -1.7050317315811587
1.25 -1.658506413553328
1.2510000000000001 -1.5328343995703977
1.252 -1.3638305516437632
1.2530000000000001 -1.3217432069996968
1.254 -1.2298124735151255
1.2550000000000001 -1.1899150030992602
1.256 -1.1452633909144447
1.2570000000000001 -1.1440153104191568
1.258 -1.2255181288583732
1.2590000000000001 -1.1694027638876705
1.26 -1.0662435466523092
1.2610000000000001 -0.9612556592024248
1.262 -0.9623825785116948
1.2630000000000001 -0.8719797923744479
1.264 -0.8845719378165555
1.2650000000000001 -0.858522909686034
1.266 -0.7666659369130661
1.2670000000000001 -0.7547380831726341
1.268 -0.8524951789333441
1.2690000000000001 -0.9942225061742769
1.27 -0.9998917283326179
1.2710000000000001 -0.9823628730971429
1.272 -1.004576383631039
1.2730000000000001 -1.0475367634980377
1.274 -0.9802945446314788
1.2750000000000001 -0.9572290923022164
1.276 -0.8983069423007922
1.2770000000000001 -0.7301669761019716
1.278 -0.5087596876506694
1.2790000000000001 -0.5416285426816938
1.28 -0.4934505862653874
1.281 -0.607193726848529
1.282 -0.5879720406989167
1.283 -0.6018794671493088
1.284 -0.5827326895004784
1.285 -0.5912680291252778
1.286 -0.5220046088226913
1.287 -0.46185303576832815
1.288 -0.5400207845505407
1.289 -0.4948018451594615
1.29 -0.5230431276242729
1.291 -0.6187677626402737
1.292 -0.6935447678182163
1.293 -0.7283348603333261
1.294 -0.608837242240733
1.295 -0.6293000875382877
1.296 -0.6438840863957701
1.297 -0.5923562437629841
1.298 -0.6389582340481834
1.299 -0.5485987558857703
1.3 -0.5185673120946274
1.301 -0.5658103361455995
1.302 -0.6309791450777904
1.303 -0.7262319862108374
1.304 -0.6653167266358129
1.305 -0.5707176429530394
1.306 -0.6887434035476123
1.307 -0.8076703733800712
1.308 -0.8819432119782064
1.309 -0.9406769559026718
1.31 -0.92719349580373
1.311 -1.0551548382383769
1.312 -1.082387234484209
1.313 -1.0398948926277118
1.314 -1.089507778115372
1.315 -1.095856066280827
1.316 -1.1403815127663437
1.317 -1.1832630456446205
1.318 -1.1596225071497845
1.319 -1.2144339846443626
1.32 -1.3137002141275875
1.321 -1.2006633853781579
1.322 -1.0725361552605162
1.323 -1.014149657095046
1.324 -1.0236065308745483
1.325 -1.0341799391293471
1.326 -1.0212313805914603
1.327 -1.0457747668740183
1.328 -1.0845879382658599
1.329 -1.1136074056062735
1.33 -1.1596615910711345
1.331 -1.1030627312596213
1.332 -1.0681854574836698
1.333 -1.0221388001352976
1.334 -1.1167569076185082
1.335 -0.992233045990323
1.336 -1.1266932260835578
1.337 -1.24238515529407
1.338 -1.1701567445894518
1.339 -1.0912132130341285
1.34 -1.1082064486372163
1.341 -1.1083793414902423
1.342 -1.1797871091116807
1.343 -1.2335222335938478
1.344 -1.30864867248536
1.345 -1.3141054216121884
1.346 -1.2603357299062399
1.347 -1.2954791471403344
1.348 -1.3217655005961677
1.349 -1.3944063580042219
1.35 -1.2721471178778672
1.351 -1.3143080697414646
1.352 -1.3260874268283436
1.353 -1.3717897001504264
1.354 -1.3399279845538068
1.355 -1.4185292324644663
1.356 -1.4150823519625981
1.357 -1.457527020567512
1.358 -1.4906474288463292
1.359 -1.5003900781288313
1.36 -1.571786591123079
1.361 -1.608944975070828
1.362 -1.6858958162835873
1.363 -1.6650315899748414
1.364 -1.527014675333149
1.365 -1.5500266269634366
1.366 -1.5824160907406426
1.367 -1.671477780737687
1.368 -1.6049156746562636
1.369 -1.531833251989016
1.37 -1.51623335143194
1.371 -1.5108293131709052
1.372 -1.5374365683300086
1.373 -1.56820389286597
1.374 -1.6415619835866326
1.375 -1.6587160802453194
1.3760000000000001 -1.750174526715035
1.377 -1.7766826954219352
1.3780000000000001 -1.864416846135398
1.379 -1.753718614542307
1.3800000000000001 -1.8167801755173922
1.381 -1.9510204496862258
1.3820000000000001 -1.9584079102009249
1.383 -2.03954943061745
1.3840000000000001 -2.0866117014248458
1.385 -2.1764365214758286
1.3860000000000001 -2.272795482065825
1.387 -2.2646862294137264
1.3880000000000001 -2.279883731361401
1.389 -2.2869498521859706
1.3900000000000001 -2.2966319746118304
1.391 -2.303025845475936
1.3920000000000001 -2.3841740842790062
1.393 -2.436491350947185
1.3940000000000001 -2.528431253820827
1.395 -2.5926480371926877
1.3960000000000001 -2.642726166801022
1.397 -2.664254142737746
1.3980000000000001 -2.607887852593214
1.399 -2.511890974974092
1.4000000000000001 -2.5626240212434057
1.401 -2.649933424976218
1.4020000000000001 -2.6622292325470434
1.403 -2.6472460426866813
1.4040000000000001 -2.637929790995611
1.405 -2.75051405312689
1.4060000000000001 -2.8850815646091643
1.407 -2.978852928274356
1.408 -3.069643112343972
1.409 -3.2127347373158726
1.41 -3.24477329622966
1.411 -3.248765690516837
1.412 -3.285472975301868
1.413 -3.3199769063616773
1.414 -3.2619985777316347
1.415 -3.3439660076848536
1.416 -3.3545547342219026
1.417 -3.375455635098922
1.418 -3.4317996930421906
1.419 -3.408388592819566
1.42 -3.4225597095014035
1.421 -3.4797966244811307
1.422 -3.6360892281576196
1.423 -3.682666441799008
1.424 -3.6366385247970734
1.425 -3.6714137549134147
1.426 -3.721924150887224
1.427 -3.793424518410242
1.428 -3.8913452495558056
1.429 -3.995220413159084
1.43 -3.959205866171571
1.431 -3.9873775053660077
1.432 -4.058292785005876
1.433 -4.076852345680479
1.434 -4.051698642528801
1.435 -4.123823859485354
1.436 -4.157275356083229
1.437 -4.086895717299056
1.438 -4.229381734866325
1.439 -4.318157675293776
1.44 -4.390869521441136
1.441 -4.419865617916698
1.442 -4.4869933406156575
1.443 -4.537067595534543
1.444 -4.533241997155901
1.445 -4.530212868058171
1.446 -4.466526197856252
1.447 -4.573818334083586
1.448 -4.5317230900176195
1.449 -4.727863583604597
1.45 -4.810571109795384
1.451 -4.841710703151907
1.452 -4.8046045489302225
1.453 -4.862163914139949
1.454 -4.88018918820769
1.455 -4.992526518431692
1.456 -5.045972793128085
1.457 -5.118653429285326
1.458 -5.190870889983256
1.459 -5.328022445556157
1.46 -5.385872645656338
1.461 -5.385473267832145
1.462 -5.475093140237795
1.463 -5.525652450619702
1.464 -5.575542355514289
1.465 -5.561562030409301
1.466 -5.596533097870193
1.467 -5.734538925221421
1.468 -5.812954464550404
1.469 -5.795047573758692
1.47 -5.787517440092848
1.471 -5.8923917211312276
1.472 -6.127271621335117
1.473 -6.140117323353873
1.474 -6.1595341364541145
1.475 -6.297383857073672
1.476 -6.303204437997776
1.477 -6.237141552898094
1.478 -6.203876345091788
1.479 -6.250320331546929
1.48 -6.237676517549786
1.481 -6.307876354327042
1.482 -6.313801251588462
1.483 -6.384391807355615
1.484 -6.507014768181321
1.485 -6.501135227478716
1.486 -6.527497288217332
1.487 -6.4804963090299506
1.488 -6.559583427834506
1.489 -6.5324909542793765
1.49 -6.554278416666355
1.491 -6.711104850413609
1.492 -6.785988857621111
1.493 -6.909629154251702
1.494 -6.974561527004824
1.495 -6.882975001874147
1.496 -6.911149047782561
1.497 -7.0024215830492045
1.498 -7.055327753528636
1.499 -7.048304798167361
1.5 -7.082203658998488
1.5010000000000001 -7.157133993380573
1.502 -7.149298723091153
1.5030000000000001 -7.2058439568176045
1.504 -7.296242265202524
1.5050000000000001 -7.356486405664347
1.506 -7.3750695770244965
1.5070000000000001 -7.300449772156988
1.508 -7.409602454556716
1.5090000000000001 -7.473400374745929
1.51 -7.511316356386943
1.5110000000000001 -7.5378953101196355
1.512 -7.479198981008302
1.5130000000000001 -7.40590184325922
1.514 -7.336465530514908
1.5150000000000001 -7.429004942153754
1.516 -7.464747950419959
1.5170000000000001 -7.475663195141184
1.518 -7.467737343884897
1.5190000000000001 -7.401633341142112
1.52 -7.472528936232304
1.5210000000000001 -7.485221341689324
1.522 -7.628679065649427
1.5230000000000001 -7.742440819086109
1.524 -7.809062839960131
1.5250000000000001 -7.783596860880629
1.526 -7.81317455869014
1.5270000000000001 -7.827914157033416
1.528 -7.839769200397755
1.5290000000000001 -7.804109110267854
1.53 -7.801736289579984
1.5310000000000001 -7.709003214316308
1.532 -7.76757416536627
1.5330000000000001 -7.908502522647967
1.534 -7.937669963080449
1.5350000000000001 -8.01419524875284
1.536 -7.8748746906562435
1.537 -7.894010423920673
1.538 -7.893431656871673
1.539 -7.914691320846548
1.54 -7.908438261229667
1.541 -7.892617700828157
1.542 -7.946973736263349
1.543 -7.902163887393607
1.544 -7.901605046535543
1.545 -7.910820060559255
1.546 -7.8557246314566225
1.547 -7.9028785011828235
1.548 -7.924071743763744
1.549 -7.800014122960653
1.55 -7.860586528969559
1.551 -7.796942558070398
1.552 -7.927789324047914
1.553 -7.887515666497101
1.554 -7.783423692144482
1.555 -7.797075027806057
1.556 -7.731935801450739
1.557 -7.711043187532693
1.558 -7.692940444477259
1.559 -7.7970430608198065
1.56 -7.742673316265855
1.561 -7.842009449829614
1.562 -7.917400986893926
1.563 -7.948292468742337
1.564 -7.9523799667319
1.565 -8.045974779446599
1.566 -8.080627699884587
1.567 -8.232027108840155
1.568 -8.34418000732165
1.569 -8.313506120821131
1.57 -8.350966785573387
1.571 -8.34355137860968
1.572 -8.448720781376931
1.573 -8.329470181884982
1.574 -8.310944173524158
1.575 -8.28405992412436
1.576 -8.250633471491689
1.577 -8.272754176549734
1.578 -8.292908290861186
1.579 -8.429430076583639
1.58 -8.395236987918963
1.581 -8.303077987087724
1.582 -8.19952983885398
1.583 -8.206111153153367
1.584 -8.282003453157873
1.585 -8.297997738348581
1.586 -8.34616459075222
1.587 -8.28507591954494
1.588 -8.29214504400947
1.589 -8.231212793684218
1.59 -8.22713029462468
1.591 -8.22472886441404
1.592 -8.306825504081022
1.593 -8.365657753265564
1.594 -8.505171476991837
1.595 -8.498791018178357
1.596 -8.436888609299432
1.597 -8.415629494276198
1.598 -8.402118813100405
1.599 -8.417986716611844
1.6 -8.401227913025538
1.601 -8.367928838705314
1.602 -8.31551676965753
1.603 -8.390485302305875
1.604 -8.426922104212204
1.605 -8.317082739244874
1.606 -8.320623044333663
1.607 -8.379529783624125
1.608 -8.45231554955779
1.609 -8.444313947403318
1.61 -8.414554131321822
1.611 -8.34635725282898
1.612 -8.333223607233391
1.613 -8.287306355942547
1.614 -8.258009494584964
1.615 -8.279123795205313
1.616 -8.25601636479384
1.617 -8.213568244710434
1.618 -8.125295435680501
1.619 -7.9149022842528645
1.62 -7.862635602896854
1.621 -7.700366133619782
1.622 -7.660649264438305
1.623 -7.5370588111987695
1.624 -7.52267567713968
1.625 -7.530326271065036
1.6260000000000001 -7.408152657209975
1.627 -7.4790664512852505
1.6280000000000001 -7.483179124677045
1.629 -7.457932496317185
1.6300000000000001 -7.568984232190614
1.631 -7.521129312344634
1.6320000000000001 -7.5031128798458155
1.633 -7.487146262887956
1.6340000000000001 -7.5117495458969685
1.635 -7.48238723954002
1.6360000000000001 -7.515211524868151
1.637 -7.46860617269129
1.6380000000000001 -7.3122543354095
1.639 -7.369906258580693
1.6400000000000001 -7.337418739655115
1.641 -7.382700634281336
1.6420000000000001 -7.401357787386159
1.643 -7.431665198212772
1.6440000000000001 -7.525680747115163
1.645 -7.379328703411944
1.6460000000000001 -7.410381140078341
1.647 -7.395189741135748
1.6480000000000001 -7.377877694449756
1.649 -7.542680168520039
1.6500000000000001 -7.414118521472623
1.651 -7.429474973808198
1.6520000000000001 -7.345678178043625
1.653 -7.195891324982434
1.6540000000000001 -7.270530112388013
1.655 -7.170474706406162
1.6560000000000001 -7.182475367222216
1.657 -7.154728658605681
1.6580000000000001 -7.054082961786573
1.659 -6.89820676817594
1.6600000000000001 -6.726176367015675
1.661 -6.542774462842842
1.6620000000000001 -6.499615242259274
1.663 -6.566887631879221
1.6640000000000001 -6.615077237018333
1.665 -6.552271837568879
1.666 -6.623814022818087
1.667 -6.523771532971773
1.668 -6.475944909595702
1.669 -6.535116898804431
1.67 -6.4480126271709794
1.671 -6.365712093859178
1.672 -6.376129029541566
1.673 -6.296121352698573
1.674 -6.366728187168015
1.675 -6.290295793434041
1.676 -6.1249569944496915
1.677 -6.102344924773121
1.678 -6.053848509177224
1.679 -5.985154969926204
1.68 -5.895607104394407
1.681 -5.832111829804468
1.682 -5.8068401478743175
1.683 -5.749115997428878
1.684 -5.676822370623522
1.685 -5.553277053567153
1.686 -5.480622892503322
1.687 -5.313744947241494
1.688 -5.238307545817099
1.689 -5.161693283914946
1.69 -5.041866460304037
1.691 -5.096896742150394
1.692 -5.019645787331401
1.693 -4.99040242268952
1.694 -5.019547002356329
1.695 -4.9664495872411045
1.696 -4.83467131802022
1.697 -4.766184454831828
1.698 -4.76840782662363
1.699 -4.6390361938168985
1.7 -4.627948752090969
1.701 -4.607732430465613
1.702 -4.533260351423399
1.703 -4.501030670814068
1.704 -4.379507342612215
1.705 -4.2980076942719885
1.706 -4.221703457229703
1.707 -4.110829778254151
1.708 -4.0217721722719295
1.709 -3.946574632772431
1.71 -3.878038047203593
1.711 -3.810644010865483
1.712 -3.7847858108246553
1.713 -3.7066097384555854
1.714 -3.6643644746943043
1.715 -3.489375589002486
1.716 -3.413027495625419
1.717 -3.2868487983839088
1.718 -3.1225777427326893
1.719 -3.181693220246318
1.72 -3.087485519606023
1.721 -3.0434252745752666
1.722 -2.939220540378589
1.723 -2.9164971260842307
1.724 -2.9011930752746653
1.725 -2.7808455315661473
1.726 -2.6489750252887885
1.727 -2.5207498625632394
1.728 -2.4874899050654697
1.729 -2.3971418929756725
1.73 -2.243047649777749
1.731 -2.0592898212265722
1.732 -2.110816802706747
1.733 -1.9888059537457714
1.734 -1.8833102360258402
1.735 -1.806525209323212
1.736 -1.7133337753713969
1.737 -1.5732606984060349
1.738 -1.4499026681356328
1.739 -1.3018540321036012
1.74 -1.3705666627020552
1.741 -1.3335078988431235
1.742 -1.1038554142397046
1.743 -0.9955862799210433
1.744 -0.8832756119154114
1.745 -0.7522039237644131
1.746 -0.6058610346651472
1.747 -0.5545962554644526
1.748 -0.4647343308480526
1.749 -0.424150129631177
1.75 -0.3677636160224024
1.7510000000000001 -0.3164732746090165
1.752 -0.272534267211835
1.7530000000000001 -0.3326483489891206
1.754 -0.2297123094551476
1.7550000000000001 -0.22921473172526166
1.756 -0.19600799084675175
1.7570000000000001 -0.1598779956929338
1.758 -0.0814681194527069
1.7590000000000001 -0.04367666174750819
1.76 0.004121420515961857
1.7610000000000001 -0.034647965250402916
1.762 0.08994310688387591
1.7630000000000001 0.11192210042291098
1.764 0.15413075167649204
1.7650000000000001 0.17664588805280138
1.766 0.27032441742458224
1.7670000000000001 0.22518794087562954
1.768 0.22943796626369609
1.7690000000000001 0.220439367723229
1.77 0.13642413202200232
1.7710000000000001 0.19417475219954328
1.772 0.2203989643919866
1.7730000000000001 0.09605945181762274
1.774 0.0906994706712818
1.7750000000000001 0.12057599838821642
1.776 0.15533926996061115
1.7770000000000001 0.18870254843979406
1.778 0.21796347860400836
1.7790000000000001 0.21980728569144506
1.78 0.2836406232317141
1.7810000000000001 0.2557434910518387
1.782 0.25050096849778336
1.7830000000000001 0.2150328596607944
1.784 0.2957623624157881
1.7850000000000001 0.13427608661740514
1.786 0.07250299113635547
1.7870000000000001 0.03995371108291695
1.788 0.0895601142456102
1.7890000000000001 0.11649783589049353
1.79 0.10465169988584412
1.7910000000000001 0.1971254967665125
1.792 0.11884380764931539
1.793 0.08093516148643648
1.794 0.012132702822819252
1.795 0.013782111380764584
1.796 -0.007345382908954102
1.797 -0.10592784044944593
1.798 -0.10516958952633308
1.799 -0.09752924057192043
1.8 -0.04621252949129514
1.801 -0.03670396315319935
1.802 0.09641560985228398
1.803 0.11593868833138554
1.804 0.19040454442572124
1.805 0.16077193433717807
1.806 0.16188508099695706
1.807 0.17428511859115622
1.808 0.12088034712090279
1.809 0.11776408767223256
1.81 0.18741265583736982
1.811 0.20791545518061563
1.812 0.25239082065949825
1.813 0.347335033107564
1.814 0.27692148437705144
1.815 0.1889012342158337
1.816 0.16702728707326736
1.817 0.23723942798063785
1.818 0.2698873230808015
1.819 0.22161895594203346
1.82 0.2050417619411243
1.821 0.14080243517757215
1.822 0.03180557490884647
1.823 -0.0027820337615352894
1.824 -0.10126434992509892
1.825 -0.11094708915825188
1.826 -0.061835707286839126
1.827 -0.08367506129442737
1.828 -0.11245234768353297
1.829 -0.15400316381705045
1.83 -0.14259536075357077
1.831 -0.2178754169202311
1.832 -0.22136948435866277
1.833 -0.3391827169782411
1.834 -0.2981345562134685
1.835 -0.34145372234575194
1.836 -0.3540960775939093
1.837 -0.48956686722746734
1.838 -0.4933065657673645
1.839 -0.4017057737341562
1.84 -0.4480905527329412
1.841 -0.38919933875374974
1.842 -0.3856837217024322
1.843 -0.2676094563799454
1.844 -0.41139476746102566
1.845 -0.3696157146038784
1.846 -0.4777040880835529
1.847 -0.3409254891427701
1.848 -0.34894272903802115
1.849 -0.38391739376377515
1.85 -0.43807401735133716
1.851 -0.4966477986581329
1.852 -0.48594206044250465
1.853 -0.5089126136940421
1.854 -0.5799038455043459
1.855 -0.6162082012756314
1.856 -0.6464578293852175
1.857 -0.6092112485967931
1.858 -0.5529907339634081
1.859 -0.5598772839382526
1.86 -0.5519399046272706
1.861 -0.49300299955554233
1.862 -0.452491607723261
1.863 -0.4205820650678798
1.864 -0.35566164815350937
1.865 -0.3808455455682972
1.866 -0.3188736155213741
1.867 -0.2119838017927526
1.868 -0.17151337617406603
1.869 -0.19613931099884507
1.87 -0.24598206201935222
1.871 -0.30792990219809824
1.872 -0.22490722551683134
1.873 -0.12879640575612925
1.874 -0.13257451625852557
1.875 -0.17833780628453186
1.8760000000000001 -0.19652102470902277
1.877 -0.26712905131619746
1.8780000000000001 -0.19710402724425707
1.879 -0.16422483703698615
1.8800000000000001 -0.02674125978871239
1.881 0.0035881385131308306
1.8820000000000001 -0.05874431279562284
1.883 -0.12901087849191362
1.8840000000000001 -0.15899063543722694
1.885 -0.05951292392639329
1.8860000000000001 -0.13551196890762945
1.887 -0.1591198848036058
1.8880000000000001 -0.1187155121608657
1.889 -0.24671411905908275
1.8900000000000001 -0.29231909966228864
1.891 -0.2897181863316374
1.8920000000000001 -0.26304900175817053
1.893 -0.19647326663946324
1.8940000000000001 -0.10045728167437401
1.895 -0.05092233075122401
1.8960000000000001 -0.0747665072250519
1.897 -0.16021143883728242
1.8980000000000001 -0.20575582480408575
1.899 -0.22689305690564165
1.9000000000000001 -0.23632356108881905
1.901 -0.2786378687920618
1.9020000000000001 -0.3164571253917781
1.903 -0.32219137066563613
1.9040000000000001 -0.3083313750866023
1.905 -0.40910755674499377
1.9060000000000001 -0.4320000385189258
1.907 -0.3433831495302676
1.9080000000000001 -0.2964501303905812
1.909 -0.25932240890983815
1.9100000000000001 -0.1724243531175877
1.911 -0.23505688089361526
1.9120000000000001 -0.2017964094953575
1.913 -0.2127531573180328
1.9140000000000001 -0.24967352050942362
1.915 -0.22452544596200205
1.9160000000000001 -0.2627448905718483
1.917 -0.28727167276393706
1.9180000000000001 -0.28293708430865316
1.919 -0.3637347948555315
1.92 -0.3668139725268829
1.921 -0.4026557001695099
1.922 -0.40558783193079634
1.923 -0.39712141267215856
1.924 -0.448214331054896
1.925 -0.40197353813421277
1.926 -0.24357858526675122
1.927 -0.30702945920998825
1.928 -0.3367203291156957
1.929 -0.37312584261977544
1.93 -0.3715237861240661
1.931 -0.4532667533758641
1.932 -0.567684071979373
1.933 -0.5265588880243537
1.934 -0.6149432279564878
1.935 -0.697381592945492
1.936 -0.6511546593327506
1.937 -0.7125377946948434
1.938 -0.7242886153555073
1.939 -0.674060236802237
1.94 -0.7065102917075062
1.941 -0.6680725880852447
1.942 -0.7055758614933628
1.943 -0.7140487212956099
1.944 -0.7755246337301749
1.945 -0.7622765714076674
1.946 -0.7715994966161474
1.947 -0.7846789912381865
1.948 -0.8455313859088252
1.949 -0.8730865584480281
1.95 -0.8363852460856493
1.951 -0.8485662729005623
1.952 -0.8094167470371979
1.953 -0.7974054516177491
1.954 -0.7476963908439659
1.955 -0.7905973529204811
1.956 -0.69528759643224
1.957 -0.736478921728273
1.958 -0.6301947975261104
1.959 -0.6344885449726637
1.96 -0.6850978920578973
1.961 -0.733253105392713
1.962 -0.6769780834526102
1.963 -0.7350257300574431
1.964 -0.7513379627673676
1.965 -0.8616237241355472
1.966 -0.8551635829826053
1.967 -0.8316136776334376
1.968 -0.82798653626523
1.969 -0.8372619798805827
1.97 -0.9063346864237306
1.971 -0.9018285091594588
1.972 -0.9796106212397454
1.973 -0.9425387855205407
1.974 -1.0351085641741828
1.975 -1.0978424446262547
1.976 -0.986737901413188
1.977 -0.8421978756925556
1.978 -0.80839138997238
1.979 -0.7640205651306687
1.98 -0.6764274096186931
1.981 -0.7328481775580493
1.982 -0.7343533392670887
1.983 -0.7187522530916561
1.984 -0.7418431448887183
1.985 -0.7764416599890722
1.986 -0.7365795409407241
1.987 -0.5889211879830658
1.988 -0.6370156418223187
1.989 -0.6150216104756975
1.99 -0.6790585203734083
1.991 -0.6746196324629193
1.992 -0.6778522909373745
1.993 -0.7642609102818791
1.994 -0.8372558428557256
1.995 -0.751656425289487
1.996 -0.7756510113874998
1.997 -0.8469394150645584
1.998 -0.944407994453098
1.999 -0.8138407201104559
2.0 -0.8266165948022303
2.001 -0.8289960381247079
2.0020000000000002 -0.8072746325553913
2.003 -0.8573352480396652
2.004 -0.7774603202677948
2.005 -0.8884237611225958
2.0060000000000002 -0.9475430371083369
2.007 -0.9486265141461794
2.008 -1.0933286430716873
2.009 -1.0082673405227562
2.0100000000000002 -0.9996403775121897
2.011 -0.936799488131981
2.012 -0.966200178850181
2.013 -0.8913031335361482
2.0140000000000002 -0.8734959620897427
2.015 -0.8637520471386134
2.016 -0.916214016548583
2.017 -0.9019030746973761
2.0180000000000002 -0.9032795817116164
2.019 -1.0097726983890563
2.02 -1.0207471314415624
2.021 -0.9129612750437711
2.0220000000000002 -0.9133119697856599
2.023 -0.9745594291587582
2.024 -1.0161799265969014
2.025 -1.0549486606727152
2.0260000000000002 -0.9720888301843559
2.027 -1.0103880040599633
2.028 -1.071555726193445
2.029 -1.0632905977755063
2.0300000000000002 -1.0438495491634587
2.031 -0.9704635487312058
2.032 -1.055324199835199
2.033 -1.0233147617391576
2.0340000000000003 -0.9738356712923694
2.035 -0.8698303195217635
2.036 -0.8094953852222838
2.037 -0.7247803104352127
2.0380000000000003 -0.7151851604469769
2.039 -0.7577235636474079
2.04 -0.7404075616666665
2.041 -0.6883326203520372
2.0420000000000003 -0.6937309682524401
2.043 -0.7557705961736009
2.044 -0.9552829990684669
2.045 -1.0622332069708937
2.0460000000000003 -1.1568510975878306
2.047 -1.1292317789887774
2.048 -1.1209321105613936
2.049 -1.1997477161496302
2.05 -1.1671428626890747
2.051 -1.2524033536582788
2.052 -1.2376379237768784
2.053 -1.3244699478913013
2.054 -1.3536371438289374
2.055 -1.3215754181515726
2.056 -1.301856129891594
2.057 -1.2972153144736078
2.058 -1.3664249934420765
2.059 -1.346561930360288
2.06 -1.4362123048227937
2.061 -1.4206084144692328
2.062 -1.4349141036229005
2.063 -1.36151502239411
2.064 -1.4268091628730444
2.065 -1.5182834516480765
2.066 -1.5614026437384532
2.067 -1.5028860814208496
2.068 -1.3882466636148287
2.069 -1.342055727453434
2.07 -1.263746043547589
2.071 -1.20139291709021
2.072 -1.0825319795534218
2.073 -1.1113060634911822
2.074 -1.1584836849063413
2.075 -1.136102063286974
2.076 -1.1474318313604637
2.077 -1.1470729939459465
2.078 -1.2213689209483458
2.079 -1.2395622368889603
2.08 -1.2334393687814766
2.081 -1.2474960650563804
2.082 -1.2978068771178672
2.083 -1.4252595364188636
2.084 -1.3402845982811487
2.085 -1.4411394058435316
2.086 -1.373756549275362
2.087 -1.4461118581213295
2.088 -1.3472877506783651
2.089 -1.411623375582451
2.09 -1.301042865070785
2.091 -1.4393574139211043
2.092 -1.3862415458163808
2.093 -1.2802832251864606
2.094 -1.3846650317459637
2.095 -1.3871703830775441
2.096 -1.5069896847948805
2.097 -1.5645963806902097
2.098 -1.5731663617163258
2.099 -1.6146962926835222
2.1 -1.5629904258527365
2.101 -1.6625562822037439
2.102 -1.5428599845691267
2.103 -1.5225467390575607
2.104 -1.5287374742037645
2.105 -1.4705874343449041
2.106 -1.463182894817016
2.107 -1.5882315692194198
2.108 -1.4972922759945302
2.109 -1.489018728170043
2.11 -1.531429027004354
2.111 -1.5178928975688888
2.112 -1.3658201594670731
2.113 -1.4458392695506186
2.114 -1.4349581423504663
2.115 -1.4604002319495235
2.116 -1.4606884353004546
2.117 -1.3955035059271366
2.118 -1.4443335358949447
2.119 -1.429137923897061
2.12 -1.4657066276498545
2.121 -1.3574909852785453
2.122 -1.3306800555333436
2.123 -1.1551568598830866
2.124 -1.0956108533536326
2.125 -1.0901718539273613
2.126 -1.0095984443493822
2.1270000000000002 -1.031861806869772
2.128 -1.1198566544263509
2.129 -1.1069797222467277
2.13 -1.0880019189472054
2.1310000000000002 -1.0356848707400932
2.132 -1.0788453126223223
2.133 -1.1310415250552437
2.134 -1.177220823035111
2.1350000000000002 -1.1154796467812436
2.136 -1.0242772789834786
2.137 -0.9394466837757048
2.138 -1.0246523920593509
2.1390000000000002 -1.0522514541535315
2.14 -0.9900089541693289
2.141 -0.895477282185379
2.142 -0.9555391393605159
2.1430000000000002 -0.958930578075561
2.144 -1.0039230932569116
2.145 -1.0764584032935691
2.146 -1.055667404875763
2.1470000000000002 -1.0421382950465052
2.148 -0.9788987445169828
2.149 -0.881072169763546
2.15 -0.8561793543849044
2.1510000000000002 -0.8372497517796389
2.152 -0.8764750649083766
2.153 -0.8810961699623004
2.154 -0.863434853891883
2.1550000000000002 -0.8978656793945298
2.156 -0.9525936356573356
2.157 -0.9923637139903306
2.158 -0.9824990696340822
2.1590000000000003 -0.9903482086603869
2.16 -0.9620768772428662
2.161 -1.0230095261133967
2.162 -1.0559400011735676
2.1630000000000003 -0.9924709779479441
2.164 -1.0527341992881807
2.165 -1.1331395603215124
2.166 -0.9883600514723211
2.1670000000000003 -0.9303452974780824
2.168 -1.0327589075666548
2.169 -1.0882118130948124
2.17 -1.0740078245226243
2.1710000000000003 -0.9556315915343555
2.172 -1.0537731807167778
2.173 -1.0082327569315945
2.174 -0.9728455479285808
2.1750000000000003 -0.8344600742055803
2.176 -0.747035774319132
2.177 -0.7847694034852454
2.178 -0.7533698727265299
2.179 -0.8213639002359143
2.18 -0.6773400672401195
2.181 -0.6450875036451226
2.182 -0.5602834804180792
2.183 -0.6033079792692614
2.184 -0.6330685268087104
2.185 -0.660439185175244
2.186 -0.607969079661331
2.187 -0.5643883736715947
2.188 -0.4676576757606356
2.189 -0.48013547333010365
2.19 -0.4423484081106516
2.191 -0.40917046889186814
2.192 -0.41009405527822274
2.193 -0.35308339026820157
2.194 -0.3256143969673388
2.195 -0.2818801181763871
2.196 -0.2313056301161569
2.197 -0.1890729603049596
2.198 -0.26057836838188486
2.199 -0.19904475584582296
2.2 -0.10877621048189329
2.201 -0.11971112142252828
2.202 -0.08266317835283285
2.203 -0.01010473993716729
2.204 -0.018826112894830542
2.205 0.006561008159705551
2.206 -0.05268524203860654
2.207 -0.03951806631525263
2.208 -0.12423401798588202
2.209 -0.18405203507221482
2.21 -0.18349655111227578
2.211 -0.24183515279417414
2.212 -0.26198707118468717
2.213 -0.3690367808702207
2.214 -0.35324722075993437
2.215 -0.36493150921285405
2.216 -0.43791654346204967
2.217 -0.5596872885778654
2.218 -0.5582487797903511
2.219 -0.46556604154909154
2.22 -0.5288502312499703
2.221 -0.5388860565949586
2.222 -0.5414783812879015
2.223 -0.44023296583309807
2.224 -0.47677498275232694
2.225 -0.48282112024310125
2.226 -0.4757167133242521
2.227 -0.43597075226267534
2.228 -0.4134748739644047
2.229 -0.4405894904720185
2.23 -0.3953555003882635
2.231 -0.4212310013070161
2.232 -0.4249949882167172
2.233 -0.4045173289290147
2.234 -0.3170372126878246
2.235 -0.32911019801615815
2.236 -0.2886435574771566
2.237 -0.2729813993547618
2.238 -0.36977216958489934
2.239 -0.2806533791734633
2.24 -0.27521045091734464
2.241 -0.23798150884994043
2.242 -0.2828773457657286
2.243 -0.3401724601790779
2.244 -0.39163628470223244
2.245 -0.35472898226424737
2.246 -0.415471048217567
2.247 -0.3839926206692867
2.248 -0.26913688189049
2.249 -0.2557739806459318
2.25 -0.20531943269247477
2.251 -0.20715061922160385
2.2520000000000002 -0.17886409926328126
2.253 -0.19354403392889402
2.254 -0.09181108302116647
2.255 -0.11274974541240586
2.2560000000000002 -0.04906303709257388
2.257 -0.12415038401272747
2.258 -0.06320084310121366
2.259 -0.1597608181733325
2.2600000000000002 -0.27952464480163264
2.261 -0.32898157693371544
2.262 -0.2783961596352144
2.263 -0.20761389636389982
2.2640000000000002 -0.26371782487029943
2.265 -0.27686369671035616
2.266 -0.23917505654502644
2.267 -0.28874353667407143
2.2680000000000002 -0.2938962647698711
2.269 -0.3234872240970205
2.27 -0.22613350072257785
2.271 -0.1421598046152847
2.2720000000000002 -0.03110156736298418
2.273 -0.01041390207153475
2.274 0.11448681301883779
2.275 0.01363025866780293
2.2760000000000002 -0.010077955734415181
2.277 -0.021519094629921742
2.278 0.03691170897153466
2.279 0.041025892645481433
2.2800000000000002 0.001977560253700071
2.281 -0.08275721737417915
2.282 0.0032525043203137094
2.283 -0.11869734263593225
2.2840000000000003 -0.12483200821404128
2.285 -0.16006849577537915
2.286 -0.0576973156349215
2.287 -0.05203515668382887
2.2880000000000003 -0.13451349259772427
2.289 -0.11022943958332962
2.29 -0.11669274061189815
2.291 -0.10348919801672908
2.2920000000000003 -0.11289996065200875
2.293 -0.041601986430607266
2.294 0.021294384250735182
2.295 0.046969779092567276
2.2960000000000003 0.0805664351781539
2.297 0.1551350464563473
2.298 0.19420353294714088
2.299 0.1943116010449025
2.3000000000000003 0.20469584809431293
2.301 0.23784276457817796
2.302 0.2138059267466995
2.303 0.1550882618630358
2.3040000000000003 0.20565060771041246
2.305 0.20474057177832228
2.306 0.23923794448217994
2.307 0.2658346163504385
2.308 0.23832755251999588
2.309 0.2572265112194647
2.31 0.39075288243442396
2.311 0.3176697264439657
2.312 0.3572089756734075
2.313 0.4509903973721414
2.314 0.5023410603874643
2.315 0.4569249686719866
2.316 0.4969737867445343
2.317 0.4586104652009903
2.318 0.46668632900049073
2.319 0.4542861108737883
2.32 0.4545754504801368
2.321 0.3597866948100615
2.322 0.3445982966430276
2.323 0.30463139214343654
2.324 0.23517502544484162
2.325 0.27970836376218583
2.326 0.2419471920819179
2.327 0.32997665043201624
2.328 0.3856026951552904
2.329 0.431504069326534
2.33 0.4261184665635696
2.331 0.37989940922755094
2.332 0.4395491091868094
2.333 0.4925817668141337
2.334 0.5454212963005239
2.335 0.4681119776457809
2.336 0.40776557256371293
2.337 0.32053774124296724
2.338 0.3138667884206216
2.339 0.29283401184020025
2.34 0.3693551341095166
2.341 0.3580272220040829
2.342 0.43468061402772573
2.343 0.3421159742823561
2.344 0.3811827886149872
2.345 0.43984624850211246
2.346 0.42933742821951126
2.347 0.38254150328586994
2.348 0.4387285845036142
2.349 0.438455510638159
2.35 0.35385814381164465
2.351 0.3501461896489705
2.352 0.2778339671448137
2.353 0.3319022379645977
2.354 0.4270625154703666
2.355 0.4909077605581211
2.356 0.3748065665624766
2.357 0.43568272977973227
2.358 0.41037276915452925
2.359 0.2631843416547651
2.36 0.13190437913283712
2.361 0.05797753070253517
2.362 0.05834524745613246
2.363 0.02686511250004671
2.364 0.07882108993608081
2.365 0.059025031488327814
2.366 -0.06753644462468529
2.367 -0.04596638479024279
2.368 -0.13022035262703488
2.369 -0.017105013677036845
2.37 -0.03279635040670917
2.371 -0.02641821124753508
2.372 0.0045793461021153
2.373 -0.0604959435389599
2.374 0.06357115279161038
2.375 0.18135702482618432
2.376 0.11816310294502771
2.3770000000000002 0.1159727735167304
2.378 0.1588774041774754
2.379 0.2453114605406342
2.38 0.20744361686136975
2.3810000000000002 0.3278076793260893
2.382 0.31933586334382924
2.383 0.2551590798918138
2.384 0.26412588994498715
2.3850000000000002 0.27902500767961896
2.386 0.2010322507794118
2.387 0.25377171175168756
2.388 0.14798289478731086
2.3890000000000002 0.0701497127902406
2.39 0.056698625121682576
2.391 -0.02982017046470343
2.392 -0.0860722042710803
2.3930000000000002 -0.0846514601893236
2.394 -0.1290177202514642
2.395 -0.07339820784388937
2.396 -0.12832759953361303
2.3970000000000002 -0.05903296388671889
2.398 -0.10051551435952277
2.399 -0.19672813781395926
2.4 -0.12534223440657732
2.4010000000000002 -0.0428252627585433
2.402 -0.03271725179384821
2.403 0.007504580825096578
2.404 -0.012951076032352245
2.4050000000000002 -0.11376180215213688
2.406 -0.0427551863042131
2.407 0.05450822782666408
2.408 0.11294070515154599
2.4090000000000003 0.1384307400315013
2.41 0.25898777403358364
2.411 0.20702941624680812
2.412 0.27883662745738946
2.4130000000000003 0.3138823136108366
2.414 0.13269204353690733
2.415 0.19402986033907207
2.416 0.22223961146467416
2.4170000000000003 0.22157196208456323
2.418 0.18690600198451435
2.419 0.2875829334364709
2.42 0.2836549283829483
2.4210000000000003 0.1850944169670437
2.422 0.15879608956444752
2.423 0.09631643833745751
2.424 0.10176844810344089
2.4250000000000003 0.1517572821438415
2.426 0.14530995192706236
2.427 0.0752124290248638
2.428 0.1538367707484279
2.4290000000000003 0.1936745495229
2.43 0.13678979477609676
2.431 0.13964883726654775
2.432 0.11810431864209969
2.433 0.06799765356769674
2.434 0.04153147391301068
2.435 -0.046282516890944064
2.436 -0.015875725438525383
2.437 -0.026931000118002237
2.438 -0.14821360589603486
2.439 -0.17430963717778086
2.44 -0.18880856149973727
2.441 -0.17581508698871973
2.442 -0.07207767126138236
2.443 -0.041801342414681225
2.444 -0.12099371152144929
2.445 -0.09193668988247827
2.446 -0.02123210607177843
2.447 -0.05630386501282485
2.448 0.0603055385182886
2.449 0.02737353538489634
2.45 -0.20935375262938066
2.451 -0.2255995340048729
2.452 -0.28194714566749723
2.453 -0.3835323591981019
2.454 -0.358014043062491
2.455 -0.3857971897238406
2.456 -0.36382851070906475
2.457 -0.22668932131023084
2.458 -0.14336054624900482
2.459 -0.12726081272008705
2.46 -0.14212371253645356
2.461 -0.16482194628562175
2.462 -0.16494388106101981
2.463 -0.11799214075136072
2.464 -0.0771262429199634
2.465 -0.09595818123400972
2.466 -0.11472603873286574
2.467 -0.13773256623398933
2.468 -0.11679470582188944
2.469 0.02579378348975836
2.47 0.07613654287469032
2.471 0.10666975728111329
2.472 0.060100871944222645
2.473 0.1886195542619924
2.474 0.2497364251112263
2.475 0.30063881722578306
2.476 0.32896019007261973
2.477 0.22708279391706138
2.478 0.24018475425471528
2.479 0.31653076780228206
2.48 0.3024139204793517
2.481 0.2756088126041201
2.482 0.248941339617271
2.483 0.33784491177506293
2.484 0.2719313962763196
2.485 0.2194712798824368
2.486 0.28643886050820944
2.487 0.24853615578719035
2.488 0.23515117323084989
2.489 0.27189874887906207
2.49 0.31239448411543463
2.491 0.24302378531122681
2.492 0.2734936964740108
2.493 0.24757876308537632
2.494 0.24618661032451022
2.495 0.22166375871052538
2.496 0.26958495494299084
2.497 0.29701679204708525
2.498 0.28093302741852455
2.499 0.21353373484669674
2.5 0.1799267279515592
2.501 0.280929478728016
2.5020000000000002 0.19155072189146446
2.503 0.19263751190819625
2.504 0.18199906613814587
2.505 0.1934925631574857
2.5060000000000002 0.2289206145888118
2.507 0.2985574466132493
2.508 0.29679387457670936
2.509 0.3290424759686439
2.5100000000000002 0.3397157970491215
2.511 0.3644975353954088
2.512 0.29229436422178234
2.513 0.37268210687968306
2.5140000000000002 0.34978003244305905
2.515 0.4913526881910992
2.516 0.5282311078178636
2.517 0.414576615277954
2.5180000000000002 0.3910607509038632
2.519 0.2874710767389152
2.52 0.3244095378550711
2.521 0.2704005808454318
2.5220000000000002 0.24237633642225984
2.523 0.22526006189619704
2.524 0.3069168930369871
2.525 0.3299169920859664
2.5260000000000002 0.29883697340976767
2.527 0.31704325628272473
2.528 0.3230107777925824
2.529 0.38833303874674685
2.5300000000000002 0.4917127877754441
2.531 0.48387998428530876
2.532 0.5170942147410592
2.533 0.5631794537400563
2.5340000000000003 0.5947339887381384
2.535 0.5590553902521036
2.536 0.5948975032045742
2.537 0.559552149368357
2.5380000000000003 0.5327457331800003
2.539 0.6035208189478438
2.54 0.48049451317433484
2.541 0.5738895609889345
2.5420000000000003 0.6431634774457008
2.543 0.6224704586523201
2.544 0.5629455615109905
2.545 0.581855167083615
2.5460000000000003 0.6457246111784408
2.547 0.6353405874666134
2.548 0.7384305242308921
2.549 0.8482226451699985
2.5500000000000003 0.8240688971640239
