0.0 -0.6829286491793198
0.001 -0.6688466047593487
0.002 -0.6771787687819152
0.003 -0.6830939277873834
0.004 -0.6074137644154018
0.005 -0.6578504517035787
0.006 -0.6050121956150817
0.007 -0.6102111851499826
0.008 -0.5739733126635246
0.009000000000000001 -0.5020712304603769
0.01 -0.42672352176716927
0.011 -0.5183412247269128
0.012 -0.40694149358678966
0.013000000000000001 -0.39229826841673565
0.014 -0.419282188839499
0.015 -0.45742239072632956
0.016 -0.3636068966609883
0.017 -0.4141084624035164
0.018000000000000002 -0.43460282638199865
0.019 -0.37601092852063944
0.02 -0.38150591880177204
0.021 -0.3294855114618613
0.022 -0.26366404122534076
0.023 -0.27234224667474416
0.024 -0.23335215917277044
0.025 -0.23298675547570943
0.026000000000000002 -0.22049687697868647
0.027 -0.19420924967604158
0.028 -0.1434151169618983
0.029 -0.17587685888300186
0.03 -0.1433900633579448
0.031 -0.15592544489886578
0.032 -0.1931095691817275
0.033 -0.1387836327766182
0.034 -0.1463586901357237
0.035 -0.13428288991500695
0.036000000000000004 -0.12326337396007091
0.037 -0.13289515968774607
0.038 -0.24494967706122325
0.039 -0.2116977696847673
0.04 -0.32897535330590644
0.041 -0.2770713035624537
0.042 -0.200648642950819
0.043000000000000003 -0.32406495040134464
0.044 -0.38160082305429266
0.045 -0.22415022908530835
0.046 -0.21107689866644316
0.047 -0.19175173828633094
0.048 -0.27007876636957584
0.049 -0.4038137633528472
0.05 -0.4009056884714475
0.051000000000000004 -0.291606559030265
0.052000000000000005 -0.3465527481583611
0.053 -0.371387267577407
0.054 -0.3892151428433805
0.055 -0.4373386834074426
0.056 -0.41907037279316206
0.057 -0.5215647389374969
0.058 -0.492552537718402
0.059000000000000004 -0.4644364706438226
0.06 -0.4277019415220692
0.061 -0.4291278410772724
0.062 -0.423929550066192
0.063 -0.5145828062662804
0.064 -0.5582805529264
0.065 -0.7213581081468295
0.066 -0.6341160145645447
0.067 -0.617055443799128
0.068 -0.5902646436667224
0.069 -0.6590085728820688
0.07 -0.6510176158476829
0.07100000000000001 -0.7633031729766754
0.07200000000000001 -0.7788189715498148
0.073 -0.7347574465664717
0.074 -0.8071856451052082
0.075 -0.85018997734656
0.076 -0.8204946369412359
0.077 -0.9426329406178704
0.078 -0.8461383500051599
0.079 -0.838811443180811
0.08 -0.7777569558450921
0.081 -0.7977028676070474
0.082 -0.7491040363618348
0.083 -0.802798715862077
0.084 -0.7863930381014765
0.085 -0.8452828316804966
0.08600000000000001 -0.8827928868149892
0.08700000000000001 -0.8639161365677093
0.088 -0.8752025425275672
0.089 -0.9668048447389026
0.09 -0.8842110869662263
0.091 -0.9624610662344671
0.092 -0.9853841966663286
0.093 -1.0953912890167554
0.094 -1.2096921009006187
0.095 -1.2504015168967066
0.096 -1.24658972015663
0.097 -1.2615022971062189
0.098 -1.2435572762341263
0.099 -1.2054695151152632
0.1 -1.2470639047773282
0.101 -1.3476723291446062
0.10200000000000001 -1.225536715589787
0.10300000000000001 -1.1671886256932293
0.10400000000000001 -1.1395798867955962
0.105 -1.1222050130020818
0.106 -1.164889924241212
0.107 -1.1328785652972337
0.108 -1.2209749042416558
0.109 -1.2797971615598893
0.11 -1.213903432787041
0.111 -1.2513504670450626
0.112 -1.1571654038465053
0.113 -1.2980103320592336
0.114 -1.2259160161593052
0.115 -1.1952041078455666
0.116 -1.1944047106398357
0.117 -1.188758936083239
0.11800000000000001 -1.1583068258381306
0.11900000000000001 -1.1786931947430699
0.12 -0.9912215868811498
0.121 -0.9523583594061665
0.122 -0.9860356630978925
0.123 -0.9808122870068678
0.124 -1.0771291776270164
0.125 -1.1126149260025753
0.126 -1.1000838710024596
0.127 -0.9328230486812567
0.128 -0.974251567269853
0.129 -0.9467926792268417
0.13 -0.8682432545390648
0.131 -0.8664318019494786
0.132 -0.8857860405430351
0.133 -0.8821612054530599
0.134 -0.9430834037274415
0.135 -0.9323343582191445
0.136 -0.9299332028245724
0.137 -0.9370849235838007
0.138 -0.9090040318897746
0.139 -1.0015120332573146
0.14 -1.0229449090969216
0.14100000000000001 -1.0087248564960476
0.14200000000000002 -1.056470707234074
0.14300000000000002 -0.9730676333287697
0.14400000000000002 -0.8566648462241523
0.145 -0.8568014969175531
0.146 -0.8848678535156398
0.147 -0.8555644122267375
0.148 -0.8304472818788047
0.149 -0.8543969474977823
0.15 -0.8359116176734663
0.151 -0.8122709793328797
0.152 -0.8466176844217296
0.153 -0.8214784766128975
0.154 -0.7806468673125567
0.155 -0.8403279905806411
0.156 -0.7793661744515025
0.157 -0.8073049153902248
0.158 -0.8256196528159927
0.159 -0.8933880638254477
0.16 -0.8890326763119878
0.161 -0.8762720052380255
0.162 -0.8507905148223593
0.163 -0.884571264770331
0.164 -0.9165627110225921
0.165 -0.9390213471078807
0.166 -0.824746993386871
0.167 -0.9356259475048174
0.168 -1.023663585870577
0.169 -0.9803095604052448
0.17 -0.957932584041022
0.171 -1.0367004897286625
0.17200000000000001 -1.0924311324711158
0.17300000000000001 -1.0599989404334338
0.17400000000000002 -0.994383894481139
0.17500000000000002 -0.9193638030256199
0.176 -0.8775878680175825
0.177 -0.8713513133057005
0.178 -0.8877314551061659
0.179 -0.8694495399040897
0.18 -0.8544368895198889
0.181 -0.8687170000194075
0.182 -0.8909045547749529
0.183 -0.855911587743882
0.184 -0.7928265856825735
0.185 -0.7903024577927071
0.186 -0.7613076105922083
0.187 -0.7302758611869865
0.188 -0.6208785955723837
0.189 -0.5300497314203829
0.19 -0.5556568217258967
0.191 -0.3579392483807311
0.192 -0.29099888966332693
0.193 -0.4220416113021265
0.194 -0.31645613128600575
0.195 -0.317213645518097
0.196 -0.2158174299466556
0.197 -0.2264219961294885
0.198 -0.19605062164278814
0.199 -0.10893913871110088
0.2 -0.2230740229311788
0.201 -0.13704487207988997
0.202 -0.256424508270327
0.203 -0.3854790533159521
0.20400000000000001 -0.3745435658583847
0.20500000000000002 -0.4044534238659971
0.20600000000000002 -0.376559878297632
0.20700000000000002 -0.2147686255444641
0.20800000000000002 -0.1957886479131891
0.209 -0.24683436438576456
0.21 -0.2672169426950502
0.211 -0.3282489521507174
0.212 -0.39204199062748446
0.213 -0.35012520649773105
0.214 -0.23967005959684246
0.215 -0.16623270638462007
0.216 -0.13152138612862402
0.217 -0.1448613456270355
0.218 -0.18594167206124151
0.219 -0.04858082309475251
0.22 -0.048573421941688476
0.221 0.008265408933100286
0.222 -0.02573492195415445
0.223 -0.04083340970097999
0.224 -0.008053200811549276
0.225 -0.10444221540800236
0.226 -0.13037164892712955
0.227 -0.1298717699905728
0.228 -0.0406690032068643
0.229 -0.0030747411247159587
0.23 0.024020775742395528
0.231 0.03135203728028579
0.232 0.04176346463825321
0.233 -0.0029264795571395247
0.234 0.11807193255118861
0.23500000000000001 0.12121615153401083
0.23600000000000002 0.20393178775607074
0.23700000000000002 0.22849478590397387
0.23800000000000002 0.2848440096817683
0.23900000000000002 0.22514047054524325
0.24 0.3797282509326746
0.241 0.313405297802949
0.242 0.3754538934157831
0.243 0.37572340067940413
0.244 0.3676330195532927
0.245 0.32731693967129066
0.246 0.34735731973334255
0.247 0.3555385499932712
0.248 0.383898257286422
0.249 0.3906237495964311
0.25 0.37638471431809606
0.251 0.35539476216136007
0.252 0.2768017347906907
0.253 0.31909053877106314
0.254 0.2398559126537523
0.255 0.2826332956960512
0.256 0.2643693179458094
0.257 0.33569806985294304
0.258 0.3697143539640877
0.259 0.3136886792415339
0.26 0.3553825580545481
0.261 0.41529375627366943
0.262 0.4414350927896923
0.263 0.37788029736842965
0.264 0.49975066971676574
0.265 0.37892256034075805
0.266 0.3393169154030937
0.267 0.3612884418057614
0.268 0.4246250096503672
0.269 0.5258742536758592
0.27 0.4666715470968491
0.271 0.3548775180427596
0.272 0.3368410106394005
0.273 0.4026820647210233
0.274 0.39432940143014067
0.275 0.43322147187395044
0.276 0.4679016920384273
0.277 0.3981246477063778
0.278 0.38493339662049303
0.279 0.5054418978661401
0.28 0.47295746734467947
0.281 0.44382354372913596
0.28200000000000003 0.45033685145858854
0.28300000000000003 0.4625529326273152
0.28400000000000003 0.5180436122100539
0.28500000000000003 0.573357906310999
0.28600000000000003 0.5631863821217247
0.28700000000000003 0.6094324599403493
0.28800000000000003 0.576443451802922
0.289 0.6266001710330519
0.29 0.5629944597370401
0.291 0.47849482658668263
0.292 0.4623202368678781
0.293 0.407238874291127
0.294 0.4041771675666647
0.295 0.31221692445018645
0.296 0.32117425381713305
0.297 0.5122383468935164
0.298 0.49819409639090806
0.299 0.4525770539342063
0.3 0.43974580243153033
0.301 0.5223058767073909
0.302 0.5460006869716701
0.303 0.5690810719175344
0.304 0.5595756193510034
0.305 0.5318379128553072
0.306 0.5184540746518104
0.307 0.5568407487575571
0.308 0.6473955852220593
0.309 0.6586537993517839
0.31 0.5754451782973771
0.311 0.7113399563740211
0.312 0.7555083661966941
0.313 0.7174607266433936
0.314 0.7234583967417931
0.315 0.7372199763662064
0.316 0.7830640927589415
0.317 0.8604918085494616
0.318 0.9059882658264906
0.319 1.0059528640455646
0.32 0.9892686067467352
0.321 0.9929405482767066
0.322 0.8250920610643904
0.323 0.9012883600920819
0.324 0.9420443913432285
0.325 0.8549851150013117
0.326 0.8429554777812565
0.327 0.6921224575827161
0.328 0.7140084527385061
0.329 0.758703581858455
0.33 0.7479495955431911
0.331 0.7266965730651912
0.332 0.6405932455732
0.333 0.6804880147116962
0.334 0.6536078558024174
0.335 0.7976408632695065
0.336 0.7319521029675539
0.337 0.6556989761746979
0.338 0.7175191724744026
0.339 0.7222784816701052
0.34 0.7292274591708477
0.341 0.76755212415778
0.342 0.8382430112308323
0.343 0.9407716005698589
0.34400000000000003 0.8825817472024874
0.34500000000000003 0.9235486366227301
0.34600000000000003 0.9250312327717185
0.34700000000000003 0.8807194541859101
0.34800000000000003 0.8504695574603154
0.34900000000000003 0.7932624621684815
0.35000000000000003 0.8516256715330509
0.35100000000000003 0.8253648879877227
0.352 0.8108685758167424
0.353 0.8049969208638612
0.354 0.8254970984398782
0.355 0.7693271613365763
0.356 0.8744021657808296
0.357 0.9620943655381579
0.358 0.8632921143587517
0.359 0.8971340481079455
0.36 1.0432751926543073
0.361 1.0372350733112439
0.362 1.0290662549382754
0.363 1.0236615603527037
0.364 1.0061408623137722
0.365 0.9639109836920767
0.366 0.9582750351640111
0.367 0.9389960553278456
0.368 0.8866001342525663
0.369 0.9793852580020561
0.37 0.98775649688044
0.371 0.9945648590781764
0.372 1.1379160784669202
0.373 1.101248345895412
0.374 1.155685003782834
0.375 1.2443247591937465
0.376 1.216080451874829
0.377 1.1511849128260263
0.378 1.046581397192684
0.379 1.1618117414857456
0.38 1.0502004295513585
0.381 1.1319669421055616
0.382 1.0549773196307966
0.383 1.1015405102601645
0.384 1.1303921845206668
0.385 0.8796912465163982
0.386 0.8116442900531803
0.387 0.8738758092116997
0.388 0.8041953459847454
0.389 0.6776685452599058
0.39 0.6288309620395919
0.391 0.5699552526098646
0.392 0.6527676277462516
0.393 0.5190295878189635
0.394 0.48691824099942627
0.395 0.4836506075870679
0.396 0.4708302476333341
0.397 0.3800065037276771
0.398 0.4309716815425442
0.399 0.4962724301616147
0.4 0.51283943406463
0.401 0.541881626527657
0.402 0.5011888698621386
0.403 0.4533862538735209
0.404 0.3778642601628663
0.405 0.5033708204054282
0.406 0.5243490392284076
0.40700000000000003 0.5332850051313957
0.40800000000000003 0.5493187891188814
0.40900000000000003 0.603755852886136
0.41000000000000003 0.6630335412195227
0.41100000000000003 0.6193050395292259
0.41200000000000003 0.6147430584962484
0.41300000000000003 0.5410915021162488
0.41400000000000003 0.5479253109376898
0.41500000000000004 0.4390073190129129
0.41600000000000004 0.5369794219169001
0.417 0.6589752374101053
0.418 0.6348828039894918
0.419 0.6140417101325918
0.42 0.6313760615817303
0.421 0.5875430929775566
0.422 0.6189941943009487
0.423 0.5151355506242938
0.424 0.47609341478941275
0.425 0.5826981215512614
0.426 0.5516934989185742
0.427 0.6995209289136131
0.428 0.7582415846329086
0.429 0.7837814729736421
0.43 0.8306245037038598
0.431 0.8978312146723297
0.432 0.9551433175976771
0.433 0.9267535984740678
0.434 0.9300987539595607
0.435 0.8639545071569458
0.436 0.8959053431197318
0.437 0.975781420843947
0.438 1.0258040927754142
0.439 1.0803253059797013
0.44 1.1629598177551084
0.441 1.1574942820481973
0.442 1.1088358596302748
0.443 1.128510100865675
0.444 1.0228472044574808
0.445 0.9752482351065722
0.446 0.9756666277384721
0.447 0.9561884643023248
0.448 0.9069791154849913
0.449 0.983034982226296
0.45 1.0297623338279742
0.451 1.1507311326253664
0.452 1.1234233825259188
0.453 1.1206340583497312
0.454 1.0134058442985878
0.455 0.9757076732825147
0.456 0.9244581944079908
0.457 0.9867967563242209
0.458 0.9944137573364107
0.459 0.8889296403309662
0.46 0.8257880518468895
0.461 0.7918620023604264
0.462 0.8513481389731966
0.463 0.8805561608613548
0.464 0.823060663956972
0.465 0.817598528366983
0.466 0.7290422464413013
0.467 0.7125317116313235
0.468 0.7441168818476004
0.46900000000000003 0.837301730396428
0.47000000000000003 0.994241273186024
0.47100000000000003 0.9105616863954398
0.47200000000000003 0.7977791763089871
0.47300000000000003 0.8027759198511788
0.47400000000000003 0.8432446139583898
0.47500000000000003 0.8388634440505004
0.47600000000000003 0.9539916112414533
0.47700000000000004 0.9547217756386212
0.47800000000000004 1.0374383777359926
0.47900000000000004 1.0126489892794728
0.48 1.057516569909472
0.481 0.9091230778884869
0.482 0.8227485352678088
0.483 0.7339993666798248
0.484 0.812361371714933
0.485 0.802138079413393
0.486 0.7857617349499708
0.487 0.7947360227000565
0.488 0.7021850526241094
0.489 0.6444488138973541
0.49 0.6507066805982846
0.491 0.673930816918195
0.492 0.7027355081823652
0.493 0.7605217956307214
0.494 0.8253507340715013
0.495 0.8341774620836538
0.496 0.8238734427342425
0.497 0.8475771994232838
0.498 0.9161052710056865
0.499 0.8301380847750729
0.5 0.880349560158066
0.501 0.8029889712185095
0.502 0.7886232309498271
0.503 0.8150194993729413
0.504 0.9790759582719641
0.505 0.941931302259129
0.506 0.9684338588034813
0.507 0.9938934634652737
0.508 0.9288468501968801
0.509 0.9476129961985756
0.51 0.9427815632250548
0.511 0.9086869039314276
0.512 0.8944981681106948
0.513 0.9260819032312606
0.514 0.8853074520242833
0.515 0.9262141140512381
0.516 0.862070997390665
0.517 0.8168727990022456
0.518 0.7692088926053648
0.519 0.8112552840543491
0.52 0.8480192418116569
0.521 0.9127293147521676
0.522 0.8457640147198324
0.523 0.8079456712157073
0.524 0.7719508232458926
0.525 0.6914825526082642
0.526 0.7464853638833929
0.527 0.7609947119962064
0.528 0.7646319889535399
0.529 0.8088057939752169
0.53 0.7555102832678516
0.531 0.6354786652537198
0.532 0.6779805085574638
0.533 0.5974502761265863
0.534 0.5556185559292598
0.535 0.46030496003601623
0.536 0.5430577266128874
0.537 0.5648506935082207
0.538 0.567524927428479
0.539 0.5290864046612006
0.54 0.47850176198839806
0.541 0.5323174784239428
0.542 0.45304955542805275
0.543 0.49246091388246804
0.544 0.5787723656259958
0.545 0.5543282935277065
0.546 0.5338212487907863
0.547 0.5737507383518856
0.548 0.5502151790088682
0.549 0.540486972991701
0.55 0.5210932467905207
0.551 0.5867947471508934
0.552 0.534055467900921
0.553 0.5307348656364496
0.554 0.4418205974791669
0.555 0.39466933247732183
0.556 0.28883763363920334
0.557 0.23753274866813262
0.558 0.2729419176434979
0.559 0.14867965893722784
0.56 0.041535476022314305
0.561 0.026329462917890813
0.562 0.07871985636346299
0.5630000000000001 0.1756492208719955
0.5640000000000001 0.16418719516733274
0.5650000000000001 0.09180468195458692
0.5660000000000001 0.27853166074531094
0.5670000000000001 0.3149153208752271
0.5680000000000001 0.35578057056817675
0.5690000000000001 0.3837025919756705
0.5700000000000001 0.4190551807973685
0.5710000000000001 0.3427696418326019
0.5720000000000001 0.3276300131116072
0.5730000000000001 0.2901189292599828
0.5740000000000001 0.2736775654274284
0.5750000000000001 0.1942721417543806
0.5760000000000001 0.16075251940116664
0.577 0.15087835290437723
0.578 0.196080935005835
0.579 0.1365555487871491
0.58 0.17206491193544715
0.581 0.16623174186803014
0.582 0.13596837224508246
0.583 0.1200611010359123
0.584 0.1804977805083287
0.585 0.22598127776640728
0.586 0.1708654009631942
0.587 0.17172960770977438
0.588 0.08063438661599848
0.589 0.021747562791762383
0.59 0.08058772050177943
0.591 0.14313678736593344
0.592 0.25692240877157535
0.593 0.27428847454584526
0.594 0.3097663873163062
0.595 0.3161231117821442
0.596 0.3654602469618552
0.597 0.26872517131918516
0.598 0.2339465030093946
0.599 0.15416479149360446
0.6 0.1514806140579506
0.601 0.12846698431437484
0.602 0.09976435700983752
0.603 0.10004355569636984
0.604 0.263696378012174
0.605 0.28674248477466213
0.606 0.2240720887022055
0.607 0.20696785822884656
0.608 0.212618964939527
0.609 0.24270534106908215
0.61 0.3836086322878783
0.611 0.3569311617474877
0.612 0.41555157299559997
0.613 0.46066843500443394
0.614 0.4774309372773393
0.615 0.4945317762518964
0.616 0.47164884712949195
0.617 0.5275246244275505
0.618 0.42551445777120545
0.619 0.4649566241728715
0.62 0.5100000142558778
0.621 0.4676357255267266
0.622 0.4982282310092744
0.623 0.552447365733004
0.624 0.5632230368307606
0.625 0.62088135264082
0.626 0.687278075962171
0.627 0.7721955356774179
0.628 0.850552814083462
0.629 0.8428393351493167
0.63 0.9170198029365572
0.631 0.9582558851351732
0.632 1.0285386051323002
0.633 1.021223255327567
0.634 1.0468883688323456
0.635 1.1109817183567468
0.636 1.0863079160284215
0.637 1.0616013572876493
0.638 1.078141195497421
0.639 1.0275107673626958
0.64 1.052520823100154
0.641 1.035530803492077
0.642 0.9812207117026143
0.643 1.0539681545684487
0.644 1.0619089159657367
0.645 0.9311830002436097
0.646 1.0008278878729542
0.647 0.9998490072536443
0.648 0.9763192551622121
0.649 1.1586634951553618
0.65 1.283810950567735
0.651 1.155429780942169
0.652 1.2747838617797118
0.653 1.2489256116574807
0.654 1.217378460212956
0.655 1.1389854681526268
0.656 1.1668864210959105
0.657 1.1924748989829244
0.658 1.225126840993354
0.659 1.165905840280821
0.66 1.0552388845855185
0.661 0.961280247819125
0.662 0.9220335309977363
0.663 0.8441012124657357
0.664 0.820236626638286
0.665 0.8652309330398722
0.666 0.7903744668654638
0.667 0.8706029799860424
0.668 0.8891788431975463
0.669 0.8751543446575935
0.67 0.960811545900921
0.671 0.9812877717732452
0.672 0.9785967785439821
0.673 0.9324944009479487
0.674 0.8993762796026031
0.675 0.9340951388397434
0.676 0.9420940816869116
0.677 1.110371350489298
0.678 1.2184343409360314
0.679 1.2353034320997816
0.68 1.1853397019259546
0.681 1.1751794413704613
0.682 1.1523310673955547
0.683 1.111465208615294
0.684 1.0790645830448138
0.685 1.0697290265540624
0.686 1.1360293992653983
0.687 1.08533836544389
0.6880000000000001 1.125510079607145
0.6890000000000001 1.0812923783185469
0.6900000000000001 1.0386683766557812
0.6910000000000001 0.9984416087005209
0.6920000000000001 0.8638857216309782
0.6930000000000001 0.9351080803692949
0.6940000000000001 0.9661878090115456
0.6950000000000001 0.9822114232697203
0.6960000000000001 0.9956730078186051
0.6970000000000001 0.9886933226450061
0.6980000000000001 0.8781133585076392
0.6990000000000001 0.8974670443558889
0.7000000000000001 0.8464787791368432
0.7010000000000001 0.9114794081070352
0.7020000000000001 1.0166937473547644
0.7030000000000001 0.9820390470718688
0.704 0.91710147175385
0.705 1.0267262271541018
0.706 0.9263526630996004
0.707 0.8925815963760865
0.708 0.7566464363081271
0.709 0.715110426476699
0.71 0.7938446423300427
0.711 0.8814744510903909
0.712 0.9615037754385553
0.713 0.9164055995208669
0.714 0.9677857717789363
0.715 0.9435131170759181
0.716 0.9312911812787044
0.717 0.8821645704700324
0.718 0.7562808265198748
0.719 0.7489509104315957
0.72 0.7797873107101145
0.721 0.8094676242753519
0.722 0.8844520488743965
0.723 0.8235940617969368
0.724 0.854196878610489
0.725 0.8416309068050243
0.726 0.786846988386132
0.727 0.7864967111086527
0.728 0.8397748359318638
0.729 0.8930030954617786
0.73 0.8372161426266885
0.731 0.8142171669439917
0.732 0.8516435009795464
0.733 0.7872557180583292
0.734 0.688487022081915
0.735 0.7443119883860886
0.736 0.7621918277455103
0.737 0.7351139591310617
0.738 0.7227783752139229
0.739 0.64448768931861
0.74 0.6454824523615837
0.741 0.7699529575214739
0.742 0.7721461126394457
0.743 0.7474316521075223
0.744 0.7344789790159849
0.745 0.6230119595358712
0.746 0.7472606245238764
0.747 0.7309311355592936
0.748 0.7672310802722062
0.749 0.761311357907484
0.75 0.7555133420244816
0.751 0.7171470853850729
0.752 0.7311354795845434
0.753 0.6873513218045209
0.754 0.7061488312324535
0.755 0.8247194599009268
0.756 0.6979456677032386
0.757 0.8016445281337807
0.758 0.8732093054216583
0.759 0.836079843477413
0.76 0.7709894877139692
0.761 0.7273291293099177
0.762 0.7112806442783531
0.763 0.7447446273214762
0.764 0.6945861176719098
0.765 0.6669731775533811
0.766 0.640995797730801
0.767 0.6981441254714942
0.768 0.7133159744011696
0.769 0.7453933382835201
0.77 0.7544137468209178
0.771 0.7167932886654953
0.772 0.7870009295297693
0.773 0.7879420154266995
0.774 0.7189003411406617
0.775 0.7382047644880844
0.776 0.7018006617091128
0.777 0.6905102570758181
0.778 0.7729336667919893
0.779 0.7739275999917513
0.78 0.8347371595456019
0.781 0.7350860831818167
0.782 0.624509472263942
0.783 0.6563259065913203
0.784 0.6433399532606361
0.785 0.7160114196723842
0.786 0.6415265060061375
0.787 0.7742953886830606
0.788 0.7836840131049132
0.789 0.73937889146664
0.79 0.8510116663857984
0.791 0.8754589699717793
0.792 0.9616306816844937
0.793 0.9147792073700589
0.794 0.9597817847261609
0.795 0.9205488258366318
0.796 0.8579447386450718
0.797 0.9269453902331468
0.798 0.9251913534125066
0.799 0.8898827243675884
0.8 0.9990359176756547
0.801 0.9492715780925318
0.802 0.9801338866614282
0.803 1.0354231660398534
0.804 1.0711379303203046
0.805 0.9862897271129492
0.806 0.9666785495040362
0.807 0.7787933749363735
0.808 0.7828066681456443
0.809 0.7415227090108463
0.81 0.7480535548382778
0.811 0.8393055424979585
0.812 0.9267480228092696
0.8130000000000001 0.933970450507919
0.8140000000000001 0.8998158677484407
0.8150000000000001 0.9410143750010539
0.8160000000000001 0.9971874256052006
0.8170000000000001 0.9988957677692117
0.8180000000000001 0.9946782212118263
0.8190000000000001 0.9203670611701221
0.8200000000000001 0.9387705941245617
0.8210000000000001 1.011693884764865
0.8220000000000001 0.9452819313495366
0.8230000000000001 0.9976275033991113
0.8240000000000001 1.0418814263493419
0.8250000000000001 1.026410416523564
0.8260000000000001 1.005118495150885
0.8270000000000001 1.0085875843882581
0.8280000000000001 0.9553632803023672
0.8290000000000001 0.929105090811246
0.8300000000000001 0.901314304593699
0.8310000000000001 0.9409558409759712
0.8320000000000001 0.9196666219479551
0.833 0.8847690805731252
0.834 0.8878184445760723
0.835 0.7974801563418995
0.836 0.7311798365525116
0.837 0.7453818518712985
0.838 0.7619053703356032
0.839 0.6588723394967343
0.84 0.7244464056742119
0.841 0.6376563701736958
0.842 0.6453139719575065
0.843 0.6018234744200442
0.844 0.600135308909667
0.845 0.6421896367908481
0.846 0.6913010333283564
0.847 0.5980385077921404
0.848 0.6973133141658079
0.849 0.7050479416770692
0.85 0.6535222723030917
0.851 0.7100247584334196
0.852 0.6450181607246702
0.853 0.6097908297681844
0.854 0.5908983495944855
0.855 0.6602374863052216
0.856 0.5626941392040431
0.857 0.6123279924086793
0.858 0.6961764578734719
0.859 0.7096754271065446
0.86 0.6207733601547872
0.861 0.6222412245193025
0.862 0.6105274736239362
0.863 0.687580174718072
0.864 0.6553425146207349
0.865 0.6244786459086777
0.866 0.6038392498919638
0.867 0.6342822712285001
0.868 0.6257391835532741
0.869 0.6735060288068233
0.87 0.6058252304698866
0.871 0.5919986583060556
0.872 0.5376732276862837
0.873 0.4338908377731209
0.874 0.3317508577533753
0.875 0.41871522233057296
0.876 0.39198718637341934
0.877 0.45658153515952304
0.878 0.42929558157860104
0.879 0.4179555131405178
0.88 0.41531200149246794
0.881 0.44306365967472483
0.882 0.44046516900276045
0.883 0.43197718091675125
0.884 0.48787833758045424
0.885 0.44327254900781854
0.886 0.5264579765331849
0.887 0.42458246853873693
0.888 0.489320747208856
0.889 0.39369373144149034
0.89 0.40046057441994254
0.891 0.41768255754597544
0.892 0.34375525232181736
0.893 0.32904164194116825
0.894 0.41913525121091055
0.895 0.4200612934866907
0.896 0.4167673294028226
0.897 0.416298259420134
0.898 0.3733979241962689
0.899 0.3894015068870741
0.9 0.3073640983725971
0.901 0.2271402941568596
0.902 0.20723269953909113
0.903 0.16854500409663117
0.904 0.07810666769607273
0.905 0.050016396574249056
0.906 0.023364836790775112
0.907 0.012848437159928448
0.908 0.04559461830634299
0.909 0.051372687376877654
0.91 0.04871992373914905
0.911 0.02617247466884082
0.912 -0.020353990889934916
0.913 0.0003993196096406873
0.914 0.0015863407602454101
0.915 -0.022866789629000597
0.916 -0.05810586658677423
0.917 -0.07128700107755029
0.918 -0.13996196832847496
0.919 -0.14537635395867518
0.92 -0.06728431001141585
0.921 -0.1454442925853009
0.922 -0.15292748823335447
0.923 -0.22123822199469206
0.924 -0.15117105181322266
0.925 -0.11396832066733761
0.926 -0.12477099254567027
0.927 -0.14473760624230125
0.928 -0.13744571520624918
0.929 -0.0592901559589311
0.93 0.05990713322188647
0.931 0.0002372680758061796
0.932 -0.009097671429973626
0.933 0.09491940100072362
0.934 0.17347223716161453
0.935 0.16785471244472622
0.936 0.15760007971949072
0.937 0.14673875861353916
0.9380000000000001 0.04857867480727203
0.9390000000000001 0.028675342609040914
0.9400000000000001 -0.06709860159733211
0.9410000000000001 -0.18099312744152696
0.9420000000000001 -0.11030789703020585
0.9430000000000001 -0.07142782825327645
0.9440000000000001 0.03443572671277023
0.9450000000000001 0.06663619931447556
0.9460000000000001 0.0799956694172705
0.9470000000000001 0.036089780998733105
0.9480000000000001 -0.05021769339230934
0.9490000000000001 -0.14878413899390622
0.9500000000000001 -0.14524637260742687
0.9510000000000001 -0.18881426689301647
0.9520000000000001 -0.31738211178280495
0.9530000000000001 -0.32413561443003336
0.9540000000000001 -0.36995752641342483
0.9550000000000001 -0.26406254557774284
0.9560000000000001 -0.19283588834287452
0.9570000000000001 -0.13074990971546735
0.9580000000000001 -0.08994958629611002
0.9590000000000001 -0.00018343608620847995
0.96 0.05200064898873535
0.961 -0.07913264285132776
0.962 -0.017130730455378974
0.963 -0.035649419906635366
0.964 -0.17760154616588822
0.965 -0.15201368310144744
0.966 -0.17327617463862613
0.967 -0.17101521054434798
0.968 -0.26749046605860594
0.969 -0.34607566174617066
0.97 -0.27671724893881355
0.971 -0.30243099593177847
0.972 -0.2845459891839753
0.973 -0.31070673640000185
0.974 -0.25506469822294664
0.975 -0.2730258200200015
0.976 -0.3012379072485491
0.977 -0.3176077094866476
0.978 -0.28693248179176356
0.979 -0.32653143804207974
0.98 -0.27258342302255095
0.981 -0.3449645703804941
0.982 -0.37735622257391993
0.983 -0.35303022737342493
0.984 -0.3031315857316695
0.985 -0.3570544378831899
0.986 -0.3642649597015749
0.987 -0.41389357150311573
0.988 -0.44600445527977167
0.989 -0.41077634548926667
0.99 -0.4514119966891407
0.991 -0.46644871351459466
0.992 -0.5080614120581304
0.993 -0.5192180669973583
0.994 -0.4120343826820744
0.995 -0.4858103196044895
0.996 -0.36943950432122113
0.997 -0.36300425095286737
0.998 -0.32334015180259973
0.999 -0.3443806086806531
1.0 -0.3409885033195819
1.0010000000000001 -0.5297243960957608
1.002 -0.732973462528345
1.0030000000000001 -0.9539074973193888
1.004 -1.262017769653857
1.0050000000000001 -1.4444972037606019
1.006 -1.786838300715146
1.0070000000000001 -1.93064185389808
1.008 -1.9659065110377338
1.0090000000000001 -2.210645738569342
1.01 -2.4382128233687954
1.0110000000000001 -2.6868011477226483
1.012 -2.8136870803592546
1.0130000000000001 -2.9113585936498203
1.014 -3.131937612752856
1.0150000000000001 -3.1477719734767176
1.016 -3.3195464082806465
1.0170000000000001 -3.4420910051990927
1.018 -3.4986807748340856
1.0190000000000001 -3.567279216091326
1.02 -3.8086728271654815
1.0210000000000001 -3.90949756191168
1.022 -3.9702747331413697
1.0230000000000001 -3.943037961034314
1.024 -3.9505847607851745
1.025 -3.994682644093126
1.026 -4.078558522893123
1.027 -4.0615871364033715
1.028 -4.110987502906096
1.029 -4.088703198552368
1.03 -4.140848508459949
1.031 -4.176440615080572
1.032 -4.152057126376295
1.033 -4.11228255526524
1.034 -4.096138886858835
1.035 -4.0606072286981565
1.036 -3.871565598402264
1.037 -3.7834586922063664
1.038 -3.8883562423071023
1.039 -3.7639625037660673
1.04 -3.715515916630639
1.041 -3.6590340549277562
1.042 -3.6323844072450644
1.043 -3.566100233871615
1.044 -3.410486517829759
1.045 -3.285814751725128
1.046 -3.273238607868483
1.047 -3.173185871894956
1.048 -3.1037659140922336
1.049 -3.0407161491363937
1.05 -2.8770208480702775
1.051 -2.6441127483185456
1.052 -2.464276383787031
1.053 -2.357964388553555
1.054 -2.2044415807074476
1.055 -1.9365079441152908
1.056 -1.7625240381154599
1.057 -1.535903014015064
1.058 -1.4536742278596098
1.059 -1.232722938025831
1.06 -0.9622387758381533
1.061 -0.7649057601720243
1.062 -0.5464361495205644
1.063 -0.4224655827867078
1.064 -0.32663747920046143
1.065 -0.2730057978325253
1.066 -0.004944577603836875
1.067 0.033108513078456414
1.068 0.16474031594348026
1.069 0.43816552994963925
1.07 0.7124653053876076
1.071 0.9562886192439686
1.072 1.0286401221336479
1.073 1.1373051179212303
1.074 1.3163860154570317
1.075 1.4286183190240072
1.076 1.6068313127689928
1.077 1.747206016171384
1.078 1.872835657881627
1.079 2.0219515699043864
1.08 2.0719790325145935
1.081 2.2494035008422744
1.082 2.4495418076248514
1.083 2.5676196719619053
1.084 2.671774877570328
1.085 2.7405249651819807
1.086 2.8141749947454042
1.087 2.843338612135791
1.088 2.9489161849679615
1.089 3.0493550952996786
1.09 3.2355479877673354
1.091 3.2357402201027163
1.092 3.2309591020478434
1.093 3.303938707925302
1.094 3.3646175358446944
1.095 3.3276287975355103
1.096 3.381359274459168
1.097 3.33831963633491
1.098 3.4322885892463986
1.099 3.416420485563166
1.1 3.4073716491067234
1.101 3.3914147731269377
1.102 3.402822788367196
1.103 3.414782698046411
1.104 3.4637570633238837
1.105 3.49913303718414
1.106 3.43740984229801
1.107 3.4579724318729332
1.108 3.4154913246191216
1.109 3.40918519377326
1.11 3.3599484551195804
1.111 3.328889005722323
1.112 3.3351832104750416
1.113 3.228243572507653
1.114 3.196689063086138
1.115 3.172084560552011
1.116 3.1339789377748284
1.117 3.1336808572652077
1.118 3.061421558635971
1.119 3.029351529623898
1.12 2.9589794596659527
1.121 2.952201273292572
1.122 2.775721946073004
1.123 2.6348177536787
1.124 2.6151699265828903
1.125 2.5004939345993114
1.1260000000000001 2.351346055944317
1.127 2.156816408305894
1.1280000000000001 2.072580825975303
1.129 1.926966009722896
1.1300000000000001 1.8553935533970776
1.131 1.6823428395907378
1.1320000000000001 1.5255285846870694
1.133 1.4137445137140805
1.1340000000000001 1.2123204929908624
1.135 1.1725475528880884
1.1360000000000001 1.1800707899603033
1.137 1.0630407717957089
1.1380000000000001 0.9060047104101854
1.139 0.7402419877322285
1.1400000000000001 0.5587582989701751
1.141 0.37403606481297097
1.1420000000000001 0.29131502764658346
1.143 0.1759422244298343
1.1440000000000001 0.23072314128158988
1.145 0.06277779734617468
1.1460000000000001 0.056072963477102944
1.147 -0.06666279501571978
1.1480000000000001 -0.1714903534026851
1.149 -0.31004027393972927
1.1500000000000001 -0.4938540246285155
1.151 -0.6166852061210869
1.1520000000000001 -0.7068685169237682
1.153 -0.8655240676277989
1.154 -1.0476640000480613
1.155 -1.0883897564562666
1.156 -1.1549856650990955
1.157 -1.316809903232636
1.158 -1.4248889463195669
1.159 -1.4947242510698502
1.16 -1.607508446153265
1.161 -1.5670265434683484
1.162 -1.460425265005289
1.163 -1.554132023168531
1.164 -1.5482267527114861
1.165 -1.6017455152070836
1.166 -1.5975268585022244
1.167 -1.7921909142901595
1.168 -1.9427734901430465
1.169 -2.0405755733159303
1.17 -2.0126998912706746
1.171 -2.1151935045993713
1.172 -2.1893557803430586
1.173 -2.256809748484385
1.174 -2.3172871339842303
1.175 -2.263379413608746
1.176 -2.223666346686937
1.177 -2.2591913531111096
1.178 -2.2546178124494136
1.179 -2.350069161868051
1.18 -2.295492089041285
1.181 -2.287980398219963
1.182 -2.3768877916102094
1.183 -2.3237995447368185
1.184 -2.3043195477153913
1.185 -2.3784784348846992
1.186 -2.3855353993420114
1.187 -2.3954897143636784
1.188 -2.366555156269799
1.189 -2.3614066988142746
1.19 -2.439342684723664
1.191 -2.3655646494382023
1.192 -2.447639339642305
1.193 -2.5294062311788736
1.194 -2.5599531136225835
1.195 -2.4814170841147964
1.196 -2.4392724974616247
1.197 -2.447539536289719
1.198 -2.307792784154706
1.199 -2.2435134573809674
1.2 -2.214872634760972
1.201 -2.2910420574893937
1.202 -2.2404024927306723
1.203 -2.268074710171189
1.204 -2.309894045385481
1.205 -2.329345824102056
1.206 -2.2125452312735385
1.207 -2.1594990395333182
1.208 -2.1597511980982547
1.209 -2.0884491985813414
1.21 -1.9353892202909888
1.211 -1.8701815321813482
1.212 -1.873943111117455
1.213 -1.952175308204599
1.214 -1.89679922550292
1.215 -1.9491432595012412
1.216 -1.8797264968223095
1.217 -1.9390600185305589
1.218 -1.837491187049899
1.219 -1.8631388865420546
1.22 -1.991205668402758
1.221 -1.979479892289784
1.222 -1.921081845713928
1.223 -1.8354121665279934
1.224 -1.8082661190126241
1.225 -1.6636309779281788
1.226 -1.6971879739966456
1.227 -1.6210192863872355
1.228 -1.581153772118939
1.229 -1.5241063846527192
1.23 -1.490766839225711
1.231 -1.3711153163741157
1.232 -1.2263689619932807
1.233 -1.222631043002659
1.234 -1.2003434530220192
1.235 -1.1784725836187495
1.236 -1.0967382890120811
1.237 -1.1384371731961118
1.238 -1.1141773075707229
1.239 -1.0840668432583005
1.24 -1.1974694360564828
1.241 -1.19246905774247
1.242 -1.125497053076663
1.243 -1.1279908060825954
1.244 -1.177122654606666
1.245 -1.2722377536532716
1.246 -1.1726132050128497
1.247 -1.2320696143027363
1.248 -1.2667919728818562
1.249 -1.3227551732709806
1.25 -1.2493645570031766
1.2510000000000001 -1.1716265178506724
1.252 -1.0632506988176047
1.2530000000000001 -1.1089840634381432
1.254 -1.0822239394490396
1.2550000000000001 -1.0421029695206077
1.256 -1.024877716674913
1.2570000000000001 -0.9978795401161449
1.258 -1.026164079780311
1.2590000000000001 -1.0099008101795088
1.26 -1.0886613207050155
1.2610000000000001 -1.046197276940409
1.262 -0.9723694845782316
1.2630000000000001 -0.830866101172731
1.264 -0.8763864297900061
1.2650000000000001 -0.8749078207105548
1.266 -0.7938918452138377
1.2670000000000001 -0.843993029283419
1.268 -0.827840658908757
1.2690000000000001 -0.7098089963431591
1.27 -0.6440746309227072
1.2710000000000001 -0.5369204582973431
1.272 -0.5906462192499855
1.2730000000000001 -0.5433503903659476
1.274 -0.5558743432543063
1.2750000000000001 -0.6661065716645606
1.276 -0.565443323346084
1.2770000000000001 -0.6024771080112752
1.278 -0.627115090482437
1.2790000000000001 -0.48685036455635283
1.28 -0.5619816049119981
1.281 -0.5915148505364947
1.282 -0.5727901250705119
1.283 -0.6637598426623371
1.284 -0.6622885641362547
1.285 -0.5178235947899184
1.286 -0.41950247189672807
1.287 -0.4005072369773282
1.288 -0.37148686869949626
1.289 -0.4058899243005476
1.29 -0.3409315826526905
1.291 -0.3665576831869125
1.292 -0.22333448996951089
1.293 -0.2200313930382447
1.294 -0.12327324311623411
1.295 -0.1329636903707857
1.296 -0.032916383797615745
1.297 0.0888787389434168
1.298 0.11549448441685228
1.299 0.0975580779172831
1.3 0.05194357607487843
1.301 0.0008503870176507222
1.302 -0.07266430018424941
1.303 -0.056658204154112934
1.304 -0.08737078644875795
1.305 -0.07155069886786913
1.306 -0.02381597578506811
1.307 -0.017012062775296544
1.308 -0.07010619487516856
1.309 0.009009730361794865
1.31 -0.01654169571667241
1.311 -0.046911522007306306
1.312 -0.11470880074312462
1.313 -0.1591069835748573
1.314 -0.12632281635318177
1.315 -0.06678192020311902
1.316 -0.06255177603146012
1.317 -0.04070791949108565
1.318 -0.044705963890818934
1.319 -0.06707850739622379
1.32 -0.06355914633769455
1.321 -0.08711311149931678
1.322 -0.0936997472412534
1.323 -0.05959014056647516
1.324 -0.05105452085354245
1.325 -0.129128135054986
1.326 -0.2531930893033558
1.327 -0.17562428576128952
1.328 -0.12605603626786754
1.329 -0.1376103769007554
1.33 -0.12025334690089118
1.331 -0.15037134613206538
1.332 -0.2494907309055564
1.333 -0.33757559220387445
1.334 -0.35157687032222984
1.335 -0.2847032158847923
1.336 -0.23783646987988538
1.337 -0.26131415646752276
1.338 -0.2743716268089066
1.339 -0.2122374391542201
1.34 -0.11713522517651498
1.341 -0.12906782057995247
1.342 -0.20844714718949975
1.343 -0.15577443662578228
1.344 -0.11330897643629245
1.345 -0.16300038003715978
1.346 -0.12997415669601442
1.347 -0.055751898049948734
1.348 -0.1663165615071105
1.349 -0.1355887021935145
1.35 -0.1073529493444032
1.351 -0.063225301983171
1.352 -0.031914112599190414
1.353 -0.06847996329196193
1.354 -0.20812845245779554
1.355 -0.08228568182240292
1.356 -0.009821161012401047
1.357 -0.06701848854419135
1.358 -0.01626277245135288
1.359 -0.15925350556999085
1.36 -0.1449501675447331
1.361 -0.08445457463125661
1.362 -0.05264945930279352
1.363 -0.01667794306713022
1.364 -0.07676659884384862
1.365 -0.0560915415082619
1.366 -0.072890406801559
1.367 -0.15936158051017868
1.368 -0.18723556978722944
1.369 -0.04366350161871968
1.37 -0.11228634937754456
1.371 -0.1458201769030505
1.372 -0.12013036435933455
1.373 -0.13342149967280315
1.374 -0.2224689623584044
1.375 -0.3221125270807519
1.3760000000000001 -0.21269021924732723
1.377 -0.23589588961077523
1.3780000000000001 -0.16296058205221353
1.379 -0.21351822820361632
1.3800000000000001 -0.29487384565581154
1.381 -0.37222185165780197
1.3820000000000001 -0.5458801278510781
1.383 -0.6284254284443127
1.3840000000000001 -0.7336604586827773
1.385 -0.7403774724260148
1.3860000000000001 -0.8269836593348001
1.387 -0.805697205314523
1.3880000000000001 -0.8997303240583561
1.389 -1.0349180830879636
1.3900000000000001 -0.9827329579709083
1.391 -0.9204982703562599
1.3920000000000001 -0.8112042801921375
1.393 -0.7631339043836078
1.3940000000000001 -0.7014711038388106
1.395 -0.7830484575508863
1.3960000000000001 -0.866411231122119
1.397 -0.8328582292645617
1.3980000000000001 -0.8791813676156324
1.399 -0.8864005370421069
1.4000000000000001 -0.9228023935687322
1.401 -0.9254006257007361
1.4020000000000001 -0.9710555998674926
1.403 -0.944948006868648
1.4040000000000001 -0.9374622818909335
1.405 -1.071401601764795
1.4060000000000001 -1.1685598119846714
1.407 -1.1711182812162197
1.408 -1.2517673163701222
1.409 -1.252509967361175
1.41 -1.3551764576984138
1.411 -1.453987843139339
1.412 -1.527577650955791
1.413 -1.5855925573300576
1.414 -1.6808039342796073
1.415 -1.7159338118543817
1.416 -1.7350959515952082
1.417 -1.8925728440603784
1.418 -1.92425569890326
1.419 -1.9144756744494726
1.42 -1.8982408175949708
1.421 -1.8109920400612203
1.422 -1.7767260555599296
1.423 -1.8287740746308876
1.424 -1.8536440434871642
1.425 -1.9030058234972207
1.426 -2.0562989604073714
1.427 -2.1037390442612045
1.428 -2.355662358584912
1.429 -2.3872401949697197
1.43 -2.4552242803922066
1.431 -2.4560008664727833
1.432 -2.4565874920310105
1.433 -2.4826535989555647
1.434 -2.5471121312082623
1.435 -2.6139415361709277
1.436 -2.654089202263957
1.437 -2.7488895336201735
1.438 -2.8928055033004325
1.439 -2.9735282680158837
1.44 -2.93882589504945
1.441 -3.0321184380145696
1.442 -3.032020960864874
1.443 -3.0661790801998094
1.444 -3.140199736224301
1.445 -3.17702140845286
1.446 -3.205502145857804
1.447 -3.083608771105551
1.448 -3.1657726728415696
1.449 -3.3079666880067577
1.45 -3.2490249214820817
1.451 -3.3392559208665156
1.452 -3.50906879110005
1.453 -3.495944508085137
1.454 -3.4782953252756994
1.455 -3.532527781182911
1.456 -3.608535077744181
1.457 -3.6932315821117303
1.458 -3.762632845625445
1.459 -3.91021992480438
1.46 -3.971930540980092
1.461 -4.0301475148481085
1.462 -3.9501446523697066
1.463 -3.9252399866852925
1.464 -4.016748390834989
1.465 -4.026822515086361
1.466 -4.0258412591426715
1.467 -4.057403199710468
1.468 -4.121695052689728
1.469 -4.245755246439014
1.47 -4.261252470354287
1.471 -4.298039331291393
1.472 -4.260467370712936
1.473 -4.383246979515623
1.474 -4.296843450335727
1.475 -4.275665944300784
1.476 -4.338897221558422
1.477 -4.4790354251820625
1.478 -4.532182170867081
1.479 -4.483742474165006
1.48 -4.437803494247772
1.481 -4.463740494003833
1.482 -4.449322436694317
1.483 -4.552157342550858
1.484 -4.59824573791008
1.485 -4.599457496882721
1.486 -4.633202624030017
1.487 -4.746981907267818
1.488 -4.794934359855205
1.489 -4.755361296679874
1.49 -4.709983082399329
1.491 -4.7702900261885555
1.492 -4.827106868684821
1.493 -4.905556461438577
1.494 -4.958314327545422
1.495 -4.973654220592719
1.496 -4.962074806935055
1.497 -4.991063695237338
1.498 -5.035377813158082
1.499 -5.026197096331908
1.5 -5.108371736452823
1.5010000000000001 -5.142346028376717
1.502 -5.168179147553488
1.5030000000000001 -5.158597253654891
1.504 -5.0628555736541045
1.5050000000000001 -5.185653873529662
1.506 -5.18729496556056
1.5070000000000001 -5.093209745002184
1.508 -5.173605891991287
1.5090000000000001 -5.249011575705026
1.51 -5.326716718147617
1.5110000000000001 -5.223037750594402
1.512 -5.153322814542298
1.5130000000000001 -5.19836795652955
1.514 -5.284628676853391
1.5150000000000001 -5.286230800400537
1.516 -5.426887513187761
1.5170000000000001 -5.429594866055098
1.518 -5.455333989640034
1.5190000000000001 -5.399167392261285
1.52 -5.434867199790084
1.5210000000000001 -5.477506985188582
1.522 -5.4786406833396795
1.5230000000000001 -5.377774415696374
1.524 -5.564094968424699
1.5250000000000001 -5.568456313478539
1.526 -5.539919124662104
1.5270000000000001 -5.608096093289318
1.528 -5.7051743785848865
1.5290000000000001 -5.632967759703639
1.53 -5.666969575267137
1.5310000000000001 -5.6761355879851845
1.532 -5.6910302205351595
1.5330000000000001 -5.712355763627223
1.534 -5.798097766033078
1.5350000000000001 -5.849447087431882
1.536 -5.87775936945334
1.537 -5.918033958194354
1.538 -5.9901555122359404
1.539 -5.970526314246061
1.54 -5.96683134179592
1.541 -5.959153677027313
1.542 -5.950035426292903
1.543 -6.070991809194382
1.544 -6.121050749907983
1.545 -5.995006893616139
1.546 -5.9244980610330185
1.547 -5.933913204964494
1.548 -6.050297653990709
1.549 -5.942263116102174
1.55 -5.960622682377561
1.551 -6.000434396988678
1.552 -6.042390293049513
1.553 -6.0664046791689925
1.554 -5.939716837841577
1.555 -5.895202283370663
1.556 -5.9101503922079806
1.557 -6.0581113732648735
1.558 -6.055941703564015
1.559 -5.989236171974491
1.56 -6.0336127808692
1.561 -6.026246569819098
1.562 -6.129568634211256
1.563 -6.190500803044402
1.564 -6.334944671950222
1.565 -6.379153612864727
1.566 -6.396499569282253
1.567 -6.334844921863558
1.568 -6.449402598268646
1.569 -6.496718584434872
1.57 -6.518219284683957
1.571 -6.541986910612371
1.572 -6.508940748587931
1.573 -6.529068633120678
1.574 -6.552727968520471
1.575 -6.594867495479939
1.576 -6.576168072341303
1.577 -6.622558521288618
1.578 -6.713304277616691
1.579 -6.661554514760877
1.58 -6.695442172051482
1.581 -6.674865296626807
1.582 -6.695854378059155
1.583 -6.765812835233546
1.584 -6.8510603635298235
1.585 -6.7131508154052275
1.586 -6.752249602195253
1.587 -6.659227024008686
1.588 -6.663226554357217
1.589 -6.65687150526687
1.59 -6.629701079876412
1.591 -6.575634694496484
1.592 -6.584848394093685
1.593 -6.544449685516273
1.594 -6.608645929749135
1.595 -6.592657390472663
1.596 -6.529517964378085
1.597 -6.569446406176139
1.598 -6.626890207376175
1.599 -6.600766314110883
1.6 -6.603756813155993
1.601 -6.600434339468065
1.602 -6.601122189112078
1.603 -6.577476083477967
1.604 -6.532017362541898
1.605 -6.439697082586118
1.606 -6.394338653782722
1.607 -6.32874953866001
1.608 -6.411364743487462
1.609 -6.389675669356148
1.61 -6.342497442523285
1.611 -6.350954457741056
1.612 -6.340403909819651
1.613 -6.225091909272925
1.614 -6.154200898138523
1.615 -6.0820471628748045
1.616 -6.06354015755109
1.617 -5.992822348557209
1.618 -5.939515432447486
1.619 -5.862431999512928
1.62 -5.804793010460293
1.621 -5.772739126283954
1.622 -5.758357559644779
1.623 -5.728050332544756
1.624 -5.7001723097555095
1.625 -5.676323384495042
1.6260000000000001 -5.607983662172747
1.627 -5.668730261916371
1.6280000000000001 -5.866719098805078
1.629 -5.783768045752784
1.6300000000000001 -5.766640006087798
1.631 -5.702200626146482
1.6320000000000001 -5.775633863917681
1.633 -5.645017917755987
1.6340000000000001 -5.7086726719740035
1.635 -5.710373030871649
1.6360000000000001 -5.619014326306963
1.637 -5.617911916503924
1.6380000000000001 -5.538310416087334
1.639 -5.486283677686577
1.6400000000000001 -5.418841721012279
1.641 -5.50796497887143
1.6420000000000001 -5.5156517511347865
1.643 -5.51530034743557
1.6440000000000001 -5.533092167582357
1.645 -5.5015363707919684
1.6460000000000001 -5.496932179994079
1.647 -5.471877591434582
1.6480000000000001 -5.360753106600865
1.649 -5.397258821306086
1.6500000000000001 -5.367753666434137
1.651 -5.287881279923402
1.6520000000000001 -5.242512773713675
1.653 -5.186025955346407
1.6540000000000001 -5.082678614130319
1.655 -5.079087543398081
1.6560000000000001 -4.956457576155997
1.657 -4.8012674750207145
1.6580000000000001 -4.773939508803555
1.659 -4.832323856588326
1.6600000000000001 -4.833206766242337
1.661 -4.770248001989394
1.6620000000000001 -4.890917705972125
1.663 -4.921623619487679
1.6640000000000001 -4.946633299096099
1.665 -4.888310120811726
1.666 -4.891862078746063
1.667 -4.90781387051931
1.668 -4.837296202931517
1.669 -4.760345749537907
1.67 -4.666101244224363
1.671 -4.600830417637533
1.672 -4.574325028694732
1.673 -4.506609097401727
1.674 -4.585012884123509
1.675 -4.618700222038722
1.676 -4.563639020654446
1.677 -4.583343242689163
1.678 -4.501829365020793
1.679 -4.462645527756332
1.68 -4.458216394839093
1.681 -4.359215716280252
1.682 -4.34792149037657
1.683 -4.381278573542086
1.684 -4.2817109347425415
1.685 -4.259942266575987
1.686 -4.306227583722111
1.687 -4.186679255077996
1.688 -4.071615200556826
1.689 -3.989833647881986
1.69 -3.977061639688684
1.691 -3.948863520360256
1.692 -3.8305964292508037
1.693 -3.751385706029938
1.694 -3.7420615048109527
1.695 -3.662970490367916
1.696 -3.7033715714921547
1.697 -3.5681554554741557
1.698 -3.407605465109049
1.699 -3.2829487771878547
1.7 -3.0881497746373006
1.701 -2.9493314169112272
1.702 -2.8318497412885444
1.703 -2.7816486165837038
1.704 -2.7091292216555067
1.705 -2.6191702977962685
1.706 -2.56578044452651
1.707 -2.5546161037615454
1.708 -2.48648733871887
1.709 -2.407736885538883
1.71 -2.3676675923924697
1.711 -2.2809737175731426
1.712 -2.2179198130934097
1.713 -2.1157418858133097
1.714 -2.066794773446138
1.715 -1.8898566818629046
1.716 -1.7831892163694416
1.717 -1.6009412888844456
1.718 -1.5286985941731028
1.719 -1.3732709680779283
1.72 -1.2290062663232861
1.721 -1.0665560283405349
1.722 -1.1065101166815015
1.723 -1.0539996873663877
1.724 -1.0176483895078665
1.725 -0.8894572030558356
1.726 -0.7496277916553671
1.727 -0.7465440709630311
1.728 -0.6277303330053996
1.729 -0.6075752266600882
1.73 -0.37460658226978394
1.731 -0.4021323334759086
1.732 -0.3201071452411257
1.733 -0.2654044992147888
1.734 -0.174898945951937
1.735 -0.015772451143869937
1.736 0.03332929094407522
1.737 0.0725793382723523
1.738 0.2185234718659328
1.739 0.4300775602884681
1.74 0.4617685165452381
1.741 0.4888851522374462
1.742 0.4907699902732693
1.743 0.38431135175530573
1.744 0.49993635213988596
1.745 0.6565846320163858
1.746 0.8166046420598954
1.747 0.9593040316389365
1.748 1.1189134567808376
1.749 1.1183111317308696
1.75 1.1734068742891939
1.7510000000000001 1.075358573443935
1.752 1.1677993857932316
1.7530000000000001 1.097031235891489
1.754 1.0575083529671583
1.7550000000000001 1.094321684631655
1.756 1.1454763223469175
1.7570000000000001 1.0957327785021966
1.758 1.1828865750295383
1.7590000000000001 1.2138867283137136
1.76 1.2010314315675312
1.7610000000000001 1.2409331019859697
1.762 1.1829020661759535
1.7630000000000001 1.3167835930638876
1.764 1.272962807281408
1.7650000000000001 1.1538502223771379
1.766 1.229985919726469
1.7670000000000001 1.308902749204071
1.768 1.3751738923999204
1.7690000000000001 1.3931260559668355
1.77 1.355625441769651
1.7710000000000001 1.2854512397731344
1.772 1.3813802419699073
1.7730000000000001 1.3584656098662933
1.774 1.343805982008544
1.7750000000000001 1.2979666249112187
1.776 1.335080593822395
1.7770000000000001 1.2721624534383573
1.778 1.2963058494555455
1.7790000000000001 1.3114038978676177
1.78 1.325593879674129
1.7810000000000001 1.3520644264247679
1.782 1.2719497680919418
1.7830000000000001 1.3285203347342007
1.784 1.2705726343680397
1.7850000000000001 1.2760035260036966
1.786 1.2832705141224645
1.7870000000000001 1.2695825014739504
1.788 1.2130042615535814
1.7890000000000001 1.1006775288213442
1.79 1.0610098165911106
1.7910000000000001 1.0689419302961454
1.792 1.0405109056394637
1.793 1.0840234231877652
1.794 1.0679376042930264
1.795 1.1849620267862233
1.796 1.146101104211792
1.797 1.1358451170847177
1.798 1.0884299495670446
1.799 1.0428856294201347
1.8 1.0056989918663466
1.801 0.976476980568251
1.802 0.9349739331873069
1.803 0.8633715506476651
1.804 0.8161057435873944
1.805 0.7966409083487598
1.806 0.7745889970786182
1.807 0.6999608816866824
1.808 0.6077227480387101
1.809 0.6598895612191097
1.81 0.7170276014146039
1.811 0.8423101931767037
1.812 0.8429869099750658
1.813 0.7793702420267807
1.814 0.8374857969979449
1.815 0.83353876757547
1.816 0.9029867861915712
1.817 0.8703095549937535
1.818 0.9195021371804448
1.819 1.0037459517200058
1.82 0.9496016799341109
1.821 0.9856742119417528
1.822 0.9881714563951777
1.823 1.0284536900770034
1.824 0.9469267236381156
1.825 0.9854057135593892
1.826 1.0372389454337507
1.827 1.0296935992946932
1.828 0.9583523218669106
1.829 0.9792147262654067
1.83 0.9257155208108785
1.831 0.870440102234384
1.832 0.7762928972475065
1.833 0.7851683379168829
1.834 0.7719772809683176
1.835 0.8254145025472656
1.836 0.8093475379993724
1.837 0.8114410342979933
1.838 0.787084234359761
1.839 0.7190946241827764
1.84 0.7119157945018776
1.841 0.7970884089048696
1.842 0.8421088118591052
1.843 0.9014910936328305
1.844 0.8741709428018622
1.845 0.8140858700013033
1.846 0.6999444515014044
1.847 0.7662383041209524
1.848 0.8418469192021221
1.849 0.7635054826285947
1.85 0.761975319032851
1.851 0.7272785113518807
1.852 0.7038461684752139
1.853 0.8283733627121176
1.854 0.8637458663666491
1.855 1.0177681148461573
1.856 1.0951752099750627
1.857 1.0909973733112863
1.858 1.075167509889417
1.859 1.096128725271695
1.86 1.023182244338369
1.861 1.0350612037714744
1.862 0.9733588606785514
1.863 1.044207101799296
1.864 1.0470715622047533
1.865 1.0359975873138796
1.866 0.9541964745775654
1.867 0.9079479955828615
1.868 0.9114190713396855
1.869 0.9462709756319239
1.87 0.9242565460941076
1.871 0.9006509871510273
1.872 0.971142395711383
1.873 0.9930409692375716
1.874 1.0109873791288113
1.875 0.9882381638619538
1.8760000000000001 1.0451899210307083
1.877 1.0206146332800936
1.8780000000000001 1.0867958793593586
1.879 1.1951981789824146
1.8800000000000001 1.1848282072420733
1.881 1.2918281656497217
1.8820000000000001 1.1898791065537253
1.883 1.1728637908741764
1.8840000000000001 1.157255799374295
1.885 1.2565299117575346
1.8860000000000001 1.2114931423273663
1.887 1.1329416449925742
1.8880000000000001 1.0914906625418968
1.889 1.1523553341629604
1.8900000000000001 1.0368276289708018
1.891 1.0412269303326782
1.8920000000000001 1.0970425175575933
1.893 0.9973047889441253
1.8940000000000001 0.952642411880692
1.895 1.0392079561493135
1.8960000000000001 0.9497189124327872
1.897 0.9084186301155232
1.8980000000000001 0.9671628270512533
1.899 0.9608036581521546
1.9000000000000001 0.9909968649864911
1.901 0.967770217769971
1.9020000000000001 0.9412103737169993
1.903 0.8500852637687966
1.9040000000000001 0.8709034911245769
1.905 0.7982134158303695
1.9060000000000001 0.8606024341028593
1.907 0.7656569420993848
1.9080000000000001 0.7608908056414923
1.909 0.7498611300078631
1.9100000000000001 0.7503525752598387
1.911 0.8583781169947436
1.9120000000000001 0.8385155286704313
1.913 0.8657538518707629
1.9140000000000001 0.919352908057557
1.915 0.9098913500790089
1.9160000000000001 0.9626913812922041
1.917 1.0048640479943087
1.9180000000000001 1.0204841709468688
1.919 1.0175199973040296
1.92 1.0432000824140266
1.921 0.9827880840577007
1.922 0.9440731718753146
1.923 1.0537159932887632
1.924 0.986023468484967
1.925 0.9074959770291287
1.926 0.8195976954239046
1.927 0.7961020114319107
1.928 0.8615381771977106
1.929 0.9542631057797256
1.93 0.9183494923036633
1.931 0.9414912389942157
1.932 0.9312701817764004
1.933 0.9414247406154425
1.934 0.9190136996097539
1.935 1.0801043140959345
1.936 1.0390107230176995
1.937 1.1000576239324977
1.938 1.1286165436552005
1.939 1.018017886401482
1.94 1.0577198198860527
1.941 0.9912186151860807
1.942 0.8459323888755497
1.943 0.8648277947452796
1.944 0.9114824829086786
1.945 0.9302828463479424
1.946 0.9298818882198707
1.947 0.8670891271309848
1.948 0.8340098661666606
1.949 0.787316396388422
1.95 0.7274890684762879
1.951 0.7879724930965265
1.952 0.947114170969849
1.953 0.9211989222066751
1.954 0.8401583000362884
1.955 0.9152450268216287
1.956 0.8625048413106943
1.957 1.0031904047231919
1.958 1.0023990179396562
1.959 1.0012522915633046
1.96 0.9706995260579698
1.961 0.9704372490090872
1.962 0.9164747595172839
1.963 0.9182659543717171
1.964 0.944217864531055
1.965 0.8709083108857236
1.966 0.8719133443620468
1.967 0.9115858712783818
1.968 0.925877519685616
1.969 0.9139357727749607
1.97 1.0184846581691438
1.971 0.9486200851347273
1.972 0.9239660171762526
1.973 0.7846176658297833
1.974 0.8753693221740098
1.975 0.8422905015139827
1.976 0.8262914315563108
1.977 0.8385133960890211
1.978 0.8402463458819922
1.979 0.7553345530680667
1.98 0.7677387913472337
1.981 0.671762212000718
1.982 0.7158382010284084
1.983 0.6868471259045718
1.984 0.7501976328803758
1.985 0.6545826479317687
1.986 0.6515427508704594
1.987 0.5923377144412718
1.988 0.6426922649750219
1.989 0.6828962670100424
1.99 0.6563482956231613
1.991 0.6403349818276494
1.992 0.5997592439347114
1.993 0.6352987900067186
1.994 0.5338524171224382
1.995 0.42162634973570656
1.996 0.3801688423742293
1.997 0.3229346462025524
1.998 0.37302648687845025
1.999 0.4461229988961215
2.0 0.3272024695613175
2.001 0.40637025543641336
2.0020000000000002 0.47942670811947363
2.003 0.5598460900940928
2.004 0.5497317581442792
2.005 0.4868455016847333
2.0060000000000002 0.4514572617478246
2.007 0.43428716688368063
2.008 0.3601394118363198
2.009 0.48214685158928683
2.0100000000000002 0.5169598746372738
2.011 0.5785087877866246
2.012 0.640983285059322
2.013 0.6601008528562907
2.0140000000000002 0.5981928812961275
2.015 0.5979442855327175
2.016 0.5475922765526243
2.017 0.5463161595046694
2.0180000000000002 0.5286854066276008
2.019 0.5433555531972195
2.02 0.5034383148755961
2.021 0.43051300097806966
2.0220000000000002 0.420444784133266
2.023 0.31560954643596506
2.024 0.39355749798257816
2.025 0.3678542736448065
2.0260000000000002 0.3801628149019402
2.027 0.39146654978209927
2.028 0.4326443008095495
2.029 0.35415325270764825
2.0300000000000002 0.3160527506195927
2.031 0.2473423081493454
2.032 0.25855418320534135
2.033 0.17320249124660536
2.0340000000000003 0.24809917926800995
2.035 0.2221536995470267
2.036 0.236980519169727
2.037 0.19384291913198798
2.0380000000000003 0.2165830963325224
2.039 0.312164839953554
2.04 0.2959865924195629
2.041 0.15212566584698684
2.0420000000000003 0.059219550547647465
2.043 0.15471700526155108
2.044 0.11756712815327174
2.045 0.08776305399418075
2.0460000000000003 0.01983039216735863
2.047 -0.06631271081941688
2.048 0.00640758351584933
2.049 0.09740734142611365
2.05 0.10180325292415499
2.051 0.22617457275454877
2.052 0.16465945328600995
2.053 0.2535377704614906
2.054 0.1677409915193842
2.055 0.23888118617813367
2.056 0.3429539190262643
2.057 0.30687391035061035
2.058 0.3075193591098171
2.059 0.33229564620478946
2.06 0.2984105167402984
2.061 0.2739233071346148
2.062 0.12178156903219864
2.063 -0.004508707827089425
2.064 0.09852876315110101
2.065 0.05810939712784713
2.066 0.09064242374485508
2.067 0.17612254002036298
2.068 0.19442670796050648
2.069 0.14991576824743338
2.07 0.1117802775855986
2.071 0.05155247962962532
2.072 0.014968772047261006
2.073 -0.07495650670760257
2.074 -0.0877384021061252
2.075 -0.1338253534060295
2.076 -0.24160280070253737
2.077 -0.28912168875471483
2.078 -0.2544882511865914
2.079 -0.23923016805890335
2.08 -0.2216266113723448
2.081 -0.33139619476590915
2.082 -0.2746531324062779
2.083 -0.2928362030878096
2.084 -0.32705039696805016
2.085 -0.32787582879609384
2.086 -0.3021798031128513
2.087 -0.4273795192533179
2.088 -0.4463881254257886
2.089 -0.43364844308512146
2.09 -0.5070271800658894
2.091 -0.5283923084950498
2.092 -0.5995978178888473
2.093 -0.5820245018161874
2.094 -0.5137118335642303
2.095 -0.537390413723573
2.096 -0.5862141827626229
2.097 -0.6194316604742894
2.098 -0.5847235275283931
2.099 -0.5672817978159272
2.1 -0.669769074011492
2.101 -0.7097447984240887
2.102 -0.6813652918022466
2.103 -0.6363373268777748
2.104 -0.723640526812078
2.105 -0.7436272991785485
2.106 -0.7716109529720989
2.107 -0.7765303123973125
2.108 -0.7393449091908088
2.109 -0.8388823197901822
2.11 -0.8489433168711421
2.111 -0.8355926684218965
2.112 -0.9153462976865687
2.113 -0.7979891605179233
2.114 -0.8429144678374805
2.115 -0.8912955267391631
2.116 -0.8862446071663002
2.117 -0.8383134488465366
2.118 -0.7568012018418422
2.119 -0.7716957739790664
2.12 -0.7458916906516078
2.121 -0.8197149309688019
2.122 -0.8421198119180754
2.123 -0.8072974659086454
2.124 -0.8167766326840659
2.125 -0.7717677753478804
2.126 -0.8678393476856044
2.1270000000000002 -0.788576492210908
2.128 -0.7639361242942413
2.129 -0.7414388776313168
2.13 -0.7950493154578664
2.1310000000000002 -0.7835839976199925
2.132 -0.7796856009060816
2.133 -0.7868896215484915
2.134 -0.7628342176764726
2.1350000000000002 -0.7618173536762483
2.136 -0.8332605745232241
2.137 -0.821439434390422
2.138 -0.8431917326910344
2.1390000000000002 -0.7873378113618675
2.14 -0.8442849230198647
2.141 -0.7610748140706265
2.142 -0.693498072821455
2.1430000000000002 -0.791304748607486
2.144 -0.8152975527591982
2.145 -0.8597448493372922
2.146 -0.7351661558170772
2.1470000000000002 -0.7172324509966004
2.148 -0.7150873701930308
2.149 -0.594603367067546
2.15 -0.5118864272616125
2.1510000000000002 -0.49310510697594157
2.152 -0.4653446588124327
2.153 -0.3966394646973322
2.154 -0.34016058767199464
2.1550000000000002 -0.2987778480004851
2.156 -0.28226716588642503
2.157 -0.2279288800316573
2.158 -0.2634805700193882
2.1590000000000003 -0.2287829993763743
2.16 -0.2209414771124215
2.161 -0.28374733251171824
2.162 -0.2716475327623802
2.1630000000000003 -0.2026586603649279
2.164 -0.2873461966442653
2.165 -0.3180209039699931
2.166 -0.24793351198393138
2.1670000000000003 -0.14744428841663126
2.168 -0.13918935357919254
2.169 -0.04957166703773905
2.17 -0.062314666436076895
2.1710000000000003 -0.009222426528032304
2.172 -0.00035603059021956443
2.173 -0.034015920421790524
2.174 0.05891547899119444
2.1750000000000003 0.04750593062553177
2.176 -0.06911014054234735
2.177 -0.06277733944062105
2.178 -0.07609540654652598
2.179 -0.11895467823330831
2.18 -0.03518102933899138
2.181 -0.1197640127553248
2.182 -0.038483470202015035
2.183 -0.007731220111476266
2.184 0.017019403567373054
2.185 0.07116605854310382
2.186 0.14373101352556678
2.187 0.16500168039507707
2.188 0.18245212032567992
2.189 0.2635815393352428
2.19 0.34930177336626733
2.191 0.3788390504814552
2.192 0.3325551436767187
2.193 0.4077358371438151
2.194 0.4272541580089608
2.195 0.259915469382373
2.196 0.321803490433229
2.197 0.3599902762855668
2.198 0.35748029418240107
2.199 0.3817912289534352
2.2 0.39763427408944957
2.201 0.3350570788757262
2.202 0.2763601101012487
2.203 0.18129428964266317
2.204 0.3149950706351793
2.205 0.4175507178527829
2.206 0.39052026648310467
2.207 0.4061611808880526
2.208 0.44882229990790834
2.209 0.3262987702352278
2.21 0.2065219383487344
2.211 0.12344157402750242
2.212 0.24347891873227867
2.213 0.22059455006959444
2.214 0.1884134131704455
2.215 0.27125159399291465
2.216 0.261779036593152
2.217 0.17825658078807455
2.218 0.24909111101637216
2.219 0.31579422946618435
2.22 0.3700705266858707
2.221 0.2665529109235115
2.222 0.2440078546258272
2.223 0.27242218915667576
2.224 0.30748282197526
2.225 0.3500205358327252
2.226 0.4829402652612698
2.227 0.4677854709544543
2.228 0.38026423089892203
2.229 0.3539548010450539
2.23 0.2907177260302831
2.231 0.3210878798250042
2.232 0.30371390055065967
2.233 0.24798417551906007
2.234 0.2380337885091594
2.235 0.2551926347177318
2.236 0.31656650115200824
2.237 0.2890668700386849
2.238 0.2814136306163278
2.239 0.31332038703005727
2.24 0.32967888323234074
2.241 0.30365535078222383
2.242 0.3450131537791764
2.243 0.3203539935769487
2.244 0.3766003141804386
2.245 0.4065709110281502
2.246 0.49267461128148765
2.247 0.4178036283978931
2.248 0.3836967443783047
2.249 0.4342374418249483
2.25 0.38862392954211644
2.251 0.39444002903560643
2.2520000000000002 0.38595244377668714
2.253 0.3727065245655209
2.254 0.3590547366138126
2.255 0.33847298797011127
2.2560000000000002 0.2980863860908935
2.257 0.31758585033439846
2.258 0.2989177307810872
2.259 0.17300558252905301
2.2600000000000002 0.26217587257293146
2.261 0.3532667225577508
2.262 0.31522727095283604
2.263 0.3354040045685806
2.2640000000000002 0.32727483783255656
2.265 0.46212742895706516
2.266 0.49243602609541365
2.267 0.5858391177889286
2.2680000000000002 0.5100422971064512
2.269 0.3805398751515773
2.27 0.3787025127696151
2.271 0.42858349814085517
2.2720000000000002 0.39871065082449475
2.273 0.4281964510448766
2.274 0.48047684392502354
2.275 0.5317105586886757
2.2760000000000002 0.5629783676551597
2.277 0.5717757853064493
2.278 0.5586272066347986
2.279 0.5839722632343364
2.2800000000000002 0.5384385877815933
2.281 0.5215190709339147
2.282 0.5065695072813461
2.283 0.527280507228454
2.2840000000000003 0.6020307964071678
2.285 0.645996158373368
2.286 0.6889937876888587
2.287 0.6460536817824997
2.2880000000000003 0.6626844103817106
2.289 0.6708739887425792
2.29 0.6715099165592211
2.291 0.5869791483774939
2.2920000000000003 0.653137506808641
2.293 0.6252826446392014
2.294 0.6364115424718114
2.295 0.5461396848468247
2.2960000000000003 0.5627284519130932
2.297 0.5507249889545036
2.298 0.5804675593658958
2.299 0.6105475496853181
2.3000000000000003 0.5687278271716741
2.301 0.5556297203036817
2.302 0.5527663682645653
2.303 0.6569480352006873
2.3040000000000003 0.65801481068314
2.305 0.7168862998919717
2.306 0.7671652356401045
2.307 0.7221803641991484
2.308 0.689750418923524
2.309 0.685362720447215
2.31 0.6514912827116303
2.311 0.7075014518739052
2.312 0.6755701126518997
2.313 0.6878183649609086
2.314 0.7174254695451516
2.315 0.6967570458271161
2.316 0.7593055380076649
2.317 0.8081306353649481
2.318 0.7813610681453566
2.319 0.7583172817519462
2.32 0.7786469068310661
2.321 0.7302827597805054
2.322 0.7104264104686381
2.323 0.7071523605405697
2.324 0.7148526618333543
2.325 0.6335242350842301
2.326 0.5809999207535576
2.327 0.6481261548548516
2.328 0.5971406510317396
2.329 0.5729803445376067
2.33 0.5264073021723328
2.331 0.5837558765735121
2.332 0.4474363663477505
2.333 0.4946821510028287
2.334 0.6944792343918085
2.335 0.7928786280653454
2.336 0.8045111775599262
2.337 0.8011741530269063
2.338 0.7895131703419256
2.339 0.8138492913410801
2.34 0.7101285611299082
2.341 0.8757272200254427
2.342 0.8316185415229163
2.343 0.8550523510931518
2.344 0.8545883842889466
2.345 0.7915820155032948
2.346 0.7609181205373968
2.347 0.6710656012816851
2.348 0.7084132745425276
2.349 0.7524141170195249
2.35 0.7370154319568745
2.351 0.7238458785488651
2.352 0.6341881189740115
2.353 0.471816788880023
2.354 0.45711970720232625
2.355 0.4526265633759976
2.356 0.46440138803414566
2.357 0.48483937344584627
2.358 0.4554929969084456
2.359 0.5074836287332464
2.36 0.5306842670367204
2.361 0.5542013863235415
2.362 0.46037116925431676
2.363 0.4600866946925736
2.364 0.46607393261064967
2.365 0.5313077611854027
2.366 0.5026175273765499
2.367 0.4982961749827179
2.368 0.449484952116792
2.369 0.4037028066044277
2.37 0.43368753644515673
2.371 0.40377080136323923
2.372 0.46451552268895707
2.373 0.534992052441327
2.374 0.4621915618225809
2.375 0.4383573590016419
2.376 0.32912429678586563
2.3770000000000002 0.3126083289326604
2.378 0.29642206789764974
2.379 0.31449222920177927
2.38 0.3136258312965891
2.3810000000000002 0.35893941949815894
2.382 0.3666729708760874
2.383 0.42325602736954265
2.384 0.4336457596367939
2.3850000000000002 0.3533177258330311
2.386 0.22456806701189214
2.387 0.1495885108686732
2.388 0.15304882001484657
2.3890000000000002 0.1661157596697935
2.39 0.16810945775100766
2.391 0.18034148179780898
2.392 0.10980870588640862
2.3930000000000002 0.06683166925743401
2.394 -0.04174173181631903
2.395 -0.05432341390094222
2.396 3.682123095426898e-5
2.3970000000000002 0.075404990797144
2.398 0.07172887781460963
2.399 0.050391802689993576
2.4 0.1107991689523394
2.4010000000000002 0.23654629761551182
2.402 0.31101941318543647
2.403 0.25334501677706
2.404 0.2638666419967411
2.4050000000000002 0.3380442749094078
2.406 0.2542030883352494
2.407 0.19444678450914477
2.408 0.21038419253198137
2.4090000000000003 0.2516241080581002
2.41 0.2572857035508461
2.411 0.3580368217583196
2.412 0.34566958256234886
2.4130000000000003 0.3188478479418677
2.414 0.2801186133599898
2.415 0.280866747159807
2.416 0.2666925159065836
2.4170000000000003 0.20652069154004987
2.418 0.25371204233035816
2.419 0.2879335447113511
2.42 0.2394149443957521
2.4210000000000003 0.22845318749372434
2.422 0.2901495161329809
2.423 0.2820263876334221
2.424 0.2580115384310586
2.4250000000000003 0.2475747533978278
2.426 0.3505500880122047
2.427 0.39096059869835775
2.428 0.45071529722171666
2.4290000000000003 0.42125142928627485
2.43 0.43361474541977335
2.431 0.4463187697124713
2.432 0.481912457827059
2.433 0.47615457246865883
2.434 0.5291237602107722
2.435 0.44764262308070557
2.436 0.5297835696532721
2.437 0.6392241436828073
2.438 0.6473557861037393
2.439 0.6296439644105412
2.44 0.7069431483628669
2.441 0.7967812394885428
2.442 0.7608877754083329
2.443 0.8079590703017576
2.444 0.8112380427580453
2.445 0.8950442112582928
2.446 1.0117661093145944
2.447 0.9409402911066315
2.448 1.0355615532609417
2.449 1.1081676478915956
2.45 1.1319883901146772
2.451 1.1788959818341214
2.452 1.22424287534944
2.453 1.3060468819253317
2.454 1.2796431806536437
2.455 1.320933308779768
2.456 1.3399310006315206
2.457 1.4091129673011276
2.458 1.3571912624184574
2.459 1.3194974318181842
2.46 1.4232184378398653
2.461 1.459987717871254
2.462 1.4403998822343766
2.463 1.4095337033330535
2.464 1.4585094690682545
2.465 1.5305606005612984
2.466 1.5915663759010195
2.467 1.5799578912517132
2.468 1.4570440540286045
2.469 1.4592904788412215
2.47 1.344668374744445
2.471 1.2710255165691304
2.472 1.2283682886638996
2.473 1.3334211764079178
2.474 1.3469874135988567
2.475 1.2832495527170469
2.476 1.272816945776226
2.477 1.2301501419076168
2.478 1.1323522163346609
2.479 1.1508853981643579
2.48 1.1529879340779332
2.481 1.0717703281236912
2.482 1.1540454715569508
2.483 1.1660557401912466
2.484 1.1744316461496436
2.485 1.2085544740068281
2.486 1.2269042668859078
2.487 1.3488766053487322
2.488 1.2896116427405666
2.489 1.311865008157034
2.49 1.3002990266196308
2.491 1.249400032763667
2.492 1.2923463826316128
2.493 1.2524363656813227
2.494 1.1922472398805564
2.495 1.2269115334327667
2.496 1.2513016149017884
2.497 1.3178223219746508
2.498 1.300923607625326
2.499 1.3042581724933748
2.5 1.2508245875329247
2.501 1.2478865314711665
2.5020000000000002 1.2872795436994067
2.503 1.2318473315409089
2.504 1.1806363477320485
2.505 1.2358534862796922
2.5060000000000002 1.2239521242914742
2.507 1.119366146529397
2.508 1.1414419688311557
2.509 1.0413208488555916
2.5100000000000002 1.0137962203788802
2.511 1.068153461385202
2.512 1.1082935163571124
2.513 1.0340170037688874
2.5140000000000002 1.0893352047098734
2.515 1.116513508405572
2.516 1.16126808642591
2.517 1.1920758641145148
2.5180000000000002 1.2484224528709935
2.519 1.1857788186760447
2.52 1.2382614870063646
2.521 1.2620514228690214
2.5220000000000002 1.2429441468790479
2.523 1.3134071565943308
2.524 1.2310984322660188
2.525 1.2670370322040074
2.5260000000000002 1.2776023631330824
2.527 1.3780569675200844
2.528 1.4147665888444159
2.529 1.3606239800959326
2.5300000000000002 1.4699945293737962
2.531 1.511201255474425
2.532 1.4808875014300869
2.533 1.4428065995790549
2.5340000000000003 1.4624079762752697
2.535 1.514070398590345
2.536 1.5902746510361863
2.537 1.5889781834922683
2.5380000000000003 1.5658222112360334
2.539 1.6231797970372501
2.54 1.7012776154368303
2.541 1.7167117622541215
2.5420000000000003 1.6762889002989645
2.543 1.6524743920248732
2.544 1.6249629411113182
2.545 1.6033352902232119
2.5460000000000003 1.5847005599883408
2.547 1.5424473028821077
2.548 1.5658449774386294
2.549 1.4885204442920035
2.5500000000000003 1.4640478276352868
