0.0 -0.7654190806137279
0.001 -0.8811014052067054
0.002 -1.027551591636493
0.003 -1.0801714431834042
0.004 -1.037712511572304
0.005 -1.0629648108236904
0.006 -1.0240260321601793
0.007 -0.9576679969501649
0.008 -0.9439218933368959
0.009000000000000001 -1.0299721164471478
0.01 -1.010805458690532
0.011 -1.0484832986828343
0.012 -0.8943743059624437
0.013000000000000001 -0.9456526444388186
0.014 -0.9319107990814207
0.015 -0.9251085192467701
0.016 -0.8931675829094444
0.017 -0.8911145847453396
0.018000000000000002 -0.8960954850434268
0.019 -1.046768312630057
0.02 -1.0774591163226597
0.021 -1.0721432299352651
0.022 -1.0608640375033187
0.023 -0.9794338299256333
0.024 -0.9967010626182826
0.025 -0.9990888263915414
0.026000000000000002 -0.9741824382942673
0.027 -1.055094119563511
0.028 -1.1139742667149668
0.029 -1.025668267131833
0.03 -1.0212979262050348
0.031 -1.0787834529378897
0.032 -0.9111845942366845
0.033 -0.9042240207488745
0.034 -0.9283464662789114
0.035 -0.9879079684700902
0.036000000000000004 -0.8671208336305564
0.037 -0.8184372852551248
0.038 -0.825226865926114
0.039 -0.8800541109269872
0.04 -0.9152893159447002
0.041 -0.9855278850694528
0.042 -0.8907712730772505
0.043000000000000003 -0.8662449712062953
0.044 -0.934505063842563
0.045 -0.9435439208847927
0.046 -1.1029231748793928
0.047 -1.0637780803608783
0.048 -1.0860783507845329
0.049 -1.1003172272881423
0.05 -1.128414963233477
0.051000000000000004 -1.1824134087159954
0.052000000000000005 -1.1296556655432572
0.053 -1.062008638561104
0.054 -1.0368210496388979
0.055 -1.0069574283977831
0.056 -0.9012512152257319
0.057 -0.8683873824478103
0.058 -0.8385014156404426
0.059000000000000004 -0.777112842102871
0.06 -0.6777139102088341
0.061 -0.715315697886417
0.062 -0.6649211634117224
0.063 -0.697017408684194
0.064 -0.6847528859593847
0.065 -0.6369953313840877
0.066 -0.8059194288233812
0.067 -0.7259755944241506
0.068 -0.6289656512587734
0.069 -0.6331627017100075
0.07 -0.7943056638103627
0.07100000000000001 -0.8627395917797582
0.07200000000000001 -0.880247046994021
0.073 -0.8337942728760134
0.074 -0.6982828593710083
0.075 -0.7490917483570771
0.076 -0.7916644485644522
0.077 -0.8394062064715778
0.078 -0.8372772085838484
0.079 -0.7887619160908939
0.08 -0.7756495105778302
0.081 -0.7501858824519215
0.082 -0.7457098624844626
0.083 -0.7384421288333121
0.084 -0.5520245914365512
0.085 -0.39458663644127645
0.08600000000000001 -0.3515574333126049
0.08700000000000001 -0.5149922915592798
0.088 -0.5692484112318887
0.089 -0.5681353373259559
0.09 -0.6680734787504226
0.091 -0.6931398141154719
0.092 -0.7186526182065778
0.093 -0.6184453136110615
0.094 -0.6608278793591551
0.095 -0.682344016414612
0.096 -0.7308770880656694
0.097 -0.7276978527863351
0.098 -0.811888122263431
0.099 -0.9253151842871008
0.1 -0.8582432039495812
0.101 -0.863858947014756
0.10200000000000001 -0.8833678919446901
0.10300000000000001 -0.8193313642809725
0.10400000000000001 -0.8704660477502018
0.105 -0.8834430232712615
0.106 -0.9259551139880836
0.107 -0.9492826391647764
0.108 -0.8713955995167273
0.109 -0.9683429989509102
0.11 -1.019779520385996
0.111 -1.100720761830294
0.112 -1.0035269048083095
0.113 -1.016483334538854
0.114 -0.9991418240816538
0.115 -0.9714420426837265
0.116 -0.9902904913480899
0.117 -0.9958056550172361
0.11800000000000001 -0.9858269440947585
0.11900000000000001 -1.0267581964047188
0.12 -1.146517469746864
0.121 -1.1178289049172696
0.122 -1.1175738850077657
0.123 -1.1223189372486513
0.124 -1.1551066800020886
0.125 -1.1110373252594603
0.126 -1.2008411909245513
0.127 -1.2059865919610275
0.128 -1.2618905380129726
0.129 -1.2832489554022952
0.13 -1.228064049452385
0.131 -1.2689292819141458
0.132 -1.3090633937169154
0.133 -1.390681618351085
0.134 -1.3490167803827628
0.135 -1.4362810602323994
0.136 -1.4385227309663815
0.137 -1.3337544728623707
0.138 -1.4473919209172288
0.139 -1.3964112177466312
0.14 -1.4158136071021323
0.14100000000000001 -1.3502541876831458
0.14200000000000002 -1.3005908281436493
0.14300000000000002 -1.3363474474679986
0.14400000000000002 -1.4861084529516497
0.145 -1.5286533085573708
0.146 -1.5203951797539468
0.147 -1.5862832682554977
0.148 -1.539325755681431
0.149 -1.5904134725329742
0.15 -1.5921465112109026
0.151 -1.6674669127194361
0.152 -1.6439758185095001
0.153 -1.670956341330447
0.154 -1.6971744264028013
0.155 -1.6499734185522392
0.156 -1.67355643211831
0.157 -1.6863995496688229
0.158 -1.702317220402003
0.159 -1.7029586931213303
0.16 -1.741615089806364
0.161 -1.7592188410449459
0.162 -1.7999311715467539
0.163 -1.9159647373242412
0.164 -1.9311346450374605
0.165 -1.9501881246364487
0.166 -1.9873868565717903
0.167 -2.055508213972829
0.168 -1.987117202445199
0.169 -1.8435236561729262
0.17 -1.9286426560088952
0.171 -1.9736523130908594
0.17200000000000001 -1.964817412988916
0.17300000000000001 -1.9772423601391826
0.17400000000000002 -2.083547642988701
0.17500000000000002 -2.1561812124940904
0.176 -2.183074492500716
0.177 -2.353052866936816
0.178 -2.320431795998528
0.179 -2.3081121120391717
0.18 -2.217180885278495
0.181 -2.303026432965016
0.182 -2.2548643383585967
0.183 -2.287955017363845
0.184 -2.169124087951901
0.185 -2.0565859209300315
0.186 -2.120008647763676
0.187 -2.124409584123269
0.188 -2.0974288290550325
0.189 -2.2060899851739557
0.19 -2.0873792312554356
0.191 -2.0604879233192035
0.192 -2.109952644533371
0.193 -2.1655192835037287
0.194 -2.1157087747936143
0.195 -2.081745882504521
0.196 -2.0417136961247007
0.197 -2.0966534035350644
0.198 -2.097064547114735
0.199 -2.1041716155549763
0.2 -2.024743146929611
0.201 -1.9670635611577538
0.202 -2.0197955276509547
0.203 -2.056929415298233
0.20400000000000001 -2.092425187520746
0.20500000000000002 -2.0890521861435802
0.20600000000000002 -2.038052182869846
0.20700000000000002 -2.028707892998996
0.20800000000000002 -2.0469188784424013
0.209 -1.9625768813858362
0.21 -2.0827640904698814
0.211 -2.2162465149334585
0.212 -2.338980697994292
0.213 -2.3034033076558837
0.214 -2.3026401316477405
0.215 -2.328801429964957
0.216 -2.351662179366725
0.217 -2.3840616534709373
0.218 -2.353104086988535
0.219 -2.451958917050278
0.22 -2.3906462366468224
0.221 -2.5047836491403306
0.222 -2.4917696244698218
0.223 -2.520040980228206
0.224 -2.5535587668556334
0.225 -2.5558052344616935
0.226 -2.561712600367163
0.227 -2.52875007517611
0.228 -2.544235037976276
0.229 -2.4421425210937615
0.23 -2.4967036123654633
0.231 -2.6023438509218364
0.232 -2.687835086740473
0.233 -2.6914538476435483
0.234 -2.690161104312359
0.23500000000000001 -2.646835387971082
0.23600000000000002 -2.651607092405251
0.23700000000000002 -2.610893535143406
0.23800000000000002 -2.5647708973261127
0.23900000000000002 -2.5325556444708495
0.24 -2.522667912842772
0.241 -2.475274265509413
0.242 -2.4260466674297505
0.243 -2.4492145520402477
0.244 -2.3748523754658124
0.245 -2.37253793197639
0.246 -2.440648289654469
0.247 -2.4043166432108936
0.248 -2.314770149320306
0.249 -2.294826669258488
0.25 -2.350942739132253
0.251 -2.1794360523106224
0.252 -2.167076275639531
0.253 -2.088064923987921
0.254 -2.0357218569893094
0.255 -1.9835703841298642
0.256 -1.9056243068688974
0.257 -1.9564367049829108
0.258 -2.0124157588674945
0.259 -1.9783055079089527
0.26 -1.8999190694807613
0.261 -1.7795099091497415
0.262 -1.6884429432690733
0.263 -1.7305205103498467
0.264 -1.7434638504623965
0.265 -1.681612994866247
0.266 -1.647898730405333
0.267 -1.747457458551124
0.268 -1.812965813095813
0.269 -1.7322340960087006
0.27 -1.798787440122948
0.271 -1.8102735481655963
0.272 -1.7666594304770311
0.273 -1.8035594361410041
0.274 -1.8016562723731453
0.275 -1.7414730247628265
0.276 -1.7397444844431889
0.277 -1.7709813390556934
0.278 -1.7198709083149368
0.279 -1.7361355008977388
0.28 -1.6572076546093262
0.281 -1.6656710849152658
0.28200000000000003 -1.6937192575005544
0.28300000000000003 -1.6861011275272895
0.28400000000000003 -1.585179320295942
0.28500000000000003 -1.6024077913845372
0.28600000000000003 -1.572213229582594
0.28700000000000003 -1.5887807286020912
0.28800000000000003 -1.6616016995828597
0.289 -1.6927840554839353
0.29 -1.6228333355387503
0.291 -1.545550888380151
0.292 -1.483532369969187
0.293 -1.5568601107296294
0.294 -1.660274679468717
0.295 -1.6342611923626018
0.296 -1.63682843571339
0.297 -1.6001329347536555
0.298 -1.5319641494274607
0.299 -1.6542593438095627
0.3 -1.6276432471384712
0.301 -1.5809053466779253
0.302 -1.5261805196939457
0.303 -1.5888243293364883
0.304 -1.5140769343214013
0.305 -1.554025110127198
0.306 -1.5336691938826554
0.307 -1.5546370070418387
0.308 -1.6199149039820533
0.309 -1.598815311506314
0.31 -1.5576747321949458
0.311 -1.4742097033525254
0.312 -1.604234112410456
0.313 -1.5872857052859424
0.314 -1.5112552363104663
0.315 -1.5309171921567306
0.316 -1.5412192996480631
0.317 -1.4926114322007713
0.318 -1.431788011809626
0.319 -1.4168031065310853
0.32 -1.3741856965808743
0.321 -1.2954133268207808
0.322 -1.2692946319096956
0.323 -1.181304428742133
0.324 -1.1804146144167498
0.325 -1.112555627033921
0.326 -1.0922297287074576
0.327 -1.1692809594466358
0.328 -1.2284825379964346
0.329 -1.2322771616086023
0.33 -1.252972546635313
0.331 -1.238189639760536
0.332 -1.2912261779100034
0.333 -1.204321939780755
0.334 -1.1554642557918517
0.335 -1.2774746122203124
0.336 -1.2352250883942952
0.337 -1.1525499829515922
0.338 -1.0563341953875212
0.339 -1.165012854642526
0.34 -1.152567938079896
0.341 -1.0863763301799572
0.342 -1.11749449384153
0.343 -0.962316001759132
0.34400000000000003 -0.8958802556603171
0.34500000000000003 -0.8890297183999716
0.34600000000000003 -0.9184328205379688
0.34700000000000003 -0.9062308237389666
0.34800000000000003 -0.9191262152872787
0.34900000000000003 -0.9149041617056052
0.35000000000000003 -0.8796739705908724
0.35100000000000003 -0.8534956185988015
0.352 -0.861449925930534
0.353 -0.8989600625893923
0.354 -0.9692769421892431
0.355 -1.013935964504641
0.356 -0.9949420229798365
0.357 -1.0111114482042147
0.358 -1.0868298210787999
0.359 -1.1025825774746925
0.36 -1.246475706357443
0.361 -1.2138610947674566
0.362 -1.2599536055223557
0.363 -1.2377902054178302
0.364 -1.2501743130359302
0.365 -1.2003262265486292
0.366 -1.17848575445203
0.367 -1.2308421883805574
0.368 -1.1833898922394444
0.369 -1.1238237083943103
0.37 -1.0244972208436933
0.371 -1.0675185478030262
0.372 -1.0785262971856453
0.373 -1.0124917779333897
0.374 -1.0673798877362763
0.375 -1.0946051183521364
0.376 -1.1877684390625367
0.377 -1.202732869485263
0.378 -1.2524027386057095
0.379 -1.1603085306808203
0.38 -1.177486259582151
0.381 -1.1627079204175221
0.382 -1.2087647647624908
0.383 -1.2336654005616419
0.384 -1.2512395612897695
0.385 -1.313313687190193
0.386 -1.2867257040873834
0.387 -1.231814096683635
0.388 -1.285330865378926
0.389 -1.3273515845938904
0.39 -1.3282512985444124
0.391 -1.2501918193070267
0.392 -1.3775799844835062
0.393 -1.3004311705649245
0.394 -1.3321925895806945
0.395 -1.4066211606888956
0.396 -1.3914239939665993
0.397 -1.2848103168288947
0.398 -1.3184637391605432
0.399 -1.2885413329053774
0.4 -1.2071646656588397
0.401 -1.1045804067288856
0.402 -1.0168866366154328
0.403 -0.9758130050430839
0.404 -0.9737514462579243
0.405 -0.8663365033929308
0.406 -0.962545104246177
0.40700000000000003 -1.0466418910702733
0.40800000000000003 -1.2275742050225043
0.40900000000000003 -1.2246298866766328
0.41000000000000003 -1.2457621584088208
0.41100000000000003 -1.308131598379006
0.41200000000000003 -1.1995073824396907
0.41300000000000003 -1.2284669003265334
0.41400000000000003 -1.2546153962763535
0.41500000000000004 -1.1067252707243433
0.41600000000000004 -1.0626058681825363
0.417 -1.0560494003247893
0.418 -1.1149404270542735
0.419 -1.0934200870862525
0.42 -1.1201400256838774
0.421 -1.1431019809554939
0.422 -1.0367022524673009
0.423 -1.026715433357654
0.424 -1.0847038069089725
0.425 -0.9610450556082646
0.426 -0.8993729436589696
0.427 -0.8448612648741457
0.428 -0.8249568645312286
0.429 -0.7839923992725297
0.43 -0.8699821968013772
0.431 -0.8815888002503686
0.432 -0.8260103612180533
0.433 -0.8325953038464444
0.434 -0.868372103352272
0.435 -0.8871788989257214
0.436 -0.9738645872923579
0.437 -0.9585067055053093
0.438 -0.957246950604171
0.439 -1.019013663856786
0.44 -0.9825416723780903
0.441 -0.9562269685273933
0.442 -0.92444588010563
0.443 -0.9932529567196092
0.444 -0.8304679347908981
0.445 -0.8977518043637635
0.446 -0.974061357828034
0.447 -0.9393353714593359
0.448 -0.9537678434129707
0.449 -0.9559686671386245
0.45 -0.8710947035180399
0.451 -0.8820362576426148
0.452 -0.9624964477435767
0.453 -0.9294249040024585
0.454 -0.8736357878830268
0.455 -0.8765354130559884
0.456 -0.9294106185259258
0.457 -0.894574929245762
0.458 -0.9195428082076441
0.459 -0.9117673453578331
0.46 -0.8808603643258229
0.461 -0.9070574072111484
0.462 -0.8874292035403119
0.463 -0.9816581057011083
0.464 -0.9656941788538651
0.465 -1.0661159800003903
0.466 -1.1626695747546478
0.467 -1.0581278586172393
0.468 -1.1141857439376606
0.46900000000000003 -1.07594622409697
0.47000000000000003 -1.016603568164041
0.47100000000000003 -1.0632142336500707
0.47200000000000003 -1.0640839642287536
0.47300000000000003 -1.1279907976900523
0.47400000000000003 -1.0612502461152356
0.47500000000000003 -0.9070639516454563
0.47600000000000003 -0.8401165102183153
0.47700000000000004 -0.9152802523818917
0.47800000000000004 -0.9356778455948633
0.47900000000000004 -0.881874731886092
0.48 -0.8301238215215874
0.481 -0.8090582050100571
0.482 -0.9558936176641233
0.483 -0.9720583975567934
0.484 -0.8714404920287948
0.485 -0.9145806612268321
0.486 -0.927836841218884
0.487 -0.9657896632202351
0.488 -0.940848409369648
0.489 -0.9080653474785613
0.49 -0.8862138528166564
0.491 -0.821622819992459
0.492 -0.8366930582564058
0.493 -0.6942321192571157
0.494 -0.7204793329947449
0.495 -0.6903391250289992
0.496 -0.6965820304501831
0.497 -0.780091671945407
0.498 -0.7780322093955888
0.499 -0.7380333965228516
0.5 -0.7447092650093636
0.501 -0.8616148744811176
0.502 -0.8947959466063863
0.503 -0.8618181274478586
0.504 -0.8665458083917451
0.505 -0.8569837809703152
0.506 -0.9400305313251096
0.507 -0.910349826014755
0.508 -0.8755906397359849
0.509 -0.8583895598831652
0.51 -0.8271554545191036
0.511 -0.886561379587121
0.512 -0.8931154027980682
0.513 -0.8817532729151359
0.514 -0.870659010103255
0.515 -0.8358343299436956
0.516 -0.8603531094524354
0.517 -0.9434429938344311
0.518 -0.9202143653873329
0.519 -0.9544696684575944
0.52 -0.9850823746216528
0.521 -0.9792435015597337
0.522 -0.9305407633580102
0.523 -1.0684588810626552
0.524 -1.045272609250513
0.525 -1.004913413704011
0.526 -0.9318306923374757
0.527 -0.9043552523209675
0.528 -0.9272022483999973
0.529 -1.0342756116961263
0.53 -0.9951538362098034
0.531 -0.9686921137436064
0.532 -0.9309192116316527
0.533 -0.8062183672132062
0.534 -0.7609550078571234
0.535 -0.839807969217274
0.536 -0.8678578172478472
0.537 -0.8010362006979511
0.538 -0.8448520549082559
0.539 -0.8501072993940412
0.54 -0.8117750794340391
0.541 -0.6835884304766177
0.542 -0.6958004127971017
0.543 -0.6303500922248096
0.544 -0.5985331113878968
0.545 -0.6720798702721051
0.546 -0.8024400918017035
0.547 -0.7962416268747287
0.548 -0.8285767780494232
0.549 -0.9739228986012033
0.55 -0.9532426793255985
0.551 -1.0099078697942714
0.552 -0.9424949279466858
0.553 -0.9470692568417689
0.554 -0.849336311458227
0.555 -0.7469661287059101
0.556 -0.724818652490999
0.557 -0.741335014217803
0.558 -0.6601570876936145
0.559 -0.6565034008976441
0.56 -0.5786202167525087
0.561 -0.4959848042491556
0.562 -0.45726986136368053
0.5630000000000001 -0.563559972019092
0.5640000000000001 -0.500150115802977
0.5650000000000001 -0.48458257026543444
0.5660000000000001 -0.43389441007978713
0.5670000000000001 -0.40187918211854784
0.5680000000000001 -0.5252925058887925
0.5690000000000001 -0.5733340328948627
0.5700000000000001 -0.645384016670817
0.5710000000000001 -0.5818291407642395
0.5720000000000001 -0.6142949407689167
0.5730000000000001 -0.6544683384637392
0.5740000000000001 -0.6847472735310516
0.5750000000000001 -0.757599449527417
0.5760000000000001 -0.8107615683894575
0.577 -0.7788757671354678
0.578 -0.8361544698197979
0.579 -0.7176106730103651
0.58 -0.7622203727051856
0.581 -0.9076757432229011
0.582 -0.9044513791813958
0.583 -0.8194580950692204
0.584 -0.8956872831038492
0.585 -0.8294310753720233
0.586 -0.7691739172529147
0.587 -0.7844609770264018
0.588 -0.7871861967121733
0.589 -0.7724063628812752
0.59 -0.7666330829404289
0.591 -0.8058665141278644
0.592 -0.9053090827582306
0.593 -0.8201930509945548
0.594 -0.7807332534848171
0.595 -0.6959166052174126
0.596 -0.6404480577051544
0.597 -0.5531111292860845
0.598 -0.5123526269198481
0.599 -0.4501504862215954
0.6 -0.4045732723081942
0.601 -0.4884827737384485
0.602 -0.541058963278957
0.603 -0.5401344730047
0.604 -0.5677701801392924
0.605 -0.5776137674919143
0.606 -0.5523657042808284
0.607 -0.48065453197687213
0.608 -0.4110989996868197
0.609 -0.43957709994618194
0.61 -0.5260497018082952
0.611 -0.46724222249187686
0.612 -0.3972947156942597
0.613 -0.4072920795630551
0.614 -0.4656399110979424
0.615 -0.42776720014983627
0.616 -0.39064004368791205
0.617 -0.30639726632339603
0.618 -0.3784551150924078
0.619 -0.45933374802245874
0.62 -0.4445615949179862
0.621 -0.5438019945019317
0.622 -0.5887621629264983
0.623 -0.665792058480822
0.624 -0.577505824162045
0.625 -0.5995048409030905
0.626 -0.5986444007372732
0.627 -0.5816418085991611
0.628 -0.694559947120089
0.629 -0.6980238736704402
0.63 -0.7079048219236361
0.631 -0.6659750666074026
0.632 -0.6541857083952697
0.633 -0.6288916179452343
0.634 -0.6431869470270818
0.635 -0.6681501665877526
0.636 -0.6926470400249227
0.637 -0.6746111330191148
0.638 -0.6324278384711237
0.639 -0.5226795322246083
0.64 -0.5975868211536742
0.641 -0.5752817679021
0.642 -0.6256796579702685
0.643 -0.5940982578409159
0.644 -0.5552094916572915
0.645 -0.6094616185906884
0.646 -0.5647169546710669
0.647 -0.6009817557625133
0.648 -0.7026031654474978
0.649 -0.7117249108435906
0.65 -0.6388155874642498
0.651 -0.5759408801133303
0.652 -0.581609134612708
0.653 -0.5972807837787258
0.654 -0.6106115057539696
0.655 -0.5657475630348773
0.656 -0.5370593697174048
0.657 -0.46828078907842074
0.658 -0.6225101084573821
0.659 -0.5822793152708511
0.66 -0.5472881148969077
0.661 -0.5200489741004517
0.662 -0.5374787271131236
0.663 -0.5010549601514721
0.664 -0.5499319886640615
0.665 -0.5620254038870061
0.666 -0.6096473880021438
0.667 -0.6527855215325571
0.668 -0.6524041483787923
0.669 -0.5499835246144015
0.67 -0.49759242817918625
0.671 -0.5623608123035028
0.672 -0.630109622055502
0.673 -0.5754975823054018
0.674 -0.4611976346400807
0.675 -0.5346890608363926
0.676 -0.5148333702460509
0.677 -0.5864888308249478
0.678 -0.6842069257917508
0.679 -0.8047393897848927
0.68 -0.8170943561542545
0.681 -0.8720649122055588
0.682 -0.8872759351735809
0.683 -0.9014643159345289
0.684 -0.9084080988835399
0.685 -0.9378307322045472
0.686 -0.9263471343755458
0.687 -0.907305857774197
0.6880000000000001 -0.8700358200683407
0.6890000000000001 -0.8909125918707432
0.6900000000000001 -0.9420960025577284
0.6910000000000001 -0.9686691461050321
0.6920000000000001 -0.988622949677022
0.6930000000000001 -0.985569797232126
0.6940000000000001 -1.053637604376047
0.6950000000000001 -1.0275306530429105
0.6960000000000001 -1.15856629622423
0.6970000000000001 -1.1501413028950052
0.6980000000000001 -1.2373291043601173
0.6990000000000001 -1.3150635100928845
0.7000000000000001 -1.3580294151098864
0.7010000000000001 -1.3456250678848383
0.7020000000000001 -1.374299471926499
0.7030000000000001 -1.3485861409645696
0.704 -1.3077378116599288
0.705 -1.3243861965972257
0.706 -1.2780512615255035
0.707 -1.1240818861601254
0.708 -1.1155411485588922
0.709 -1.146828629151333
0.71 -1.1984535807406398
0.711 -1.3270092621370824
0.712 -1.308801973541705
0.713 -1.277672160119471
0.714 -1.2026879930861525
0.715 -1.2496988582684438
0.716 -1.2992894415028586
0.717 -1.2934352370509876
0.718 -1.2948246023951753
0.719 -1.2022655027367402
0.72 -1.2575967741261518
0.721 -1.1287818169036767
0.722 -1.1793129009658998
0.723 -1.1995116334184708
0.724 -1.1259566472745417
0.725 -1.117350477802243
0.726 -1.0199927695580868
0.727 -1.0563166016683914
0.728 -1.1074677649044424
0.729 -1.051600516317826
0.73 -0.9949292091675931
0.731 -0.9406989807960531
0.732 -0.9724653015031061
0.733 -0.9624372107599632
0.734 -0.9063742472542349
0.735 -0.9479070493265535
0.736 -0.9712130191008563
0.737 -0.9099337573455077
0.738 -0.8569826019366771
0.739 -0.7953666878583268
0.74 -0.7396145751682971
0.741 -0.804708137515777
0.742 -0.9461296288334511
0.743 -0.9072152344672447
0.744 -0.8754904477945036
0.745 -0.7932904686854266
0.746 -0.7825808860709008
0.747 -0.8978538192106861
0.748 -0.8182043540135955
0.749 -0.7520004418925919
0.75 -0.8537495393771368
0.751 -0.8908340586595438
0.752 -0.7888033766614162
0.753 -0.8355457824638443
0.754 -0.8523275861139887
0.755 -0.7707374409562906
0.756 -0.8633333046109657
0.757 -0.9496588698245328
0.758 -0.9076288065008524
0.759 -0.9782081590244505
0.76 -0.9645878295344793
0.761 -0.9718347324078683
0.762 -0.9519293053098755
0.763 -0.9147657710477893
0.764 -0.978934077651859
0.765 -1.0212995629642483
0.766 -1.066646614885481
0.767 -1.0623990527655927
0.768 -0.9838316735311569
0.769 -1.092552967487099
0.77 -1.0658228570343558
0.771 -1.082880533787081
0.772 -0.9776822879598736
0.773 -0.9537570384552658
0.774 -0.9885900998399763
0.775 -0.9029561343324413
0.776 -0.7990684682721042
0.777 -0.8846451791869419
0.778 -1.0458990283457286
0.779 -1.0284085436984978
0.78 -1.0998396204802647
0.781 -1.1143715730515307
0.782 -1.1435606467848785
0.783 -1.1275601175140704
0.784 -1.2256564308169307
0.785 -1.2427565111983951
0.786 -1.2263099699606612
0.787 -1.2662474504197045
0.788 -1.3854918825866187
0.789 -1.4066635115412647
0.79 -1.3764854514930618
0.791 -1.414901465960162
0.792 -1.4361534445509256
0.793 -1.3913846931266987
0.794 -1.4681020587329534
0.795 -1.4394663700905344
0.796 -1.4026730561361087
0.797 -1.3114301641632629
0.798 -1.239342081277386
0.799 -1.321197097852336
0.8 -1.3488836010602132
0.801 -1.3813378504059821
0.802 -1.4226126399584378
0.803 -1.339669432535831
0.804 -1.4166306692110617
0.805 -1.3432616008852274
0.806 -1.3147565706968154
0.807 -1.2811252358136263
0.808 -1.1895019802385174
0.809 -1.1823054748034556
0.81 -1.0798328931629244
0.811 -1.1103192589822988
0.812 -1.0417189858959814
0.8130000000000001 -1.047079015677003
0.8140000000000001 -0.9890540020282376
0.8150000000000001 -0.9907397265802969
0.8160000000000001 -1.043352456321673
0.8170000000000001 -1.1829706516149838
0.8180000000000001 -1.1390917626964456
0.8190000000000001 -1.1607090822794324
0.8200000000000001 -1.2374608612880444
0.8210000000000001 -1.1789356303064182
0.8220000000000001 -1.2114176828829213
0.8230000000000001 -1.2079762447971338
0.8240000000000001 -1.2854923280259145
0.8250000000000001 -1.246470882823373
0.8260000000000001 -1.3220784924358842
0.8270000000000001 -1.2929507228930635
0.8280000000000001 -1.256029013029344
0.8290000000000001 -1.3373322947449966
0.8300000000000001 -1.2251042224368973
0.8310000000000001 -1.336396647074574
0.8320000000000001 -1.3670533934476485
0.833 -1.315699143682496
0.834 -1.2134192828617538
0.835 -1.153353666284114
0.836 -1.1611483793008002
0.837 -1.1356855486086035
0.838 -1.2110146998657811
0.839 -1.2882958887958587
0.84 -1.2959058770985046
0.841 -1.3337184783247817
0.842 -1.3549109767531708
0.843 -1.3987217594622343
0.844 -1.3541051064540692
0.845 -1.325062595928717
0.846 -1.382218462524432
0.847 -1.3229403862374765
0.848 -1.3375350064119054
0.849 -1.3406494752200584
0.85 -1.438726414319645
0.851 -1.381528739736391
0.852 -1.5764544938314768
0.853 -1.7140242660506004
0.854 -1.6680538544910606
0.855 -1.6502491401811425
0.856 -1.638879269637648
0.857 -1.552028079519397
0.858 -1.4811093876543724
0.859 -1.5135174893748948
0.86 -1.6027657688396661
0.861 -1.5472793220938785
0.862 -1.5656454941413251
0.863 -1.5229676165368455
0.864 -1.5321998151466527
0.865 -1.4197357621675142
0.866 -1.377520756240059
0.867 -1.395217465543616
0.868 -1.2859659973688744
0.869 -1.460335671373209
0.87 -1.4363990118153822
0.871 -1.373483095944102
0.872 -1.3578894014895941
0.873 -1.5088686370642184
0.874 -1.4365257204653261
0.875 -1.451630642497299
0.876 -1.3779071249835013
0.877 -1.2781046622094894
0.878 -1.2749975985474529
0.879 -1.2124420312960984
0.88 -1.288774777859494
0.881 -1.3305642654193985
0.882 -1.3368246495685068
0.883 -1.25800734701351
0.884 -1.2211301704442952
0.885 -1.2228893758341202
0.886 -1.2014432322213233
0.887 -1.165429257966019
0.888 -1.158873862034836
0.889 -1.1946378152698394
0.89 -1.1562222625463652
0.891 -1.157637879759453
0.892 -1.1652613545066455
0.893 -1.0997584297515077
0.894 -1.0382216759323273
0.895 -1.1415666404737166
0.896 -1.0411574810987247
0.897 -1.034258398080743
0.898 -1.0345169392740323
0.899 -1.1018873755631722
0.9 -1.0805280671404491
0.901 -1.1212757907540836
0.902 -1.047002137739089
0.903 -1.063119122322758
0.904 -1.1621466731562409
0.905 -1.0189587863099263
0.906 -1.033244783096634
0.907 -0.9480332699867907
0.908 -0.8247779391764997
0.909 -0.8526822309534106
0.91 -0.861732522584209
0.911 -0.7785260225883326
0.912 -0.7220674440808453
0.913 -0.6787864998153261
0.914 -0.800284580180175
0.915 -0.7006271731983775
0.916 -0.8173745042626087
0.917 -0.8386832660478576
0.918 -0.8094690629912465
0.919 -0.7958336562148994
0.92 -0.7951193150364548
0.921 -0.7515491161065748
0.922 -0.7606355281182184
0.923 -0.9622495273390401
0.924 -0.9562702258720805
0.925 -1.0812586811717722
0.926 -1.1253547186967325
0.927 -1.0454003639929155
0.928 -0.8945913885903675
0.929 -0.8961861869592802
0.93 -0.8040993072548915
0.931 -0.7933232289292483
0.932 -0.74097021421511
0.933 -0.8896800068133941
0.934 -0.8353743793149644
0.935 -0.7174508894647885
0.936 -0.7819202097054045
0.937 -0.8452301068041748
0.9380000000000001 -0.7746940881241661
0.9390000000000001 -0.6964834736459979
0.9400000000000001 -0.6714066025539087
0.9410000000000001 -0.7450903369507171
0.9420000000000001 -0.6344318331652389
0.9430000000000001 -0.6275687914716219
0.9440000000000001 -0.6581052904972636
0.9450000000000001 -0.6280310932780279
0.9460000000000001 -0.5483823709854908
0.9470000000000001 -0.5181605066273332
0.9480000000000001 -0.47541895221665587
0.9490000000000001 -0.4667406255116308
0.9500000000000001 -0.5981184928406071
0.9510000000000001 -0.5097927980545591
0.9520000000000001 -0.49538997992793393
0.9530000000000001 -0.6072669161572631
0.9540000000000001 -0.5805778646507205
0.9550000000000001 -0.45844738909592253
0.9560000000000001 -0.4840431023539446
0.9570000000000001 -0.5412371539006832
0.9580000000000001 -0.5108486941116086
0.9590000000000001 -0.472715828791964
0.96 -0.4615590193401455
0.961 -0.5127061608964049
0.962 -0.4339091944059769
0.963 -0.2724712397012663
0.964 -0.276363911995062
0.965 -0.28017207187632637
0.966 -0.2908321171728337
0.967 -0.343922378413261
0.968 -0.3751389692816492
0.969 -0.31080004684511364
0.97 -0.31891441625039163
0.971 -0.2552087083243291
0.972 -0.22074089806361755
0.973 -0.2015258826087716
0.974 -0.28926151890619045
0.975 -0.2252212942130707
0.976 -0.09881163860760431
0.977 -0.11744737541317661
0.978 -0.15777468577921458
0.979 -0.2173491099997272
0.98 -0.40494382851722616
0.981 -0.42372437530418
0.982 -0.3136236321922205
0.983 -0.3227057863207122
0.984 -0.3818633707011778
0.985 -0.44069290442475806
0.986 -0.5273723833754045
0.987 -0.42706456475757854
0.988 -0.38162024990317783
0.989 -0.41298342383763215
0.99 -0.3885954447226358
0.991 -0.4575816441978421
0.992 -0.4315734784565969
0.993 -0.35936437184471115
0.994 -0.27689526550769405
0.995 -0.24705936189621172
0.996 -0.18689641814935315
0.997 -0.17023230689096683
0.998 -0.19184729316191068
0.999 -0.20967666660678383
1.0 -0.26072353585103736
1.0010000000000001 -0.5219617329212676
1.002 -0.8288743782593302
1.0030000000000001 -1.107107589025429
1.004 -1.2527400408125824
1.0050000000000001 -1.327380866192479
1.006 -1.5355638092840518
1.0070000000000001 -1.6954495373212957
1.008 -1.892598447271138
1.0090000000000001 -2.0046162998606256
1.01 -2.1935115972157058
1.0110000000000001 -2.372157637594059
1.012 -2.5293534121752037
1.0130000000000001 -2.6178057334046105
1.014 -2.849756137849258
1.0150000000000001 -2.991316313271477
1.016 -3.041202502554957
1.0170000000000001 -3.1037435189274163
1.018 -3.1633926272329873
1.0190000000000001 -3.252520924373248
1.02 -3.4028908576587913
1.0210000000000001 -3.4888717191197722
1.022 -3.543555249259768
1.0230000000000001 -3.5774440623219
1.024 -3.6333775328258557
1.025 -3.6087945569307878
1.026 -3.563718186823284
1.027 -3.6407923410757594
1.028 -3.6696529950374135
1.029 -3.63129547768454
1.03 -3.5802497772389836
1.031 -3.5837896492493537
1.032 -3.5876630406876737
1.033 -3.4556443504373595
1.034 -3.3117325854347306
1.035 -3.315084984687605
1.036 -3.2347774528491438
1.037 -3.160643738264845
1.038 -3.1413582430829528
1.039 -2.986145519310981
1.04 -2.808845785801445
1.041 -2.7466047893661827
1.042 -2.6428612443166264
1.043 -2.5237208102770365
1.044 -2.367501343083841
1.045 -2.2417196235468544
1.046 -2.132486021968084
1.047 -1.9435560251164876
1.048 -1.8605312861990357
1.049 -1.7359393942517873
1.05 -1.466709322973596
1.051 -1.2976897071634133
1.052 -1.159809280222928
1.053 -1.0640060696959754
1.054 -0.9640430436986483
1.055 -0.7533513340338125
1.056 -0.6333945305448643
1.057 -0.5063533566967395
1.058 -0.2726037325074514
1.059 -0.17129992087805068
1.06 0.08054405685753391
1.061 0.1547158813888347
1.062 0.3647931695759025
1.063 0.4847321418399487
1.064 0.5811964268237346
1.065 0.7624884594425131
1.066 0.8782353797981066
1.067 1.065610587726685
1.068 1.1991672976781143
1.069 1.2581412538144245
1.07 1.3764309112672144
1.071 1.5389474429549943
1.072 1.6161405196911742
1.073 1.6922322524721833
1.074 1.7821329598306626
1.075 1.9675361062580894
1.076 2.052989389266606
1.077 2.1772146274361335
1.078 2.2254039558519425
1.079 2.356186438288475
1.08 2.3960938523654347
1.081 2.4377918106246863
1.082 2.459781599805828
1.083 2.6880256193559147
1.084 2.820701120915461
1.085 2.9592681513675925
1.086 3.099563815657084
1.087 3.263260362111794
1.088 3.293675593337692
1.089 3.351164535588809
1.09 3.3566198450486344
1.091 3.352346922737108
1.092 3.3453948869546553
1.093 3.4208303758256573
1.094 3.417186465171926
1.095 3.3993323975242413
1.096 3.433615294244323
1.097 3.269226048737586
1.098 3.2832174892610997
1.099 3.3275308335659037
1.1 3.333357626672223
1.101 3.235236250683888
1.102 3.1732576199367526
1.103 3.234289027158116
1.104 3.2023665790768217
1.105 3.0952523074487734
1.106 3.1935533230870012
1.107 3.1836964915709225
1.108 3.0623330685447607
1.109 2.994582049631965
1.11 3.028745804188388
1.111 2.989544142660568
1.112 2.806901852319806
1.113 2.757111761843952
1.114 2.697577945405706
1.115 2.679837993373016
1.116 2.526416372159456
1.117 2.422972476475816
1.118 2.346843907791025
1.119 2.27763432596189
1.12 2.1745268329069347
1.121 2.0553244925346825
1.122 1.9404876571341292
1.123 1.854223849764666
1.124 1.8784904499656783
1.125 1.7719836488073075
1.1260000000000001 1.6764224235728584
1.127 1.6261005247289528
1.1280000000000001 1.6005041814296899
1.129 1.4368413846566073
1.1300000000000001 1.328302825257944
1.131 1.2067903829695208
1.1320000000000001 1.1999181282074987
1.133 1.0679706454414688
1.1340000000000001 1.0281639803314002
1.135 0.9247914655427051
1.1360000000000001 0.7477245332619082
1.137 0.5555185310495572
1.1380000000000001 0.3378111517676151
1.139 0.22815621994422772
1.1400000000000001 0.04293226144660092
1.141 -0.10310970341091746
1.1420000000000001 -0.15334596063744374
1.143 -0.3334909483220787
1.1440000000000001 -0.4474699144064298
1.145 -0.5851062044198181
1.1460000000000001 -0.7295019522075779
1.147 -0.7775108546987535
1.1480000000000001 -0.9296473418528881
1.149 -0.9840507759185715
1.1500000000000001 -1.1491801818459901
1.151 -1.2416417076449409
1.1520000000000001 -1.384831738335481
1.153 -1.6208897301936167
1.154 -1.6902736268752026
1.155 -1.7524476185859104
1.156 -1.8251186445821832
1.157 -1.9534654795456827
1.158 -2.0584532753896325
1.159 -2.0673766025444027
1.16 -2.1890676083958733
1.161 -2.317726577040265
1.162 -2.3943888084062235
1.163 -2.3709615170055955
1.164 -2.4748207956518464
1.165 -2.5010744305737744
1.166 -2.5518432524190464
1.167 -2.697999605831331
1.168 -2.6939058023587976
1.169 -2.775930440299437
1.17 -2.9031785167950437
1.171 -2.918120651946157
1.172 -3.0676709087848177
1.173 -2.9765669211763193
1.174 -3.067949200604333
1.175 -3.129976337388359
1.176 -3.195567481206169
1.177 -3.1330257866446205
1.178 -3.1653757128382694
1.179 -3.2126793965323124
1.18 -3.1527227892767695
1.181 -3.0478179927383073
1.182 -3.0560333703924405
1.183 -2.996035083428777
1.184 -2.887347250145647
1.185 -2.8148412911335274
1.186 -2.7687949624496744
1.187 -2.7397823491419193
1.188 -2.7537702353531124
1.189 -2.6493188439111006
1.19 -2.602640475608229
1.191 -2.6190696013058674
1.192 -2.5794896847600564
1.193 -2.6223409864478016
1.194 -2.627377668884706
1.195 -2.5777213104223726
1.196 -2.47356971988524
1.197 -2.4567955175541916
1.198 -2.4317409496168993
1.199 -2.3861968395778654
1.2 -2.2095555191618605
1.201 -2.2455119385245337
1.202 -2.183326459229562
1.203 -2.1126622843935423
1.204 -2.0411355430195086
1.205 -2.009059663978233
1.206 -1.9655170855189863
1.207 -1.953333887956398
1.208 -1.9224041544370096
1.209 -1.885633908382132
1.21 -1.8378998746500468
1.211 -1.7283318643735601
1.212 -1.6314806404225437
1.213 -1.600136088964148
1.214 -1.5244432796080734
1.215 -1.465076846633166
1.216 -1.4884027868293694
1.217 -1.393496044548353
1.218 -1.400010806358661
1.219 -1.4082251698469332
1.22 -1.2497557856693802
1.221 -1.1599990180752369
1.222 -0.997045049618187
1.223 -0.922197027247352
1.224 -0.8807119283806095
1.225 -0.7455534768416471
1.226 -0.6736533161593823
1.227 -0.6746607156322709
1.228 -0.7147838195456746
1.229 -0.5080143722299577
1.23 -0.36154053919239626
1.231 -0.31979745776082824
1.232 -0.27044037996165426
1.233 -0.2624631905124417
1.234 -0.18209935479369532
1.235 -0.18649530099881928
1.236 -0.22927281631616858
1.237 -0.14379806862125233
1.238 -0.11302890276033506
1.239 -0.06145643970395809
1.24 -0.09997238175629941
1.241 -0.08298280103333155
1.242 -0.10002139406725086
1.243 -0.0764166089709013
1.244 -0.014500520528943683
1.245 0.013069285747233206
1.246 0.19076552303132055
1.247 0.1496112321961408
1.248 0.08466834880880003
1.249 0.04789223240870133
1.25 -0.005689124313603744
1.2510000000000001 0.036688437806929375
1.252 0.018368888896603985
1.2530000000000001 0.040256873773352464
1.254 0.12223111725105862
1.2550000000000001 0.16992234325525846
1.256 0.18732297625616934
1.2570000000000001 0.088812851663435
1.258 0.1921423364946358
1.2590000000000001 0.1790004128762821
1.26 0.15405845220855474
1.2610000000000001 0.2974998546374389
1.262 0.3237966068527963
1.2630000000000001 0.28365942393557503
1.264 0.24560820587326032
1.2650000000000001 0.23806669784667006
1.266 0.2411505552708903
1.2670000000000001 0.17111336265317545
1.268 0.04218303102766205
1.2690000000000001 -0.008219550720121135
1.27 -0.004135763140087095
1.2710000000000001 0.0222871957578053
1.272 0.05303967884404673
1.2730000000000001 0.221921330401109
1.274 0.2279389261398465
1.2750000000000001 0.23975221838709965
1.276 0.32733135833884797
1.2770000000000001 0.3606562533040144
1.278 0.3863277627399008
1.2790000000000001 0.35822813607415493
1.28 0.2772262307052772
1.281 0.2658759290575021
1.282 0.28288224962487163
1.283 0.4102739823095663
1.284 0.4280501308675745
1.285 0.351114006305148
1.286 0.27801145514096737
1.287 0.34582797114956976
1.288 0.27865408284122145
1.289 0.27438777877356474
1.29 0.32973208242734287
1.291 0.2532419405871053
1.292 0.29736785721897974
1.293 0.24494901014312964
1.294 0.2407892854519339
1.295 0.17015791855712137
1.296 0.154520393595849
1.297 0.01258360758030505
1.298 0.016713634132910028
1.299 -0.03341909196812631
1.3 -0.061340869092718735
1.301 -0.08602226755033741
1.302 -0.09626995027144626
1.303 -0.08760363442429414
1.304 -0.05058661071348914
1.305 -0.11763487658976234
1.306 -0.22245388794849047
1.307 -0.21407803661534563
1.308 -0.23432457495564202
1.309 -0.3028471424476349
1.31 -0.352653310852733
1.311 -0.3625445314708394
1.312 -0.36983343490620774
1.313 -0.3633938618341725
1.314 -0.31238906939447564
1.315 -0.3601953336233835
1.316 -0.32820486309962416
1.317 -0.29835413395309646
1.318 -0.2766554442460146
1.319 -0.294183377408226
1.32 -0.36848534030524044
1.321 -0.35616363655808614
1.322 -0.37715123444414766
1.323 -0.3335753452853964
1.324 -0.3740370695845738
1.325 -0.4202576414208067
1.326 -0.37961270691558446
1.327 -0.4525533518306665
1.328 -0.5266256873761106
1.329 -0.6478268117593238
1.33 -0.6470778009433604
1.331 -0.568994286142231
1.332 -0.4847517662759205
1.333 -0.575542139019871
1.334 -0.5948655234653643
1.335 -0.5635468657203827
1.336 -0.6253767989052148
1.337 -0.6083534292350452
1.338 -0.618743138623161
1.339 -0.6088056739316239
1.34 -0.6007575822602402
1.341 -0.5665835803617839
1.342 -0.5777287974814262
1.343 -0.6241656297503975
1.344 -0.730327059666276
1.345 -0.855425795385488
1.346 -0.8422849950972842
1.347 -0.9198655520614222
1.348 -0.9527218511763317
1.349 -0.9786990446174296
1.35 -0.8965737212720565
1.351 -0.8608961843432467
1.352 -0.9252876021443119
1.353 -1.0565975664360703
1.354 -1.020096123531578
1.355 -1.0407991286712472
1.356 -1.0241501679058767
1.357 -1.0292026851152032
1.358 -0.9769507738492316
1.359 -0.8950929176303835
1.36 -0.9996408806063688
1.361 -1.1022849220103015
1.362 -1.1848968065711254
1.363 -1.1224749063230426
1.364 -1.071489161415561
1.365 -1.046998733184543
1.366 -0.9951909677061116
1.367 -1.039215149410609
1.368 -1.0220859226722223
1.369 -0.9865421051883572
1.37 -1.0762383349877531
1.371 -1.0665851993279147
1.372 -1.201128933688976
1.373 -1.3200630466818304
1.374 -1.2830520058599582
1.375 -1.3473052321975234
1.3760000000000001 -1.340044140683584
1.377 -1.3809383343465318
1.3780000000000001 -1.392035030736191
1.379 -1.4025431264705879
1.3800000000000001 -1.4950150490341452
1.381 -1.5192830106558708
1.3820000000000001 -1.5892218982552395
1.383 -1.6623003302821464
1.3840000000000001 -1.6408489684145666
1.385 -1.7738831011853642
1.3860000000000001 -1.8091242575982922
1.387 -1.7810359741328476
1.3880000000000001 -1.838250414868511
1.389 -1.8904931590439968
1.3900000000000001 -1.9487275568833213
1.391 -2.0527220336998067
1.3920000000000001 -2.1409133855828015
1.393 -2.102107038562796
1.3940000000000001 -2.181493929893603
1.395 -2.284479521751589
1.3960000000000001 -2.3813431857021854
1.397 -2.4094026883710558
1.3980000000000001 -2.4869546735257453
1.399 -2.5540808821037104
1.4000000000000001 -2.605527408757269
1.401 -2.66185765178993
1.4020000000000001 -2.6653466414644127
1.403 -2.672515917507467
1.4040000000000001 -2.6954142076245087
1.405 -2.76924890754675
1.4060000000000001 -2.6209030484957423
1.407 -2.702057797641574
1.408 -2.794082674479292
1.409 -2.8178825126570155
1.41 -2.981135734597257
1.411 -2.973093343161829
1.412 -3.0278786615066284
1.413 -3.166342233460396
1.414 -3.096495445571065
1.415 -3.21502277088635
1.416 -3.195735059306911
1.417 -3.2754309617851214
1.418 -3.3162808149317424
1.419 -3.4359141881548574
1.42 -3.4817503104013774
1.421 -3.5265657185420602
1.422 -3.476885941203657
1.423 -3.506385640272829
1.424 -3.596938078335609
1.425 -3.7033794463031375
1.426 -3.7261465560230937
1.427 -3.765508802711145
1.428 -3.762955651563935
1.429 -3.8390365580512844
1.43 -3.852527395014305
1.431 -3.9371623205760837
1.432 -3.9579763617789148
1.433 -4.060425695136563
1.434 -4.175370533071907
1.435 -4.0977484715521
1.436 -4.118963450677388
1.437 -4.17842532501051
1.438 -4.258032466770084
1.439 -4.3247455076870365
1.44 -4.345475411425346
1.441 -4.368014086924035
1.442 -4.388407615326599
1.443 -4.462756542562339
1.444 -4.529770198089704
1.445 -4.6817666021586195
1.446 -4.6411381746764615
1.447 -4.709360095141981
1.448 -4.716396431374542
1.449 -4.736138042696913
1.45 -4.772373655130613
1.451 -4.8749918938658485
1.452 -4.944738031643155
1.453 -4.852927350055632
1.454 -4.812304921860099
1.455 -4.771749645355224
1.456 -4.751162121644202
1.457 -4.706352829897564
1.458 -4.855930291551146
1.459 -4.812722097699103
1.46 -4.851512237449922
1.461 -4.863389529155686
1.462 -4.935202371703909
1.463 -5.043637462084188
1.464 -5.069262273243712
1.465 -5.158638963058561
1.466 -5.192995570651738
1.467 -5.2484697871226995
1.468 -5.324409701890806
1.469 -5.259975426617501
1.47 -5.244398651044368
1.471 -5.270959523129601
1.472 -5.358463351880872
1.473 -5.378012048479347
1.474 -5.41413743880124
1.475 -5.270929061447838
1.476 -5.249343063278099
1.477 -5.405906894005347
1.478 -5.584474660296062
1.479 -5.547841590078416
1.48 -5.555219494085264
1.481 -5.596920048327375
1.482 -5.642532139685866
1.483 -5.606028656580187
1.484 -5.64338251862693
1.485 -5.599088821060525
1.486 -5.692633756857327
1.487 -5.6791403946154615
1.488 -5.674743562445617
1.489 -5.576725255618292
1.49 -5.646169406237062
1.491 -5.793126802735596
1.492 -5.867310681995037
1.493 -5.921187338056383
1.494 -5.915372699246476
1.495 -6.0064836616645705
1.496 -6.0503086320185835
1.497 -6.189561187744718
1.498 -6.175331080068535
1.499 -6.118163934439163
1.5 -6.124570051555186
1.5010000000000001 -6.035000510052397
1.502 -6.0519206657456515
1.5030000000000001 -6.203695809793443
1.504 -6.238123205099647
1.5050000000000001 -6.339776720786352
1.506 -6.434772867153875
1.5070000000000001 -6.592855395674418
1.508 -6.607862434588103
1.5090000000000001 -6.686564933862953
1.51 -6.565571873279351
1.5110000000000001 -6.6773350726365335
1.512 -6.747903765812393
1.5130000000000001 -6.720885419735728
1.514 -6.771358309626442
1.5150000000000001 -6.737027035035665
1.516 -6.781512906530643
1.5170000000000001 -6.785689641077767
1.518 -6.90356423471564
1.5190000000000001 -6.894573342702312
1.52 -6.9663653583528395
1.5210000000000001 -6.903005400586154
1.522 -6.871119616976793
1.5230000000000001 -6.88265914759417
1.524 -7.00405412638354
1.5250000000000001 -6.978714220598498
1.526 -7.033035130022901
1.5270000000000001 -6.951941661831986
1.528 -6.924498681850185
1.5290000000000001 -6.937689350580895
1.53 -6.899224905926646
1.5310000000000001 -6.883368673405879
1.532 -6.738240475237839
1.5330000000000001 -6.741993242815823
1.534 -6.758997232960831
1.5350000000000001 -6.881571554372119
1.536 -6.9785825383070295
1.537 -7.083422083193744
1.538 -7.091294008264206
1.539 -7.110118282278178
1.54 -7.181306820271237
1.541 -7.251264508783304
1.542 -7.377153197072062
1.543 -7.3114058061210585
1.544 -7.427656356549928
1.545 -7.488814518321362
1.546 -7.4984044957466205
1.547 -7.6016688217834165
1.548 -7.679381161519885
1.549 -7.68229452309647
1.55 -7.73468616902011
1.551 -7.759416027803056
1.552 -7.7784113829153485
1.553 -7.810737878605767
1.554 -7.904168313116946
1.555 -7.948002140665851
1.556 -7.916788287415024
1.557 -7.933569924548398
1.558 -8.057627097737063
1.559 -7.8894451453543555
1.56 -7.9950030880394705
1.561 -7.910049680377574
1.562 -7.965179230061511
1.563 -7.94384162565711
1.564 -7.976790127050217
1.565 -7.99750549914342
1.566 -8.033099470448105
1.567 -8.103835050021079
1.568 -8.205866140160275
1.569 -8.242422247268737
1.57 -8.232615951820199
1.571 -8.291823066009918
1.572 -8.339649815469686
1.573 -8.356605614819989
1.574 -8.29835998033038
1.575 -8.256149193840384
1.576 -8.186849359497128
1.577 -8.11976443395366
1.578 -8.070271335004252
1.579 -8.07683206188246
1.58 -8.055056866437502
1.581 -7.9187051855557815
1.582 -8.078281340581253
1.583 -8.077214080125001
1.584 -8.00233331080008
1.585 -7.940176442130051
1.586 -7.978149017816333
1.587 -8.07759155436
1.588 -8.062727089338622
1.589 -8.129339208670446
1.59 -8.111112444270415
1.591 -8.22139257962425
1.592 -8.250509447372137
1.593 -8.32245222962883
1.594 -8.401647828925462
1.595 -8.447450075642772
1.596 -8.394683349629572
1.597 -8.249162368758974
1.598 -8.313389045503031
1.599 -8.45617006084611
1.6 -8.44655140879885
1.601 -8.369330610538253
1.602 -8.365650972875889
1.603 -8.330133734232668
1.604 -8.287792612335355
1.605 -8.289881931549674
1.606 -8.349600802155319
1.607 -8.390609900024568
1.608 -8.394521559575145
1.609 -8.319573604585274
1.61 -8.234998631059137
1.611 -8.257829786232156
1.612 -8.191837560263604
1.613 -8.178617730581106
1.614 -8.167754134236088
1.615 -8.19152117752126
1.616 -8.248767517142257
1.617 -8.319139034177008
1.618 -8.396302096898927
1.619 -8.357809427186343
1.62 -8.30365732165811
1.621 -8.350120343707504
1.622 -8.319678370926415
1.623 -8.270868597718838
1.624 -8.244106122756923
1.625 -8.176338221492886
1.6260000000000001 -8.143843818452199
1.627 -8.17234321186715
1.6280000000000001 -8.1855279197228
1.629 -8.198224843129397
1.6300000000000001 -8.173707149039505
1.631 -8.027490263336583
1.6320000000000001 -7.988213546382276
1.633 -7.936422769108249
1.6340000000000001 -7.975990255519687
1.635 -7.985396930786566
1.6360000000000001 -8.049649906956184
1.637 -7.903274563530122
1.6380000000000001 -7.846401647652623
1.639 -7.8052833473770615
1.6400000000000001 -7.8620789195213
1.641 -7.815155777771082
1.6420000000000001 -7.694805265174915
1.643 -7.627670882441112
1.6440000000000001 -7.616926467172225
1.645 -7.591720245024903
1.6460000000000001 -7.64935849729564
1.647 -7.639929130283548
1.6480000000000001 -7.650691441517251
1.649 -7.602858688308776
1.6500000000000001 -7.543474384942427
1.651 -7.37880114728864
1.6520000000000001 -7.446575395790793
1.653 -7.419342307420596
1.6540000000000001 -7.250414762225197
1.655 -7.23389427592233
1.6560000000000001 -7.223313322448468
1.657 -7.075791825421405
1.6580000000000001 -7.121032838658046
1.659 -6.998907045242452
1.6600000000000001 -7.00112060220591
1.661 -6.94069919552596
1.6620000000000001 -6.931491786466402
1.663 -6.83545871838067
1.6640000000000001 -6.706537021349046
1.665 -6.722972040925539
1.666 -6.612939756900605
1.667 -6.548216761248973
1.668 -6.436194421754706
1.669 -6.366602845558536
1.67 -6.267657750961521
1.671 -6.086778197573288
1.672 -6.082707208158454
1.673 -6.230757622651856
1.674 -5.975313952910319
1.675 -5.963986719816646
1.676 -5.84363156841092
1.677 -5.772761406749622
1.678 -5.756587559185791
1.679 -5.643394509178775
1.68 -5.5364701174615245
1.681 -5.483265371344715
1.682 -5.430060085494301
1.683 -5.458152189135818
1.684 -5.199265159041114
1.685 -5.0412941013665336
1.686 -4.973671147121799
1.687 -4.862911715855071
1.688 -4.771691348980513
1.689 -4.701794803340295
1.69 -4.531972549288071
1.691 -4.513895180248995
1.692 -4.4329981121318
1.693 -4.361035129525779
1.694 -4.28895520794217
1.695 -4.181391193732613
1.696 -4.036403679491709
1.697 -3.9189906562651062
1.698 -3.818582854206129
1.699 -3.7564256208336397
1.7 -3.7209320621175794
1.701 -3.584121708226786
1.702 -3.6477732522550514
1.703 -3.6727656250243883
1.704 -3.5147853577579085
1.705 -3.468819386269683
1.706 -3.29579683669471
1.707 -3.2609646283259126
1.708 -3.107973768031522
1.709 -2.9242100932960113
1.71 -2.8623401317406714
1.711 -2.7641132301634332
1.712 -2.6414157212198606
1.713 -2.4645072440006834
1.714 -2.380325153946738
1.715 -2.3075740352806444
1.716 -2.134654621392752
1.717 -2.095891028852952
1.718 -1.9766086673328835
1.719 -1.9287313129437127
1.72 -1.9382856213691264
1.721 -1.8415328887110585
1.722 -1.7749170909112901
1.723 -1.6946867983169083
1.724 -1.511130277736428
1.725 -1.352589865560511
1.726 -1.2625568542744692
1.727 -1.2100683188203665
1.728 -1.1815072706072611
1.729 -1.004591027953409
1.73 -0.8520308353029251
1.731 -0.7754518761388627
1.732 -0.642269071145954
1.733 -0.5359581631854411
1.734 -0.44170364423089326
1.735 -0.31737667031593575
1.736 -0.255484490170391
1.737 -0.20082582431371065
1.738 -0.05570491005173017
1.739 0.06994876072423795
1.74 0.1925307177165665
1.741 0.2938998154210899
1.742 0.43912309601445254
1.743 0.4991427914141636
1.744 0.6466128356769222
1.745 0.8097343842368719
1.746 0.9868203048207199
1.747 0.9809635478621779
1.748 1.087287694490262
1.749 1.2356143551335217
1.75 1.3435261463333943
1.7510000000000001 1.2926819629812385
1.752 1.2038690986607539
1.7530000000000001 1.2031918951265315
1.754 1.150241043078754
1.7550000000000001 1.134452559719651
1.756 1.1482079138477856
1.7570000000000001 1.1588384910304756
1.758 1.0478903940707034
1.7590000000000001 1.0938418178728309
1.76 1.1425381658950822
1.7610000000000001 1.1516241549124917
1.762 1.1560209657980451
1.7630000000000001 1.0536314413242955
1.764 0.9735703181914518
1.7650000000000001 1.0029901868102893
1.766 0.9989606624021082
1.7670000000000001 0.9889095710907179
1.768 0.9786657387450052
1.7690000000000001 1.0322729552822896
1.77 0.9741615993076421
1.7710000000000001 0.9463540882847756
1.772 0.928918981207728
1.7730000000000001 0.9880773863640768
1.774 0.9227351602900173
1.7750000000000001 1.076659058659022
1.776 1.0703481307246363
1.7770000000000001 0.9926225621014655
1.778 0.9353652184314547
1.7790000000000001 0.9066217819494358
1.78 0.9001890796800922
1.7810000000000001 0.7571464960888149
1.782 0.9529629508445996
1.7830000000000001 1.1129361042097377
1.784 1.0860798333794452
1.7850000000000001 1.1534473506236371
1.786 1.1281279962805921
1.7870000000000001 1.1111967542319099
1.788 1.1174165026273284
1.7890000000000001 1.1655262544598626
1.79 1.1248713387599154
1.7910000000000001 1.0954496192185221
1.792 1.0648019438620848
1.793 1.1405657188811031
1.794 1.04491836577353
1.795 1.1101114988565737
1.796 1.078991449334674
1.797 1.1453507604054662
1.798 1.0965637632563896
1.799 1.1054409270683434
1.8 1.0301395561000617
1.801 1.0320987540965536
1.802 1.0666019614273667
1.803 1.0204050677963334
1.804 1.016107656528371
1.805 0.9466807143681044
1.806 0.897090535318323
1.807 0.9833590297131312
1.808 0.9144486502215844
1.809 0.8482749206566491
1.81 0.9304206587218689
1.811 1.0151269198756385
1.812 1.0208408229106625
1.813 1.0935326923772253
1.814 1.0589053309066312
1.815 0.947062217990608
1.816 0.9062812678812376
1.817 0.7453404440848175
1.818 0.7491933708815103
1.819 0.7312820582629298
1.82 0.7198266000107006
1.821 0.7228198314591464
1.822 0.7101746515889147
1.823 0.6959555515250907
1.824 0.6201962126356199
1.825 0.6071170230006713
1.826 0.5969268055299521
1.827 0.5649114051946452
1.828 0.5387763310839266
1.829 0.4611105668639257
1.83 0.40307442065473625
1.831 0.40315155083507387
1.832 0.4969595035301305
1.833 0.37900883505739014
1.834 0.21836631336215417
1.835 0.17012128906241122
1.836 0.2056830411411995
1.837 0.2102967566990213
1.838 0.18374474034086624
1.839 0.18124539909361737
1.84 0.22534775522662231
1.841 0.27328362423315483
1.842 0.3644843795770576
1.843 0.2578444021451366
1.844 0.36214717508642424
1.845 0.36234039196519285
1.846 0.3345046599264111
1.847 0.410235476917508
1.848 0.38739255399972494
1.849 0.3488186165944431
1.85 0.3485926619788197
1.851 0.2966047493274369
1.852 0.2691684655478773
1.853 0.26480437607572155
1.854 0.3046480415784479
1.855 0.3557974759673283
1.856 0.424469237912783
1.857 0.3665704699861405
1.858 0.3739660824493793
1.859 0.3754669861928595
1.86 0.3476745874332737
1.861 0.39392961646317626
1.862 0.4582150475886727
1.863 0.46179019811493305
1.864 0.6037179225598317
1.865 0.7544708769943294
1.866 0.8250008484880033
1.867 0.863124142025476
1.868 0.8271222261549983
1.869 0.8693003334724825
1.87 0.803816164154346
1.871 0.7030254864948973
1.872 0.7534848110166745
1.873 0.830030476317161
1.874 0.7999645542349759
1.875 0.7128545470925258
1.8760000000000001 0.762014922955931
1.877 0.8066932732882655
1.8780000000000001 0.8719135877629055
1.879 0.8158834100171113
1.8800000000000001 0.9438572066152082
1.881 0.838664071349827
1.8820000000000001 0.8430557576847906
1.883 0.8688909588892642
1.8840000000000001 0.9414767593017109
1.885 0.8790214249552
1.8860000000000001 0.9406817972075184
1.887 0.9513870765505577
1.8880000000000001 1.0181153785663017
1.889 1.0105243631433487
1.8900000000000001 0.9838099925116914
1.891 1.1002010226397336
1.8920000000000001 1.1274690867451351
1.893 1.1396043478196682
1.8940000000000001 1.1646559343554868
1.895 1.2220006652823914
1.8960000000000001 1.1239176183080073
1.897 1.1568259479316743
1.8980000000000001 1.2035273050793442
1.899 1.2383847906945242
1.9000000000000001 1.1825557916926563
1.901 1.2005233778243445
1.9020000000000001 1.202602495150828
1.903 1.2098695243903022
1.9040000000000001 1.1680456969702675
1.905 1.2403805612455079
1.9060000000000001 1.2064059818914694
1.907 1.1972323164484227
1.9080000000000001 1.1719360137640686
1.909 1.0677112626747525
1.9100000000000001 1.1727671058819578
1.911 1.1451821219280662
1.9120000000000001 1.1497935552588117
1.913 1.0729720371429632
1.9140000000000001 1.0833292232276535
1.915 1.0565390064178923
1.9160000000000001 1.078882011504164
1.917 1.0420315632878836
1.9180000000000001 1.0798929207207415
1.919 1.1084572966307584
1.92 1.1229817520042418
1.921 1.0882156921911725
1.922 1.0495521287830427
1.923 0.9775131908676157
1.924 0.9113245546705397
1.925 0.8976359978776303
1.926 0.9308333392574948
1.927 0.7280099309659991
1.928 0.6822289199189037
1.929 0.6467123125478205
1.93 0.5902877856213347
1.931 0.5199138226598228
1.932 0.5969256803681033
1.933 0.5827257775246293
1.934 0.6870796500781312
1.935 0.6840304801947193
1.936 0.670827308066212
1.937 0.6049151828794248
1.938 0.6396996289236336
1.939 0.7230434561495978
1.94 0.661309188961916
1.941 0.644303737184229
1.942 0.6744928094579834
1.943 0.6692947814884381
1.944 0.8358555184819761
1.945 0.8568302012566126
1.946 0.9779169067267165
1.947 0.9527151194427512
1.948 0.798069738341096
1.949 0.7372165844717001
1.95 0.7774584412480543
1.951 0.7958388169543921
1.952 0.778936551328314
1.953 0.6904176192908519
1.954 0.7738780585274485
1.955 0.8523396002597237
1.956 0.8407409779992374
1.957 0.8048555141098765
1.958 0.7856418516922903
1.959 0.7959647566700714
1.96 0.7656729934368214
1.961 0.7438147952598396
1.962 0.747686648435556
1.963 0.8343045743903725
1.964 0.8618427137573629
1.965 0.8396441475977963
1.966 0.8467023405535593
1.967 0.7865048434613351
1.968 0.7669459382504867
1.969 0.6081021933827802
1.97 0.6036559268837866
1.971 0.5064335429645279
1.972 0.40526201963499675
1.973 0.2765482269019722
1.974 0.2624026051901061
1.975 0.35457246772708495
1.976 0.2718735315138687
1.977 0.19998459224222914
1.978 0.16671802223133428
1.979 0.13764114049438925
1.98 0.1681408856759291
1.981 0.168080671093743
1.982 0.23107298018789568
1.983 0.2251793177225833
1.984 0.186421941517753
1.985 0.1574428070826898
1.986 0.17585347866294873
1.987 0.14421830052018292
1.988 0.2415895886027789
1.989 0.40231126927581634
1.99 0.3539612968393153
1.991 0.31839014408193156
1.992 0.30635185118567393
1.993 0.22909018945055207
1.994 0.21432832081839806
1.995 0.2438848013536294
1.996 0.215639276195097
1.997 0.33548812222864205
1.998 0.23169653711362284
1.999 0.1801861220189739
2.0 0.14212100528150196
2.001 0.10056489421352102
2.0020000000000002 0.1266488361363251
2.003 0.21728093476897561
2.004 0.1532716900797772
2.005 0.1687191477091181
2.0060000000000002 0.27520908805675276
2.007 0.2576968488720496
2.008 0.2782578695049485
2.009 0.27417799473279214
2.0100000000000002 0.24218339301797615
2.011 0.33246225658873174
2.012 0.3548136104130576
2.013 0.30490728072068507
2.0140000000000002 0.2637278816851358
2.015 0.15201051521784767
2.016 0.1290822320963999
2.017 0.13805422399540104
2.0180000000000002 0.12561380158779928
2.019 0.08557338934797028
2.02 0.04928011568664145
2.021 0.1226850307659432
2.0220000000000002 0.16713203203661425
2.023 0.22613059946910302
2.024 0.1452492219934547
2.025 0.15795835831529476
2.0260000000000002 0.11716235807142268
2.027 0.05723613027929722
2.028 0.10368580698936995
2.029 0.12541708775985796
2.0300000000000002 0.1664642889098979
2.031 0.08571198512432343
2.032 0.0721157925563437
2.033 0.16993744491978802
2.0340000000000003 0.18177843530963325
2.035 0.10257137312862714
2.036 0.16387444162516357
2.037 0.127977124755555
2.0380000000000003 0.1527206160461114
2.039 0.08329130942483226
2.04 0.033452211385880566
2.041 -0.008883767876195
2.0420000000000003 -0.1438565915336938
2.043 -0.11654602484155986
2.044 -0.047860964646920426
2.045 -0.19801787971996376
2.0460000000000003 -0.01359074127034235
2.047 -0.10301390534217889
2.048 -0.033641114640335104
2.049 0.06161273126715902
2.05 0.1189644438976101
2.051 0.09797760444985827
2.052 0.08030647111945918
2.053 0.15419110735995317
2.054 0.17278075228894962
2.055 0.14831255708166263
2.056 0.10170179325198866
2.057 0.1480346878262922
2.058 0.1334983176419655
2.059 0.03290693400139659
2.06 0.03156529757101265
2.061 0.05099216391953132
2.062 0.14480560302471493
2.063 0.027695685531295672
2.064 0.027316379920470053
2.065 -0.0715710907613276
2.066 -0.12861658937524634
2.067 -0.2785243937741203
2.068 -0.4047207145843923
2.069 -0.4134357442141425
2.07 -0.42510036360242104
2.071 -0.45447316894287704
2.072 -0.4070446884030486
2.073 -0.4517513102363107
2.074 -0.3438720113322473
2.075 -0.34787488049147475
2.076 -0.31707504612743276
2.077 -0.3098556285234255
2.078 -0.41119088877480925
2.079 -0.39904343972876605
2.08 -0.43527555757400943
2.081 -0.5070542433908471
2.082 -0.5464776375132975
2.083 -0.5481015587176249
2.084 -0.48605796027146453
2.085 -0.4649907277344973
2.086 -0.3600119064012287
2.087 -0.25205020050858024
2.088 -0.2414663941835076
2.089 -0.23447475904877593
2.09 -0.27656194111658533
2.091 -0.31793439620297226
2.092 -0.3190640843146642
2.093 -0.2940082222795908
2.094 -0.2699385553656262
2.095 -0.27554359520458355
2.096 -0.39892707045499826
2.097 -0.3688848632123163
2.098 -0.29462030013518126
2.099 -0.29811083261346305
2.1 -0.2862906418711037
2.101 -0.3806511779354744
2.102 -0.39382404974496543
2.103 -0.4709105405947027
2.104 -0.5226758831388877
2.105 -0.6428602312307484
2.106 -0.5512469931271067
2.107 -0.520045353235809
2.108 -0.47095357401677035
2.109 -0.49738968939434053
2.11 -0.47779945852133915
2.111 -0.47664095222247366
2.112 -0.39391485099205253
2.113 -0.264930107879913
2.114 -0.21434422270986223
2.115 -0.1792143471265703
2.116 -0.2920160220585837
2.117 -0.2796511712737861
2.118 -0.17014849107485308
2.119 -0.11116255962197955
2.12 -0.13907481247848838
2.121 -0.10809361363110764
2.122 -0.04225923509917198
2.123 -0.04362103655380458
2.124 -0.013654507950916956
2.125 -0.09448118699178894
2.126 -0.1804872737089055
2.1270000000000002 -0.09922095933340011
2.128 -0.14681731810172455
2.129 -0.09598792824953598
2.13 -0.18535721992465187
2.1310000000000002 -0.09690785473193095
2.132 -0.08126380030886926
2.133 -0.06715695162487598
2.134 -0.11535333029124459
2.1350000000000002 -0.13378301688244615
2.136 -0.16134108532914673
2.137 -0.15904082517703644
2.138 -0.1366794735535911
2.1390000000000002 -0.1175810665472953
2.14 -0.10373703869119114
2.141 -0.06059254068339649
2.142 -0.1546049832699016
2.1430000000000002 -0.18559655446432416
2.144 -0.10539991368457283
2.145 -0.1150073648508747
2.146 -0.01621284887200125
2.1470000000000002 -0.06309774945360916
2.148 -0.05598349813903502
2.149 -0.03772275885766597
2.15 0.0362224908381922
2.1510000000000002 0.10601478594105951
2.152 0.1374212903683789
2.153 0.03702692485926051
2.154 0.004386125499658042
2.1550000000000002 0.05449608456537374
2.156 0.051739436300821104
2.157 0.03736250902537331
2.158 0.01726676369043014
2.1590000000000003 0.07944837752985116
2.16 0.16186949909911652
2.161 0.16708525450244888
2.162 0.08308375859830927
2.1630000000000003 -0.051198082833916025
2.164 -0.04870161066832477
2.165 -0.006399179337754815
2.166 0.03783907178972572
2.1670000000000003 0.10668720305128283
2.168 0.0943074738724432
2.169 0.1181901724366139
2.17 0.049992537199868944
2.1710000000000003 0.09018815246074915
2.172 0.09384996486064158
2.173 0.07424553091487557
2.174 0.07628854830703016
2.1750000000000003 0.11321791445138787
2.176 0.16811755144264223
2.177 0.20770572199723736
2.178 0.2929914591196736
2.179 0.2774990105423035
2.18 0.3251682620824072
2.181 0.2873716478155985
2.182 0.35648621640938416
2.183 0.4390244967351224
2.184 0.4330350739945145
2.185 0.40569809194825945
2.186 0.35240899161234696
2.187 0.38306922255947745
2.188 0.35392206227968953
2.189 0.4115819198909728
2.19 0.33842523152936066
2.191 0.43664141090069297
2.192 0.4596364433226769
2.193 0.3836595002763926
2.194 0.38510644149798706
2.195 0.3402057797350544
2.196 0.3210022391209913
2.197 0.37446731342109807
2.198 0.41205978849857433
2.199 0.539876163592232
2.2 0.656468661726772
2.201 0.59127297558197
2.202 0.6047950808869007
2.203 0.5795357419254559
2.204 0.6297711583649734
2.205 0.6006450209139249
2.206 0.5840561028215796
2.207 0.5270594164102999
2.208 0.4846151575102529
2.209 0.4431155730848938
2.21 0.527204515095925
2.211 0.5661424201722957
2.212 0.5675257833116152
2.213 0.5274304133491178
2.214 0.5289894336225325
2.215 0.46342233463147603
2.216 0.5283501944488389
2.217 0.578985320259495
2.218 0.5716835932604231
2.219 0.5023389164587415
2.22 0.4817201481736071
2.221 0.44246838451633774
2.222 0.41382480132437593
2.223 0.4064220371961767
2.224 0.3452651511664733
2.225 0.3954649716865996
2.226 0.48721809871066657
2.227 0.47026787323135805
2.228 0.35046169235847663
2.229 0.41816198404301236
2.23 0.49836761089122467
2.231 0.5330308333506905
2.232 0.611160431599191
2.233 0.6789693901353817
2.234 0.6698409237976848
2.235 0.6931217861075442
2.236 0.7038003979848291
2.237 0.711384711526064
2.238 0.7180597739701513
2.239 0.7733887314324253
2.24 0.7485842301719038
2.241 0.6712568834444255
2.242 0.715641369630737
2.243 0.7981996310851913
2.244 0.6927136989296938
2.245 0.7717450489464082
2.246 0.8869406214538127
2.247 0.8815564855445116
2.248 0.9378064523537533
2.249 0.8469739194922045
2.25 0.8394304173147579
2.251 0.7836247818844244
2.2520000000000002 0.8179320957098186
2.253 0.7848725437945906
2.254 0.6928729483401888
2.255 0.6342670358955947
2.2560000000000002 0.5557049555015416
2.257 0.6661362957109243
2.258 0.5646929407532061
2.259 0.5500353870474074
2.2600000000000002 0.5373792682668183
2.261 0.6460414345826123
2.262 0.613937498847745
2.263 0.6560975115527528
2.2640000000000002 0.7290183491685387
2.265 0.6447531379234034
2.266 0.7036955318335772
2.267 0.6151929177429687
2.2680000000000002 0.6037623884948328
2.269 0.6019801150332571
2.27 0.6921078863642489
2.271 0.6511439569125963
2.2720000000000002 0.6050769335548845
2.273 0.5524635932145033
2.274 0.48392167174222533
2.275 0.46823495805937304
2.2760000000000002 0.46290899156961374
2.277 0.45305844619217484
2.278 0.37445188820419156
2.279 0.20823675104284584
2.2800000000000002 0.0931497577609092
2.281 0.10202963035105127
2.282 0.15911909342920946
2.283 0.16752561184148526
2.2840000000000003 0.17040353310344636
2.285 0.13808105495407763
2.286 0.1211858080696056
2.287 0.13527282831656637
2.2880000000000003 0.1043160959743769
2.289 0.13820701970256055
2.29 0.12764412341600878
2.291 0.09832636276497518
2.2920000000000003 0.17959051479371335
2.293 0.06445593338393393
2.294 0.06497315458868767
2.295 -0.012549267880329312
2.2960000000000003 0.0623758267104534
2.297 0.1694382004588033
2.298 0.13290163798995344
2.299 0.13862756258859496
2.3000000000000003 0.16039957966539842
2.301 0.1808844259164149
2.302 0.22928582339818
2.303 0.2349056837146567
2.3040000000000003 0.18846859464879295
2.305 0.10206385645940177
2.306 0.1296782021771283
2.307 0.23994647527104673
2.308 0.18505186568282211
2.309 0.2789262113666723
2.31 0.34626009181961553
2.311 0.35200983284999754
2.312 0.35517947087394747
2.313 0.20083945050940785
2.314 0.24063235025126858
2.315 0.1987882713245153
2.316 0.15045998500003324
2.317 0.11939949462876322
2.318 0.06821644708360589
2.319 0.06479141887562041
2.32 0.11405834349301758
2.321 0.2026580603512022
2.322 0.21504433236389334
2.323 0.1999659484986806
2.324 0.28501472378980225
2.325 0.22340185088196512
2.326 0.09820965932173056
2.327 0.11991402211814431
2.328 0.1804809288260211
2.329 0.11697317505654031
2.33 0.10001068947846053
2.331 0.10531659107089647
2.332 0.12157795296211507
2.333 0.10156412643160506
2.334 0.20030653850406632
2.335 0.1606442427267961
2.336 0.09957869768006983
2.337 0.018759550559852137
2.338 0.02749235265509048
2.339 -0.05941962596593571
2.34 -0.25313990370512346
2.341 -0.29353711862209914
2.342 -0.2619285913141765
2.343 -0.26205403995731463
2.344 -0.19567891867910403
2.345 -0.18808889061813858
2.346 -0.3269883889263007
2.347 -0.2708955341475641
2.348 -0.1569049101269385
2.349 -0.11730149494060835
2.35 -0.1384286876764042
2.351 -0.14328853065531794
2.352 -0.23477773643758137
2.353 -0.2673162680517528
2.354 -0.21445258867814482
2.355 -0.20109229310624382
2.356 -0.264138569542245
2.357 -0.3176687840021527
2.358 -0.2679486007223295
2.359 -0.2012418725934768
2.36 -0.17262543165240488
2.361 -0.3243480876773071
2.362 -0.3705305874063293
2.363 -0.31476677415770055
2.364 -0.41970141838061714
2.365 -0.37417671945236
2.366 -0.2732945680320313
2.367 -0.33622614531774986
2.368 -0.23257372830164444
2.369 -0.22610598968365503
2.37 -0.21302925257306757
2.371 -0.2218634206578936
2.372 -0.2692376021341004
2.373 -0.33016424930973354
2.374 -0.32265455530199616
2.375 -0.29677553231574627
2.376 -0.1923126440742121
2.3770000000000002 -0.13411249667611952
2.378 -0.15909827471233734
2.379 -0.06130131705479394
2.38 -0.07612377179710457
2.3810000000000002 -0.13174086112713274
2.382 -0.13789587184926932
2.383 -0.07930435804610375
2.384 -0.09992316720961059
2.3850000000000002 -0.10516180943639906
2.386 -0.01175806159882628
2.387 -0.0817461500790665
2.388 -0.1694305111253638
2.3890000000000002 -0.1573724611696891
2.39 -0.1949059949806295
2.391 -0.10796724742146066
2.392 -0.10731772448069066
2.3930000000000002 0.07677402659654775
2.394 -0.020717023800311166
2.395 0.08350312927976365
2.396 0.020768152127348338
2.3970000000000002 0.16736291351978005
2.398 0.16016224492542971
2.399 0.1548365318097995
2.4 0.11754488141330219
2.4010000000000002 0.16763462482287697
2.402 0.2739758898065019
2.403 0.26851646549574715
2.404 0.35616574738987006
2.4050000000000002 0.3870483686302968
2.406 0.29360634758370285
2.407 0.3971917249204152
2.408 0.3206056102939112
2.4090000000000003 0.4280649548529229
2.41 0.33820914302423566
2.411 0.2786506350569887
2.412 0.31626868028062666
2.4130000000000003 0.3040628690060419
2.414 0.2414636289372779
2.415 0.23603019085910867
2.416 0.24392284251072077
2.4170000000000003 0.26058786844407905
2.418 0.2991674085498356
2.419 0.27154059997615093
2.42 0.38280123091318474
2.4210000000000003 0.3784559093642431
2.422 0.2954020793448667
2.423 0.3076084401983735
2.424 0.27678929356938736
2.4250000000000003 0.2937814276768536
2.426 0.37366906292309865
2.427 0.5491643992289306
2.428 0.6825046743507749
2.4290000000000003 0.7616757235064255
2.43 0.7480127510005276
2.431 0.75299499951636
2.432 0.7115671746044049
2.433 0.7453722146888458
2.434 0.7157187832482694
2.435 0.7004331541596114
2.436 0.6690845501065437
2.437 0.609195827789649
2.438 0.6746374490673791
2.439 0.6918869162919759
2.44 0.6948661090897079
2.441 0.6561121774086267
2.442 0.6166039193589883
2.443 0.5065559106095108
2.444 0.5291995548315163
2.445 0.6208579213280992
2.446 0.5266447287633729
2.447 0.6358379846082298
2.448 0.7263953997707364
2.449 0.7658066202918106
2.45 0.7749228555426104
2.451 0.7532903674038013
2.452 0.7711904834338723
2.453 0.7945450110107173
2.454 0.9303559697333057
2.455 1.0212968093569075
2.456 0.8178181497799648
2.457 0.7831657206653139
2.458 0.7831858411587301
2.459 0.7543148866342818
2.46 0.6410321147275166
2.461 0.5991798666086137
2.462 0.5412249214298341
2.463 0.5214160765579745
2.464 0.5387976918095335
2.465 0.6585775197940761
2.466 0.7050331265028296
2.467 0.6742710137075032
2.468 0.7326614772301232
2.469 0.794038941799688
2.47 0.7086811135893502
2.471 0.7058449522999336
2.472 0.778692127396537
2.473 0.8075727029763893
2.474 0.8760767331756291
2.475 0.8909947088891165
2.476 0.8661971601420232
2.477 0.7998803377050246
2.478 0.8769862768207763
2.479 0.8185138673920109
2.48 0.703152836823334
2.481 0.6985722814083213
2.482 0.6000852272456467
2.483 0.6988976700444413
2.484 0.7358627695901745
2.485 0.7278014679717726
2.486 0.7113710031592287
2.487 0.6515625871302476
2.488 0.612650161819289
2.489 0.6245566285602311
2.49 0.6539261017305377
2.491 0.4513304277015131
2.492 0.5161848311285189
2.493 0.3293959150990004
2.494 0.40323975561224673
2.495 0.40494431706771833
2.496 0.30167513036456317
2.497 0.29975150269991535
2.498 0.245615184924159
2.499 0.23081093625613627
2.5 0.23358212482091723
2.501 0.21496811527104664
2.5020000000000002 0.22564874533542417
2.503 0.2017486750567112
2.504 0.17717903468715313
2.505 0.12535815469487244
2.5060000000000002 0.17356841709032572
2.507 0.21614045658318032
2.508 0.21257289109625108
2.509 0.22108785901391897
2.5100000000000002 0.17488198991110931
2.511 0.13160399410864235
2.512 0.13121498705273005
2.513 0.12197682061036313
2.5140000000000002 0.015513610126805785
2.515 -0.0005559742549481189
2.516 0.024911523380677758
2.517 0.06831492425149308
2.5180000000000002 0.08646133554775529
2.519 0.025185930244161346
2.52 0.04410712006351403
2.521 0.09016042343625219
2.5220000000000002 0.06639133831464239
2.523 0.06578175174621179
2.524 0.1599054396168922
2.525 0.10506167966739154
2.5260000000000002 0.20285929541934697
2.527 0.10163735896858266
2.528 0.17068679090550642
2.529 0.10113821903852781
2.5300000000000002 0.0868517456806471
2.531 0.07573324218918091
2.532 0.12679714518792934
2.533 0.24644835891392994
2.5340000000000003 0.25881543240823246
2.535 0.3583893152302202
2.536 0.28252520078174315
2.537 0.2930879326926616
2.5380000000000003 0.3723616653285219
2.539 0.4119040101346396
2.54 0.46629634221913674
2.541 0.5048256967102894
2.5420000000000003 0.45738756718307777
2.543 0.5408708065279714
2.544 0.6416950964992432
2.545 0.5963137771005981
2.5460000000000003 0.5500576362383169
2.547 0.6074911153945416
2.548 0.5376073212298157
2.549 0.5294519645980189
2.5500000000000003 0.5392238321179034
