0.0 0.4989428953576445
0.001 0.5581483806297554
0.002 0.5245745810361178
0.003 0.5946748572382372
0.004 0.447694663660539
0.005 0.2648604613955337
0.006 0.26962496450261514
0.007 0.22262016490613085
0.008 0.2898758829620577
0.009000000000000001 0.42182581787482987
0.01 0.2396512619581758
0.011 0.2011738361178458
0.012 0.18297779869751915
0.013000000000000001 0.19053719714377657
0.014 0.20314398064354003
0.015 0.2300848082766204
0.016 0.24314199622882754
0.017 0.3361071940180306
0.018000000000000002 0.3478551068335383
0.019 0.3651557217924996
0.02 0.3084633940063409
0.021 0.27693428575069573
0.022 0.17755560665799155
0.023 0.17450643130670693
0.024 0.2232077679011722
0.025 0.2250355706114038
0.026000000000000002 0.26746147243096907
0.027 0.24265157119968467
0.028 0.15221409728168803
0.029 0.12427537331362157
0.03 0.09948598038533932
0.031 0.11468708509063227
0.032 0.08303601451613911
0.033 -0.03599205883593093
0.034 -0.04975922036293613
0.035 -0.12918805225543667
0.036000000000000004 -0.22539206961603087
0.037 -0.2777941234454705
0.038 -0.29212942040413303
0.039 -0.20464318067950324
0.04 -0.20464063760242443
0.041 -0.1929204577209716
0.042 -0.13590444435565954
0.043000000000000003 -0.11927875397652134
0.044 -0.2414208742779524
0.045 -0.2522841104378792
0.046 -0.3237226604240772
0.047 -0.19347890729194933
0.048 -0.26451179825280924
0.049 -0.17131400606664138
0.05 -0.1291399217150756
0.051000000000000004 -0.06098791500592447
0.052000000000000005 -0.07483760054562737
0.053 -0.05768994881506296
0.054 -0.11916826987536461
0.055 -0.11711480640994103
0.056 -0.05826516802908075
0.057 -0.032382326004051276
0.058 -0.010970263331602427
0.059000000000000004 0.016455494094669697
0.06 0.07144106906675185
0.061 0.006228418945918357
0.062 0.16452563999912279
0.063 0.20069609024062568
0.064 0.33043459559908445
0.065 0.40089743071822426
0.066 0.4232303177439648
0.067 0.36837251688643574
0.068 0.28113456633126505
0.069 0.36888652416762596
0.07 0.3901344567972052
0.07100000000000001 0.41398264472193064
0.07200000000000001 0.5202918776062893
0.073 0.5347580973085763
0.074 0.4793971217293299
0.075 0.5616584556481483
0.076 0.6198720505054777
0.077 0.6524754064929332
0.078 0.5700616833156694
0.079 0.5058339945456166
0.08 0.5477512065760373
0.081 0.5602941437346105
0.082 0.5592647394270772
0.083 0.6161940614187355
0.084 0.5300582294676301
0.085 0.6055157214020973
0.08600000000000001 0.6260314101213682
0.08700000000000001 0.672877915715024
0.088 0.6840470197724913
0.089 0.7385807894216209
0.09 0.7838883426638812
0.091 0.7732279807462243
0.092 0.7575510776915365
0.093 0.7812479708282396
0.094 0.7563221152005409
0.095 0.8400731012498242
0.096 0.882412723886194
0.097 0.8581167346502322
0.098 0.808605962314027
0.099 0.7715244771960282
0.1 0.6754944594881688
0.101 0.5637634588323941
0.10200000000000001 0.6395229541732157
0.10300000000000001 0.5996314395400482
0.10400000000000001 0.6889547772579329
0.105 0.7068413374996197
0.106 0.7096659812259813
0.107 0.6662433820535563
0.108 0.6375643032602342
0.109 0.6401115005065324
0.11 0.5314263011233828
0.111 0.5935257105955372
0.112 0.552405824628531
0.113 0.5747990741285113
0.114 0.48824769991592665
0.115 0.5939318880605539
0.116 0.599600089192813
0.117 0.5930393559273955
0.11800000000000001 0.5593528495098314
0.11900000000000001 0.5318476073130545
0.12 0.5256690231983847
0.121 0.44701206048644265
0.122 0.542265117883783
0.123 0.5740823842367361
0.124 0.49880143725328197
0.125 0.38728882462902314
0.126 0.4283443114929839
0.127 0.44652918223211524
0.128 0.31125259329108546
0.129 0.2279702006143866
0.13 0.2541110306165444
0.131 0.21469305436543862
0.132 0.1149063594154573
0.133 0.14429109435915335
0.134 0.084056635738648
0.135 0.04895909212134524
0.136 0.12395814104721561
0.137 0.1789226497454936
0.138 0.15194595192098054
0.139 0.07866244619182257
0.14 0.18451642705768984
0.14100000000000001 0.10792311968767508
0.14200000000000002 0.08611813339943888
0.14300000000000002 0.05150055157067085
0.14400000000000002 0.010086202431863138
0.145 0.03736931037703181
0.146 0.0019739279594445103
0.147 0.038877954526812177
0.148 0.09514033158341835
0.149 0.10926607812050584
0.15 0.2224482916877023
0.151 0.2714123574387535
0.152 0.25769399262718284
0.153 0.2747282514363641
0.154 0.173674708342117
0.155 0.12629542440457325
0.156 0.23345575921205747
0.157 0.31760420741699247
0.158 0.27726643417617286
0.159 0.34417636725246004
0.16 0.30807578353110215
0.161 0.27723518134389474
0.162 0.31899570686211465
0.163 0.40340976869092066
0.164 0.32891564670358553
0.165 0.3870968966516294
0.166 0.4335104210702231
0.167 0.5383186715551865
0.168 0.42715937377905533
0.169 0.4567977987444729
0.17 0.5349775782397145
0.171 0.5208528860655031
0.17200000000000001 0.5336679436968743
0.17300000000000001 0.5656889511649791
0.17400000000000002 0.5139691079360044
0.17500000000000002 0.5373697445163215
0.176 0.34925739211525453
0.177 0.3215572579148929
0.178 0.2697228224602131
0.179 0.31425594704481197
0.18 0.33487112001891034
0.181 0.42813265828184044
0.182 0.47670588246604034
0.183 0.47006795209189606
0.184 0.384054133529514
0.185 0.32994552878926925
0.186 0.40645740777935424
0.187 0.33776952371660274
0.188 0.346710537155451
0.189 0.28292770437091525
0.19 0.35587382897553166
0.191 0.35184509902698147
0.192 0.33235258609920926
0.193 0.35057441578434995
0.194 0.3629615736075309
0.195 0.30598941608481384
0.196 0.3577030974196151
0.197 0.2905285029163983
0.198 0.23188848783335458
0.199 0.25215986512676897
0.2 0.26026214290654365
0.201 0.21050869394720242
0.202 0.1293038619361777
0.203 0.09833643579900757
0.20400000000000001 0.09397237964578067
0.20500000000000002 0.052487944893436396
0.20600000000000002 0.10139601093478406
0.20700000000000002 0.09076502670304534
0.20800000000000002 0.06463532698600769
0.209 -0.021137660010281972
0.21 0.02744202458678696
0.211 0.09063051907264147
0.212 0.006824456456627562
0.213 0.08701254658943935
0.214 0.027091933905345554
0.215 -0.007273255764332326
0.216 0.14514900823603072
0.217 0.2229174051263956
0.218 0.3999145402549444
0.219 0.49643032717254304
0.22 0.4256328748545876
0.221 0.48589053739705745
0.222 0.47589564882286967
0.223 0.4721943136144029
0.224 0.4572005758314167
0.225 0.48435768076483143
0.226 0.5739152171165042
0.227 0.5851422470940892
0.228 0.6497459749661081
0.229 0.5896526289059681
0.23 0.5940303667412309
0.231 0.5675624927098017
0.232 0.48195130503090416
0.233 0.5413688025584618
0.234 0.5534182319692231
0.23500000000000001 0.571009792807621
0.23600000000000002 0.5345106619774342
0.23700000000000002 0.5096362283059055
0.23800000000000002 0.48051537476921286
0.23900000000000002 0.4354060061684483
0.24 0.4719079477727274
0.241 0.46099764439020186
0.242 0.43465239506942416
0.243 0.43959822041190727
0.244 0.500192995605263
0.245 0.5827774222763211
0.246 0.6325070449981431
0.247 0.661182003417555
0.248 0.5695496523323571
0.249 0.6913110318778096
0.25 0.566550924869742
0.251 0.5378073947352782
0.252 0.6307691502232768
0.253 0.5981870158786156
0.254 0.5241587799007534
0.255 0.6285187083131069
0.256 0.728646581077084
0.257 0.7665186070676953
0.258 0.7849366022734218
0.259 0.7131183993786784
0.26 0.8201688184609952
0.261 0.7396878098761579
0.262 0.678260249305924
0.263 0.5297024120396434
0.264 0.4926174164100828
0.265 0.6643129326503039
0.266 0.6654629695907368
0.267 0.7519093898365354
0.268 0.6637119317523414
0.269 0.5932051880514562
0.27 0.49070038248578435
0.271 0.4238136012091235
0.272 0.48584740487478884
0.273 0.5754839793644714
0.274 0.6597340648619295
0.275 0.6999552289093888
0.276 0.7360746256113816
0.277 0.7468788556501462
0.278 0.7068676615045933
0.279 0.7138885729824577
0.28 0.6599458102846323
0.281 0.6181960354742482
0.28200000000000003 0.6866969763810294
0.28300000000000003 0.7153950417448723
0.28400000000000003 0.6632531004819454
0.28500000000000003 0.7031065499364966
0.28600000000000003 0.7282445728037719
0.28700000000000003 0.7523379077982739
0.28800000000000003 0.7987291937646326
0.289 0.8478515717166137
0.29 0.9501093586747192
0.291 0.987938040122591
0.292 1.0530752828169323
0.293 0.9312381001529236
0.294 1.006363513786491
0.295 0.92414025666901
0.296 0.9342145201017749
0.297 0.9305856947177947
0.298 1.1020469284678907
0.299 1.1096976165361832
0.3 1.103650562884428
0.301 1.0665408237276595
0.302 0.9355725987558433
0.303 0.9314214581772733
0.304 0.8780468978759264
0.305 0.9894016452763299
0.306 0.8598764792698688
0.307 0.8929569169625406
0.308 0.9091374461522769
0.309 0.9268999117228375
0.31 0.8532501017194718
0.311 0.857498959830508
0.312 0.9091766351515652
0.313 0.8609078081177208
0.314 0.8210945818426053
0.315 0.7966872110722109
0.316 0.7335349818015093
0.317 0.6448680190681175
0.318 0.6672199797412641
0.319 0.7525918999814072
0.32 0.8084524920838425
0.321 0.8162849815826397
0.322 0.9069068749374125
0.323 0.9809173856490963
0.324 1.0035359661634755
0.325 1.0093230027601925
0.326 1.0002762147227
0.327 1.0331069642755577
0.328 1.0801197116747554
0.329 1.1114525247013365
0.33 1.066917687024124
0.331 1.0554748845053692
0.332 1.061039921512884
0.333 1.061003586263633
0.334 1.027598396261719
0.335 1.0321358640868066
0.336 1.0451589768118446
0.337 1.1153058643918683
0.338 1.2028606676257343
0.339 1.1164734101191467
0.34 1.1090563797922526
0.341 1.0122254843993845
0.342 1.0189854646655556
0.343 0.9449359021406312
0.34400000000000003 1.0291872722289075
0.34500000000000003 1.0163804536220409
0.34600000000000003 1.067415500216173
0.34700000000000003 1.005380168328917
0.34800000000000003 1.0189758137117644
0.34900000000000003 0.9811200210750449
0.35000000000000003 0.8688748811508005
0.35100000000000003 0.7715703954610579
0.352 0.6681487215195396
0.353 0.7663817424198931
0.354 0.7914460604136039
0.355 0.8239747292761445
0.356 0.9037592763338066
0.357 0.9545042415984805
0.358 0.8835327705199966
0.359 0.9399272600720157
0.36 0.8990368850756837
0.361 0.862910941625649
0.362 0.9013699382995463
0.363 0.985910344135758
0.364 0.8872348932901849
0.365 0.89837376207463
0.366 0.8726093099472387
0.367 0.8836416320239067
0.368 0.8628131900263379
0.369 0.8109518057168199
0.37 0.7332948801745249
0.371 0.7801958047830739
0.372 0.9425334538291059
0.373 0.8032338673075835
0.374 0.7414255547590372
0.375 0.8070300667997163
0.376 0.760870172033326
0.377 0.8034798953556023
0.378 0.7767369243132102
0.379 0.7322063600575034
0.38 0.8869841314040449
0.381 0.8698685030095064
0.382 0.78623738782753
0.383 0.8218406181085097
0.384 0.8265408827603953
0.385 0.869626320998002
0.386 0.7169297373422379
0.387 0.7384120580683535
0.388 0.7864598561382867
0.389 0.822839968291569
0.39 0.8727433863790415
0.391 0.9053099191603214
0.392 0.8968439459976656
0.393 0.8381909845062157
0.394 0.8802666049799275
0.395 0.8878188743456701
0.396 0.865642390922301
0.397 0.928814498804803
0.398 0.9839264663760228
0.399 1.046849866853027
0.4 1.1580702360541362
0.401 1.2409407501405079
0.402 1.1472345674393782
0.403 1.1288579188688415
0.404 1.2294826255198814
0.405 1.2479657776484645
0.406 1.2624382492554824
0.40700000000000003 1.208476199186315
0.40800000000000003 1.2316185141013989
0.40900000000000003 1.3365902704482453
0.41000000000000003 1.3015776496279854
0.41100000000000003 1.2782130099785556
0.41200000000000003 1.291040175133929
0.41300000000000003 1.2912926596151237
0.41400000000000003 1.292835211573008
0.41500000000000004 1.2283192598446375
0.41600000000000004 1.259356813097137
0.417 1.3324642599238625
0.418 1.440311887770561
0.419 1.3803865162154567
0.42 1.437433139380768
0.421 1.4776771776038167
0.422 1.5097629991799026
0.423 1.4936874908727236
0.424 1.5337326133972393
0.425 1.505284981374856
0.426 1.459546196656539
0.427 1.4063251971192448
0.428 1.4532095246282808
0.429 1.478826052402137
0.43 1.5590940650762815
0.431 1.548217350605435
0.432 1.4773661517568137
0.433 1.4656463019653343
0.434 1.4834539710856942
0.435 1.4877079327913745
0.436 1.536986794674399
0.437 1.6159014404467733
0.438 1.689859517247682
0.439 1.7226889872971494
0.44 1.7748692136871085
0.441 1.771530516772355
0.442 1.6980475807390032
0.443 1.760705884661515
0.444 1.8172147192390518
0.445 1.7562823240536345
0.446 1.7757830093336162
0.447 1.775659433056027
0.448 1.8308641414482187
0.449 1.8859786253856026
0.45 2.007144782026363
0.451 1.9656472232669793
0.452 2.0883005429307286
0.453 2.124830921269776
0.454 2.1274559086672857
0.455 2.1668026068785906
0.456 2.119899833544829
0.457 2.073112653003608
0.458 2.115881444316999
0.459 2.1750088725464987
0.46 2.2213163231107416
0.461 2.1034741633007297
0.462 2.0002144961531223
0.463 1.9913288562645466
0.464 2.1260937018598898
0.465 2.1975583946647066
0.466 2.31959641772479
0.467 2.276083253421518
0.468 2.335296366127988
0.46900000000000003 2.381074114608789
0.47000000000000003 2.3497146666061246
0.47100000000000003 2.4888841178692402
0.47200000000000003 2.539273681480457
0.47300000000000003 2.554282483547118
0.47400000000000003 2.603189859241256
0.47500000000000003 2.652743747173762
0.47600000000000003 2.7541858214787225
0.47700000000000004 2.74934810709168
0.47800000000000004 2.7100486281485194
0.47900000000000004 2.647064015012404
0.48 2.6430616394746376
0.481 2.7388755284143476
0.482 2.6592060268311104
0.483 2.646829079330462
0.484 2.6851161925019174
0.485 2.6312244813086294
0.486 2.6154976511009194
0.487 2.495317187144796
0.488 2.4133459645238258
0.489 2.4375919583440524
0.49 2.266761304207267
0.491 2.198753706826071
0.492 2.1287251415459387
0.493 2.123027893409564
0.494 2.09708048253365
0.495 2.1181614824951707
0.496 2.1424279201472536
0.497 2.138985135225913
0.498 2.0304911197833047
0.499 2.055984006712715
0.5 2.0474058831933513
0.501 2.0025835550007636
0.502 2.00253693729511
0.503 1.9281126974413165
0.504 1.9049089079017891
0.505 1.8909153790338138
0.506 1.9308052023696887
0.507 1.9037349716466387
0.508 1.8809976032587152
0.509 1.8354087807515698
0.51 1.8000226957422076
0.511 1.786332639026769
0.512 1.8313553066468444
0.513 1.8404858696302608
0.514 1.8273512705122374
0.515 1.8995767643342307
0.516 1.9568808053360471
0.517 1.9914047719244015
0.518 1.8799521493445353
0.519 1.9119170699876231
0.52 1.9922924865685707
0.521 2.0225076869258145
0.522 1.9864250472351395
0.523 1.9264313344709123
0.524 1.8565981031277075
0.525 1.920913800288286
0.526 1.9202858517041828
0.527 1.8367456467107597
0.528 1.8146323514956022
0.529 1.8721242483910838
0.53 1.84346255029317
0.531 1.8870268477216379
0.532 1.917305937149361
0.533 1.8438847371637128
0.534 1.726728654279317
0.535 1.8379541428915873
0.536 1.756758308758261
0.537 1.857100650512948
0.538 1.866207163144654
0.539 1.857837786514833
0.54 1.8128866385843267
0.541 1.7601104041445403
0.542 1.794577832954274
0.543 1.7856750499777612
0.544 1.696746164641318
0.545 1.709555563600798
0.546 1.7045919416470876
0.547 1.659197890887436
0.548 1.5476563411289894
0.549 1.4874375021634307
0.55 1.4973114602528788
0.551 1.5367201526986025
0.552 1.5569056813613427
0.553 1.5672052128221459
0.554 1.6462758643064592
0.555 1.6719883598164649
0.556 1.635363614335726
0.557 1.5141044181981556
0.558 1.470419538971261
0.559 1.4973835701488802
0.56 1.489377648039765
0.561 1.4546445261631797
0.562 1.3348588130450079
0.5630000000000001 1.318044052182781
0.5640000000000001 1.21560620060696
0.5650000000000001 1.3253188189080178
0.5660000000000001 1.3283220929001374
0.5670000000000001 1.4574040821102523
0.5680000000000001 1.4354540627006447
0.5690000000000001 1.4338724211595943
0.5700000000000001 1.3698844894514235
0.5710000000000001 1.3395380427993069
0.5720000000000001 1.2996034034061381
0.5730000000000001 1.2152267058801158
0.5740000000000001 1.2598910416560893
0.5750000000000001 1.2478671247282298
0.5760000000000001 1.3247664120539375
0.577 1.3086645504168848
0.578 1.3258151527531963
0.579 1.2961996609138526
0.58 1.177124273460778
0.581 1.171873140093632
0.582 1.1103379891087517
0.583 1.1841805566572337
0.584 1.1241473499090588
0.585 1.1460750058999185
0.586 1.2336258994621607
0.587 1.2284790068349842
0.588 1.354117908707982
0.589 1.4531217238202732
0.59 1.6282613787839173
0.591 1.6809809404058547
0.592 1.766891394121059
0.593 1.787682733223726
0.594 1.8594543328998447
0.595 1.8541979295086293
0.596 1.9075555627700997
0.597 1.9309868388436922
0.598 1.9421054725972817
0.599 1.8941350558639856
0.6 1.879732842015567
0.601 1.9043827044113293
0.602 1.880291836539885
0.603 1.8638482484756986
0.604 1.945501020689594
0.605 1.9155804064584139
0.606 1.9747282250503688
0.607 2.003946913142015
0.608 2.0916386408563
0.609 2.142462729689915
0.61 2.0405473922963346
0.611 2.0589676279882623
0.612 2.1186676955634387
0.613 1.9915879823311298
0.614 1.9663300752272026
0.615 2.015429842784519
0.616 2.21094179229556
0.617 2.273799296305124
0.618 2.3074999344814047
0.619 2.2809362821233297
0.62 2.288368847478235
0.621 2.299591643090355
0.622 2.3561619424751705
0.623 2.4379304868555804
0.624 2.421189006766284
0.625 2.432061144667302
0.626 2.404658135815885
0.627 2.3806368515216625
0.628 2.4392208123637347
0.629 2.3049542707581394
0.63 2.344319988116963
0.631 2.4308427379595505
0.632 2.423776553591103
0.633 2.3966507109787787
0.634 2.3945771117061336
0.635 2.3165355925566535
0.636 2.3617824844565503
0.637 2.4020662739224776
0.638 2.3575879788191103
0.639 2.358535440672769
0.64 2.32344583736164
0.641 2.4458523610368386
0.642 2.393064887201651
0.643 2.3820878629333047
0.644 2.352515810192295
0.645 2.329119129914164
0.646 2.245257720516329
0.647 2.1312404561115152
0.648 2.1591189645447955
0.649 2.187089307817544
0.65 2.284719213736232
0.651 2.1683536537081274
0.652 2.1195463376002666
0.653 2.0650787461216877
0.654 1.9932002554262602
0.655 1.936725915981269
0.656 1.9943834208796265
0.657 2.0193608208473566
0.658 2.100591206892095
0.659 2.174284080898101
0.66 2.2341230166213495
0.661 2.295600156836314
0.662 2.1839997451580437
0.663 2.2861556654965467
0.664 2.398510339976537
0.665 2.42452645508237
0.666 2.3929879960030043
0.667 2.371297761755936
0.668 2.305765512882002
0.669 2.3424978392651234
0.67 2.465085832829617
0.671 2.3493075806488557
0.672 2.2697009675957442
0.673 2.3131044489421124
0.674 2.2388255850415266
0.675 2.262640005349021
0.676 2.2498790991013315
0.677 2.254703414977369
0.678 2.352022417205356
0.679 2.2444912711065657
0.68 2.2086807550811236
0.681 2.2815906286148255
0.682 2.300607390059157
0.683 2.3078421095152004
0.684 2.2908023492297147
0.685 2.267637358686484
0.686 2.4450646188949623
0.687 2.4020497818413307
0.6880000000000001 2.364864874318516
0.6890000000000001 2.383238902435296
0.6900000000000001 2.401569335121697
0.6910000000000001 2.412545591262525
0.6920000000000001 2.417489302100772
0.6930000000000001 2.293149175843336
0.6940000000000001 2.2751506182523817
0.6950000000000001 2.22752212457568
0.6960000000000001 2.2065358371146857
0.6970000000000001 2.248485557940627
0.6980000000000001 2.238726986593389
0.6990000000000001 2.182055418667535
0.7000000000000001 2.0798634750893155
0.7010000000000001 2.052490424828489
0.7020000000000001 2.115426669066465
0.7030000000000001 2.1391968727218145
0.704 2.0717572967983777
0.705 2.122559836511495
0.706 2.139057394038921
0.707 2.120155033345072
0.708 2.1600178082759878
0.709 2.1163826138712483
0.71 2.1597784466556313
0.711 2.199657722565269
0.712 2.186035452361218
0.713 2.13676699275554
0.714 2.141406668701352
0.715 2.1211091892538554
0.716 2.0765871460135226
0.717 2.1052847012220988
0.718 2.098035822920587
0.719 2.183861148249543
0.72 2.1762576903863695
0.721 2.247643425646534
0.722 2.2139770135166668
0.723 2.1533163199252843
0.724 1.9775682165113582
0.725 1.9347235217126644
0.726 1.9383197043304123
0.727 1.980714676328279
0.728 2.015085466080118
0.729 1.90378282334083
0.73 1.850942917332642
0.731 1.8921834487451064
0.732 1.921615986302544
0.733 1.9570329297583324
0.734 2.026125432082786
0.735 1.9355778967978723
0.736 1.9947945472386002
0.737 1.970296184520872
0.738 1.958239166250188
0.739 1.9813552667524166
0.74 2.009682053502043
0.741 2.0348396490323575
0.742 2.1331815921858697
0.743 2.03677037236156
0.744 2.0807447970057127
0.745 2.17823418335586
0.746 2.1750940046761453
0.747 2.08785229915922
0.748 2.044578538935917
0.749 2.1146361107100056
0.75 2.235929468972696
0.751 2.2481872278705377
0.752 2.222361518079209
0.753 2.312852559286651
0.754 2.297480217140972
0.755 2.334659191562669
0.756 2.2218095576015107
0.757 2.2931433527942393
0.758 2.383174672132922
0.759 2.386662672015693
0.76 2.4097222030747583
0.761 2.362191577125735
0.762 2.300576832390508
0.763 2.3210404461726934
0.764 2.296752148159831
0.765 2.29381121293135
0.766 2.2288997247003834
0.767 2.2842209175398764
0.768 2.2875448058899934
0.769 2.3782283249465963
0.77 2.322447680866072
0.771 2.258358835317934
0.772 2.2926322064531433
0.773 2.2769514424702013
0.774 2.271338450581666
0.775 2.258325898297659
0.776 2.19663446210619
0.777 2.2346012458587983
0.778 2.3196494782203403
0.779 2.3363156701990397
0.78 2.3244517600245804
0.781 2.353607277056135
0.782 2.379048422826835
0.783 2.3173578758305466
0.784 2.2809696522528635
0.785 2.2951380478161463
0.786 2.352201975484126
0.787 2.3250557547065767
0.788 2.300953415201318
0.789 2.293868569121271
0.79 2.2729076779391693
0.791 2.3689515122212437
0.792 2.4068216188872786
0.793 2.3096169435289955
0.794 2.37260869521809
0.795 2.367746227803136
0.796 2.2818053328790704
0.797 2.480475803475411
0.798 2.5742518190016286
0.799 2.5228983828924045
0.8 2.5533797681555797
0.801 2.499813444726843
0.802 2.4169526571027578
0.803 2.4678819637788836
0.804 2.44594108533541
0.805 2.3415385428008637
0.806 2.35404717729845
0.807 2.3284511338822624
0.808 2.269431779873717
0.809 2.204607503460321
0.81 2.2202363059803005
0.811 2.235742600551126
0.812 2.125113840872547
0.8130000000000001 2.1112376960961647
0.8140000000000001 2.098789227589875
0.8150000000000001 2.1458854515677985
0.8160000000000001 2.2596288623917014
0.8170000000000001 2.2616969289140503
0.8180000000000001 2.216152833000446
0.8190000000000001 2.1635757935422877
0.8200000000000001 2.1651367135898565
0.8210000000000001 2.2040741989358748
0.8220000000000001 2.2877818334211284
0.8230000000000001 2.234381133550192
0.8240000000000001 2.302460832311545
0.8250000000000001 2.3666671979364415
0.8260000000000001 2.3972192534729406
0.8270000000000001 2.461360659738443
0.8280000000000001 2.4934098680616477
0.8290000000000001 2.403945502743784
0.8300000000000001 2.357332766183974
0.8310000000000001 2.3501005973262057
0.8320000000000001 2.32825412221843
0.833 2.4048406052084474
0.834 2.32881729484512
0.835 2.3148834025160494
0.836 2.2254201033240055
0.837 2.190941902004212
0.838 2.17035818784415
0.839 2.291994946969525
0.84 2.358705602044096
0.841 2.3076548221357465
0.842 2.2303982325594145
0.843 2.211081358866107
0.844 2.282725536267514
0.845 2.2848891589275033
0.846 2.1314154753415377
0.847 2.067648479633884
0.848 2.1186044001222135
0.849 2.06295313972289
0.85 2.0193065057580792
0.851 2.0252503971131035
0.852 2.0066828270730417
0.853 2.02348807007929
0.854 1.9791204962595563
0.855 1.9750048679502294
0.856 1.9912923009641696
0.857 2.0207717008355863
0.858 1.9999336910483556
0.859 2.0509184507622695
0.86 2.03102668739833
0.861 1.9891002062515517
0.862 1.915795171098839
0.863 1.914209793027128
0.864 1.8536434582713146
0.865 1.8899627501186202
0.866 1.8452440617532166
0.867 1.7446956063198618
0.868 1.6934456429186806
0.869 1.7585719716218096
0.87 1.7293669096109352
0.871 1.6333609985749185
0.872 1.6857593642540472
0.873 1.6466982005187951
0.874 1.6329154443103788
0.875 1.6168006706989269
0.876 1.569983439629409
0.877 1.5708823158683962
0.878 1.6230231440129943
0.879 1.5670805782679695
0.88 1.4937901514715126
0.881 1.4724970182531367
0.882 1.5012134617559345
0.883 1.5098333096831436
0.884 1.5202216670879045
0.885 1.5651153318323303
0.886 1.5642013166221256
0.887 1.592733246622894
0.888 1.6329177157694539
0.889 1.695499229755311
0.89 1.5984455526385948
0.891 1.5130096548134668
0.892 1.489424984956898
0.893 1.5238763016899137
0.894 1.5336884273682878
0.895 1.5923696913369094
0.896 1.5372750221810283
0.897 1.4978382037924116
0.898 1.4973103148892477
0.899 1.5309526410446794
0.9 1.5211038304517328
0.901 1.416037343147997
0.902 1.402879223550124
0.903 1.4210539655314993
0.904 1.4132043757924277
0.905 1.3568094344482906
0.906 1.2462897090895364
0.907 1.1747614785486054
0.908 1.1743024176573964
0.909 1.1180187067699507
0.91 1.0552649576057214
0.911 1.1058195654684109
0.912 1.0967832783643914
0.913 1.1586317033319806
0.914 1.1189423613682108
0.915 1.1616567825391828
0.916 1.162520602573244
0.917 1.231186506040413
0.918 1.3214455248494965
0.919 1.329843006344375
0.92 1.4677515599254527
0.921 1.5323377594446188
0.922 1.5286191776990832
0.923 1.415709794106662
0.924 1.4281749477951107
0.925 1.4644467999018442
0.926 1.4246367624257665
0.927 1.4465158942373835
0.928 1.4663891833268605
0.929 1.5334824931253976
0.93 1.5003964972877535
0.931 1.4890344780829972
0.932 1.4642947627004554
0.933 1.4221788310206172
0.934 1.4698239472429655
0.935 1.351865185602141
0.936 1.3496652371760913
0.937 1.337759603614022
0.9380000000000001 1.409594785091328
0.9390000000000001 1.4117804600178403
0.9400000000000001 1.4094498778249884
0.9410000000000001 1.467696910680389
0.9420000000000001 1.3757213492130531
0.9430000000000001 1.2831805783651913
0.9440000000000001 1.2000608959806827
0.9450000000000001 1.2858979732556493
0.9460000000000001 1.2661049545370795
0.9470000000000001 1.3190683858894412
0.9480000000000001 1.3166882013077092
0.9490000000000001 1.2819038033249595
0.9500000000000001 1.3514620704457985
0.9510000000000001 1.334579389814057
0.9520000000000001 1.379104672222815
0.9530000000000001 1.3549911284737972
0.9540000000000001 1.2207744586514044
0.9550000000000001 1.1299770188708163
0.9560000000000001 1.1003539759842602
0.9570000000000001 1.1431119195664627
0.9580000000000001 1.2247841935556831
0.9590000000000001 1.2910290230739896
0.96 1.2383601184243098
0.961 1.2687044806801737
0.962 1.275587898978234
0.963 1.2325292438884232
0.964 1.0525301324160379
0.965 1.0483720397372658
0.966 0.952833714650015
0.967 0.9837145692212825
0.968 1.0115523274713956
0.969 0.885231804782465
0.97 0.8415201052160656
0.971 0.8089592890321388
0.972 0.8396389683619674
0.973 0.841397305599132
0.974 0.7925230347795796
0.975 0.890102344330787
0.976 0.7393113650064937
0.977 0.6624815032431874
0.978 0.7378574793344687
0.979 0.7558690490265993
0.98 0.7555440632407739
0.981 0.7438908819295509
0.982 0.7699312845356625
0.983 0.862437274432382
0.984 0.8798742908693854
0.985 0.9426311473067761
0.986 0.931442715947646
0.987 0.9505372430019053
0.988 1.0375912668322895
0.989 1.0752934492291977
0.99 1.0447990965934837
0.991 1.0327047758388903
0.992 1.0123885725747352
0.993 1.0481048169496283
0.994 1.047177726182339
0.995 0.9688827585104074
0.996 0.8375787293785663
0.997 0.7985974896627018
0.998 0.769630538222997
0.999 0.7297682871209986
1.0 0.7799435233094225
1.0010000000000001 0.5001192919287509
1.002 0.2625128422271107
1.0030000000000001 -0.05027728235480733
1.004 -0.3269891166453076
1.0050000000000001 -0.5747769676366841
1.006 -0.801636921251952
1.0070000000000001 -1.1171258594875604
1.008 -1.2854373781515118
1.0090000000000001 -1.4907864715132364
1.01 -1.6035391940601462
1.0110000000000001 -1.7202689640912463
1.012 -1.9144193303051185
1.0130000000000001 -2.0328585006402
1.014 -2.083264036920858
1.0150000000000001 -2.1715456138801383
1.016 -2.246765778381095
1.0170000000000001 -2.3609232335071617
1.018 -2.4923196429243593
1.0190000000000001 -2.580029460930775
1.02 -2.661650626869299
1.0210000000000001 -2.85699100035801
1.022 -2.9053481059535486
1.0230000000000001 -3.011827493920567
1.024 -2.973070546974942
1.025 -3.07547162847483
1.026 -3.043406404579395
1.027 -3.0355220294531335
1.028 -3.029512934604658
1.029 -3.1293049961553745
1.03 -3.052284120765645
1.031 -3.1188511724820316
1.032 -3.0608535195961433
1.033 -3.0625874388442136
1.034 -3.034957535122935
1.035 -3.0496665614533045
1.036 -3.06250973638445
1.037 -3.0562804962636814
1.038 -2.804013738641787
1.039 -2.812007943606065
1.04 -2.7716359093345235
1.041 -2.7871284562891794
1.042 -2.6353529515465386
1.043 -2.569495340667526
1.044 -2.4751774020062083
1.045 -2.3344140993528666
1.046 -2.2939194676490944
1.047 -2.2941538746462373
1.048 -2.1789191429088604
1.049 -2.1468432728218674
1.05 -2.1259677052427923
1.051 -2.1245832827604643
1.052 -1.9892043221697915
1.053 -1.9483727157953101
1.054 -1.7605907970318233
1.055 -1.553654607478427
1.056 -1.4416570071244745
1.057 -1.3401365536441852
1.058 -1.144316540485097
1.059 -1.0861775221535708
1.06 -0.8174522420614219
1.061 -0.7372306862773607
1.062 -0.5215289059276185
1.063 -0.3950991043616106
1.064 -0.21144754630871665
1.065 -0.050130980903955236
1.066 0.03393656512288812
1.067 0.31660818073456176
1.068 0.4280595192892769
1.069 0.5428772677692164
1.07 0.7043614500634421
1.071 0.8840264366372381
1.072 1.1243366496024105
1.073 1.066706525596294
1.074 1.189248502964984
1.075 1.3249783639830548
1.076 1.5740164702966362
1.077 1.6376074291759597
1.078 1.6380855148447397
1.079 1.768613907796149
1.08 1.7805589585693284
1.081 1.9488424473310597
1.082 2.0801283803495365
1.083 2.101871542474085
1.084 2.2586475032023143
1.085 2.3116335829487307
1.086 2.4776715104185874
1.087 2.621864826671818
1.088 2.6922544456022215
1.089 2.811991415526894
1.09 3.011590572444504
1.091 3.004017621748313
1.092 3.117701381937497
1.093 3.1914547915665294
1.094 3.181736535411904
1.095 3.2524079391296903
1.096 3.2974401169736933
1.097 3.3854645464063324
1.098 3.518631982305634
1.099 3.434483094134467
1.1 3.4512691859214444
1.101 3.4249986799656074
1.102 3.4366389264414994
1.103 3.531506841104364
1.104 3.525316133792965
1.105 3.5115264281516785
1.106 3.4824077845695873
1.107 3.3925859008586317
1.108 3.327695547758369
1.109 3.3093844226218274
1.11 3.331212107913763
1.111 3.2901431184532237
1.112 3.3392159626034483
1.113 3.3420850131714586
1.114 3.381432405656631
1.115 3.3641641625252965
1.116 3.365628413436412
1.117 3.197782479178784
1.118 3.1168117976675305
1.119 3.03549548369056
1.12 2.9880367515587887
1.121 2.887899320741196
1.122 2.764629754055778
1.123 2.7340107016812594
1.124 2.6516142936473526
1.125 2.5992304443126475
1.1260000000000001 2.531770383068853
1.127 2.4394414394282786
1.1280000000000001 2.262207795631868
1.129 2.2020717706353476
1.1300000000000001 2.126309776882451
1.131 2.0776788847140812
1.1320000000000001 1.9526670233825834
1.133 1.8275285693253442
1.1340000000000001 1.7054731060817372
1.135 1.5626670100417162
1.1360000000000001 1.492745557116135
1.137 1.4229618027017268
1.1380000000000001 1.3297840391702092
1.139 1.2658960433328503
1.1400000000000001 1.0979505121297148
1.141 1.0110682603901997
1.1420000000000001 0.803076945057884
1.143 0.7258467646136297
1.1440000000000001 0.6331078216918657
1.145 0.4311715664840906
1.1460000000000001 0.27531740015097056
1.147 0.09071463637019556
1.1480000000000001 -0.05288989297034158
1.149 -0.15395585487513241
1.1500000000000001 -0.2225296989595069
1.151 -0.3165653600900251
1.1520000000000001 -0.4346335544121055
1.153 -0.5416974473902054
1.154 -0.6831556894941728
1.155 -0.8251031082856968
1.156 -0.9299268916645176
1.157 -0.8198161196012311
1.158 -0.9853210978407028
1.159 -1.0739894929862364
1.16 -1.2466125054829627
1.161 -1.3107357759381748
1.162 -1.4960549123486973
1.163 -1.516860872658042
1.164 -1.6470023743963094
1.165 -1.7174092667544998
1.166 -1.7688093696777532
1.167 -1.8371012211252378
1.168 -1.9565130241901718
1.169 -2.075634526846221
1.17 -2.205224063857124
1.171 -2.2944341681329448
1.172 -2.3782280361004413
1.173 -2.3371706638517997
1.174 -2.453428973579937
1.175 -2.4841640709460875
1.176 -2.485154824371656
1.177 -2.5235109102737794
1.178 -2.6178609467310805
1.179 -2.7797795300364583
1.18 -2.7962224420047357
1.181 -2.7616926804027777
1.182 -2.827135688344318
1.183 -2.857624140067813
1.184 -2.906350834751684
1.185 -2.9197900992677344
1.186 -2.9207276085057106
1.187 -3.040948533640737
1.188 -3.023845549482096
1.189 -2.9671168536042942
1.19 -3.0521972322621744
1.191 -3.110729326944514
1.192 -3.16451935029643
1.193 -3.230054750364046
1.194 -3.2227946898932456
1.195 -3.206801632476089
1.196 -3.2852886530602095
1.197 -3.3520626675727625
1.198 -3.303357887197409
1.199 -3.249121148566599
1.2 -3.2635431861798088
1.201 -3.1633703110200018
1.202 -3.16956344317006
1.203 -3.107025371783007
1.204 -2.994811108592855
1.205 -2.943166246707915
1.206 -3.0169066040358796
1.207 -2.9163743438632252
1.208 -2.898511391822329
1.209 -2.829428215792954
1.21 -2.7449417842664654
1.211 -2.789040271695198
1.212 -2.708147880591137
1.213 -2.6052039070932698
1.214 -2.463755380471907
1.215 -2.323036735125821
1.216 -2.308888593100036
1.217 -2.264392974379934
1.218 -2.286815376600675
1.219 -2.2029612760546504
1.22 -2.193310824591169
1.221 -2.1384215599707876
1.222 -1.890342971388506
1.223 -1.874911304314701
1.224 -1.9308962244686172
1.225 -1.9879915880393757
1.226 -1.872843403052444
1.227 -1.7305439452270148
1.228 -1.5890428582505014
1.229 -1.4686452531074297
1.23 -1.4360642374886177
1.231 -1.4053302536116572
1.232 -1.4114731053766694
1.233 -1.42504809567469
1.234 -1.4976343003279908
1.235 -1.3746068220524836
1.236 -1.3270371541548993
1.237 -1.3287553173520272
1.238 -1.2373267562916697
1.239 -1.2011443682284109
1.24 -1.1565485427590185
1.241 -1.1498511731389973
1.242 -1.1286324682648226
1.243 -1.168405402482303
1.244 -1.2307785529480029
1.245 -1.1299475441794293
1.246 -1.1589661368420876
1.247 -1.2489614911267743
1.248 -1.295402950394105
1.249 -1.2504628683080803
1.25 -1.2783260812710062
1.2510000000000001 -1.1483723860081887
1.252 -1.1122631857638166
1.2530000000000001 -1.0611908550973472
1.254 -1.0929364753072157
1.2550000000000001 -1.1252093241818346
1.256 -1.1629983745969346
1.2570000000000001 -1.0481186930173838
1.258 -1.0204885709010951
1.2590000000000001 -1.0137071711768668
1.26 -1.0309348973284373
1.2610000000000001 -1.0884814227006758
1.262 -0.9984150159727069
1.2630000000000001 -0.8802922382713747
1.264 -0.9642765066802059
1.2650000000000001 -0.9251690994328361
1.266 -0.8096035930380814
1.2670000000000001 -0.7076215366985297
1.268 -0.7378874381370683
1.2690000000000001 -0.6871466771363384
1.27 -0.734742063438168
1.2710000000000001 -0.8558175716750148
1.272 -0.77237948126889
1.2730000000000001 -0.8001693772897459
1.274 -0.8231164387925883
1.2750000000000001 -0.879773475026294
1.276 -0.8289387451575283
1.2770000000000001 -0.7082392197621254
1.278 -0.594546291276122
1.2790000000000001 -0.5751515030585466
1.28 -0.5981111859536762
1.281 -0.5733190195717032
1.282 -0.45738833071531637
1.283 -0.39561641192714825
1.284 -0.43349773030228783
1.285 -0.45918148269440284
1.286 -0.48019903016485876
1.287 -0.514156791358221
1.288 -0.5935816694901287
1.289 -0.5584973956253629
1.29 -0.5537194818269233
1.291 -0.43006939841822167
1.292 -0.4476520928339663
1.293 -0.40179709636968713
1.294 -0.43621697649279334
1.295 -0.42316592062886427
1.296 -0.48858492140631005
1.297 -0.30098868245976534
1.298 -0.25837944569533033
1.299 -0.2510768157422086
1.3 -0.20096351462218093
1.301 -0.16855147725064273
1.302 -0.20649145823485532
1.303 -0.2489056459224709
1.304 -0.27459671186319295
1.305 -0.23691744918314206
1.306 -0.295652619349832
1.307 -0.1554241235617021
1.308 -0.2114052896955655
1.309 -0.3761570940755382
1.31 -0.33733270884752514
1.311 -0.3617956059786416
1.312 -0.2988610857290413
1.313 -0.2908186623757854
1.314 -0.3116208652002621
1.315 -0.40840475115973657
1.316 -0.3444494227913005
1.317 -0.33947247581753615
1.318 -0.37280066299883313
1.319 -0.3514443025260779
1.32 -0.4422168749172321
1.321 -0.4354650593080134
1.322 -0.47586858001122395
1.323 -0.3172789670570524
1.324 -0.4095003462275508
1.325 -0.5055982080269616
1.326 -0.5667892236860792
1.327 -0.6880340308393561
1.328 -0.8008789128590378
1.329 -0.8390073383366304
1.33 -0.889054134173118
1.331 -0.9123086464861933
1.332 -0.9277055404346326
1.333 -0.9548875918173899
1.334 -0.9518982715730738
1.335 -0.9361780270165085
1.336 -0.8741958103205869
1.337 -0.8902672529623538
1.338 -0.924933885104871
1.339 -0.965092256166521
1.34 -0.9256709399115997
1.341 -0.952802562246098
1.342 -0.9019366552676138
1.343 -0.866808002578725
1.344 -0.8305616484821263
1.345 -0.8613332521610327
1.346 -0.9276752228085321
1.347 -0.9153656450343304
1.348 -0.8600813856311723
1.349 -0.7848123641063895
1.35 -0.7904143376075463
1.351 -0.8125846636896945
1.352 -0.930024451111432
1.353 -0.8750145866372127
1.354 -0.7973819470264957
1.355 -0.8634609733904856
1.356 -0.8558924170973604
1.357 -0.9689962208553653
1.358 -1.0273381755322335
1.359 -0.9865777823446139
1.36 -0.997587130702097
1.361 -1.003291874904572
1.362 -1.0534539166756731
1.363 -0.9403180215085893
1.364 -0.9755327828870874
1.365 -1.013231013018299
1.366 -1.1447075659884207
1.367 -1.0933734104488084
1.368 -1.0852441085335474
1.369 -1.0987536830386377
1.37 -1.1829837150297344
1.371 -1.203198316860525
1.372 -1.1851934976905674
1.373 -1.3057203240204542
1.374 -1.2775927692422728
1.375 -1.187760284233554
1.3760000000000001 -1.2197720333518351
1.377 -1.1294622145665212
1.3780000000000001 -1.1618771437444337
1.379 -1.0876258506567704
1.3800000000000001 -1.0323142164630936
1.381 -1.0922784120619498
1.3820000000000001 -1.0745532173126315
1.383 -1.1774235974557334
1.3840000000000001 -1.2724313961962126
1.385 -1.3748623861758413
1.3860000000000001 -1.4311552154102096
1.387 -1.5254086989278575
1.3880000000000001 -1.6064818671499483
1.389 -1.6326650370333673
1.3900000000000001 -1.6397400168229375
1.391 -1.6658433901181504
1.3920000000000001 -1.8473941716994946
1.393 -1.7777895832182549
1.3940000000000001 -1.9613430917763501
1.395 -2.1266581841067005
1.3960000000000001 -2.187886401403231
1.397 -2.2660620578633157
1.3980000000000001 -2.341488587244195
1.399 -2.5083782852881167
1.4000000000000001 -2.5297265692769586
1.401 -2.620789254608321
1.4020000000000001 -2.5536627721642344
1.403 -2.675903518763754
1.4040000000000001 -2.737421749610887
1.405 -2.7019655599973924
1.4060000000000001 -2.719302719400062
1.407 -2.7628144837486532
1.408 -2.7929568724014646
1.409 -2.785990578919659
1.41 -2.6931554097285337
1.411 -2.7117684732953635
1.412 -2.7200846722593215
1.413 -2.7526158507380747
1.414 -2.763898614910723
1.415 -2.7983543461175535
1.416 -2.8475480645760114
1.417 -2.8202566369209237
1.418 -2.727298841512141
1.419 -2.712713840714675
1.42 -2.8925892402962026
1.421 -2.9203018714582942
1.422 -2.9744704078146884
1.423 -2.949017908930452
1.424 -2.927338594048015
1.425 -2.889270312056592
1.426 -3.0344240555742714
1.427 -3.169508937839038
1.428 -3.164695452104193
1.429 -3.2672212556285296
1.43 -3.376649301551634
1.431 -3.4080869225096966
1.432 -3.460525174302912
1.433 -3.5178251937808445
1.434 -3.522594649578339
1.435 -3.462663137861393
1.436 -3.555297981998394
1.437 -3.577781423317211
1.438 -3.6255783920675393
1.439 -3.6472150156232015
1.44 -3.762673336664481
1.441 -3.837625017618985
1.442 -3.878475330293173
1.443 -3.895062432106318
1.444 -3.939617168838013
1.445 -3.9470927538504315
1.446 -3.844363456078261
1.447 -3.884090558371663
1.448 -3.7694501887900405
1.449 -3.869693476758962
1.45 -3.88500127570367
1.451 -3.8840032027916926
1.452 -3.9444861694613826
1.453 -3.9490414730840664
1.454 -4.070497777866898
1.455 -4.143825930521739
1.456 -4.2183587892235535
1.457 -4.284602925064251
1.458 -4.323856030626302
1.459 -4.3980082025988025
1.46 -4.344887139998182
1.461 -4.385029862115177
1.462 -4.487440535203499
1.463 -4.598917109617892
1.464 -4.715897069499234
1.465 -4.6894856523509505
1.466 -4.707301245799752
1.467 -4.770724286689982
1.468 -4.823115144673433
1.469 -4.850285247109856
1.47 -4.905341467016439
1.471 -4.928803308779433
1.472 -4.98676949468459
1.473 -5.038107267317307
1.474 -5.039892102669156
1.475 -5.137363103109472
1.476 -5.177208762475808
1.477 -5.1335232946713445
1.478 -5.249324545872848
1.479 -5.197381476825733
1.48 -5.23284959773403
1.481 -5.230743389648241
1.482 -5.26236856635158
1.483 -5.294663689421398
1.484 -5.251259784905965
1.485 -5.49521115340109
1.486 -5.54799552638089
1.487 -5.5810831012143
1.488 -5.591687768297331
1.489 -5.708526034213984
1.49 -5.664777102855146
1.491 -5.725126376587622
1.492 -5.66343969126651
1.493 -5.710445331562837
1.494 -5.823146431898062
1.495 -5.8387935581620525
1.496 -5.9127297174394755
1.497 -5.891162433450939
1.498 -5.904879572091083
1.499 -5.941852241583848
1.5 -6.019232819281708
1.5010000000000001 -6.079586804294523
1.502 -6.008186357013937
1.5030000000000001 -5.84312162937856
1.504 -5.907619100193082
1.5050000000000001 -5.980860608375489
1.506 -5.9994475428370295
1.5070000000000001 -6.031132881001715
1.508 -5.936320143054641
1.5090000000000001 -6.038287608247051
1.51 -6.114172901015818
1.5110000000000001 -6.189486184373753
1.512 -6.17456183272796
1.5130000000000001 -6.171680440039366
1.514 -6.105764970848308
1.5150000000000001 -6.205342080463314
1.516 -6.1782248348348805
1.5170000000000001 -6.142853842045312
1.518 -6.122824071035448
1.5190000000000001 -6.147677579735849
1.52 -6.157739660024234
1.5210000000000001 -6.153137796398414
1.522 -6.142133486897918
1.5230000000000001 -6.237210060696133
1.524 -6.234664722403602
1.5250000000000001 -6.118005505319993
1.526 -6.181571044247414
1.5270000000000001 -6.0748731078556295
1.528 -6.047573433062022
1.5290000000000001 -6.0825007251574625
1.53 -6.059868588656687
1.5310000000000001 -6.150845510156757
1.532 -6.250426786114677
1.5330000000000001 -6.327619864518714
1.534 -6.322848352684716
1.5350000000000001 -6.331595388330181
1.536 -6.371517378066538
1.537 -6.308757858344704
1.538 -6.417646311759472
1.539 -6.515903844553797
1.54 -6.492823541255294
1.541 -6.556968980414507
1.542 -6.643480624177744
1.543 -6.608822189855601
1.544 -6.542291289234958
1.545 -6.517689329098202
1.546 -6.572903406405562
1.547 -6.6590200654998455
1.548 -6.65221199275493
1.549 -6.71636595325195
1.55 -6.7600233964020475
1.551 -6.837774724305316
1.552 -6.991594949904697
1.553 -6.850461899737311
1.554 -6.770047854952299
1.555 -6.794691553113816
1.556 -6.891348601198282
1.557 -7.051507649962676
1.558 -7.048321974181395
1.559 -7.078793035851869
1.56 -7.145058414213316
1.561 -7.2100967227466874
1.562 -7.193249025431597
1.563 -7.213015552980912
1.564 -7.182585682788952
1.565 -7.151327474407974
1.566 -7.104670921921575
1.567 -7.034054830117569
1.568 -7.115138143921441
1.569 -7.140871793461924
1.57 -7.139034869888637
1.571 -7.229296197592135
1.572 -7.177746726789136
1.573 -7.412900177459226
1.574 -7.382349158509393
1.575 -7.311338161314786
1.576 -7.304931831353452
1.577 -7.312630899135824
1.578 -7.333841312802623
1.579 -7.437383844000159
1.58 -7.4812843884094855
1.581 -7.396578203168529
1.582 -7.45226192066533
1.583 -7.478523750243819
1.584 -7.413299628267199
1.585 -7.389410723528162
1.586 -7.420225974660625
1.587 -7.396757473127922
1.588 -7.432136335105553
1.589 -7.45618125366901
1.59 -7.4079628247000695
1.591 -7.448541301645065
1.592 -7.467899122891671
1.593 -7.541220358532394
1.594 -7.562052824421093
1.595 -7.611261549610208
1.596 -7.6055959331180345
1.597 -7.568679028874869
1.598 -7.570404760344906
1.599 -7.4274208585835595
1.6 -7.329338545208955
1.601 -7.214487891946972
1.602 -7.094718866924832
1.603 -7.030647520139648
1.604 -6.939927988868794
1.605 -7.0010905395502245
1.606 -7.121931048171607
1.607 -7.131908197513337
1.608 -7.053219700694426
1.609 -7.0896511347916995
1.61 -7.073924163688833
1.611 -7.061128541774817
1.612 -7.052163005467111
1.613 -7.012740812485255
1.614 -6.97429914683691
1.615 -6.952368083704679
1.616 -7.036535595432374
1.617 -6.956292617065279
1.618 -6.9581316655147845
1.619 -7.017346681110033
1.62 -7.079218851063582
1.621 -7.064389643673639
1.622 -7.011458219759032
1.623 -7.037012690600382
1.624 -7.000808640598248
1.625 -7.06052535235241
1.6260000000000001 -7.045183901777034
1.627 -7.082204243995289
1.6280000000000001 -7.030215308509129
1.629 -6.990566443182497
1.6300000000000001 -7.108280414086179
1.631 -6.944479102187171
1.6320000000000001 -6.898877498844357
1.633 -6.850557029363226
1.6340000000000001 -6.802760201867435
1.635 -6.758913830358507
1.6360000000000001 -6.673476125790837
1.637 -6.673624239458911
1.6380000000000001 -6.6300581073729425
1.639 -6.59337873466638
1.6400000000000001 -6.485157207811651
1.641 -6.517737989074233
1.6420000000000001 -6.543633153111853
1.643 -6.540402366109892
1.6440000000000001 -6.523416749419472
1.645 -6.52672087547948
1.6460000000000001 -6.376785654447543
1.647 -6.352727804326737
1.6480000000000001 -6.278316412706354
1.649 -6.2724026766527015
1.6500000000000001 -6.207960318189371
1.651 -6.077402659076532
1.6520000000000001 -6.076387169697516
1.653 -6.077662212592185
1.6540000000000001 -6.0296258940786025
1.655 -6.079954709420697
1.6560000000000001 -6.133696365501663
1.657 -6.269633976959071
1.6580000000000001 -6.241942381960412
1.659 -6.144284816451798
1.6600000000000001 -6.079284196404206
1.661 -5.998622747826623
1.6620000000000001 -5.939904608688552
1.663 -5.767514127915003
1.6640000000000001 -5.606391414153188
1.665 -5.58213919476154
1.666 -5.563254397174195
1.667 -5.619005777709036
1.668 -5.610053609138866
1.669 -5.7444073377267655
1.67 -5.679365842383187
1.671 -5.644604203436209
1.672 -5.545955335338756
1.673 -5.423117901106958
1.674 -5.377723144596371
1.675 -5.348432214034701
1.676 -5.160651333006911
1.677 -5.143325485719342
1.678 -5.117631354989729
1.679 -5.076671898364572
1.68 -5.082280370316441
1.681 -4.971390522727777
1.682 -4.93111103311154
1.683 -5.026245601818299
1.684 -4.958153599465189
1.685 -4.934964703768732
1.686 -4.900272804555478
1.687 -4.829419766311272
1.688 -4.799058298682479
1.689 -4.822172231012203
1.69 -4.807477053152484
1.691 -4.717413350422946
1.692 -4.591369394297895
1.693 -4.552205878831657
1.694 -4.480346881461228
1.695 -4.426843701772139
1.696 -4.496250913530647
1.697 -4.431976396710462
1.698 -4.373121450072507
1.699 -4.3913565560777705
1.7 -4.25943832231027
1.701 -4.175788911044792
1.702 -4.0757381635462755
1.703 -4.047233531226286
1.704 -3.9419157867184236
1.705 -3.7889105881282603
1.706 -3.701792997218545
1.707 -3.6310499443745408
1.708 -3.4819997432979766
1.709 -3.3881556302963336
1.71 -3.378632134615756
1.711 -3.283798459846537
1.712 -3.2333393571762192
1.713 -3.1689814286692615
1.714 -3.1502336441596865
1.715 -3.0048159210203305
1.716 -2.8999701552394237
1.717 -2.716948512785768
1.718 -2.6054440236191487
1.719 -2.4780588713473413
1.72 -2.275258500077992
1.721 -2.155162443387619
1.722 -2.031508651548685
1.723 -1.8512515272059558
1.724 -1.7340997636996303
1.725 -1.5960966774507712
1.726 -1.5997777437764473
1.727 -1.43609678304602
1.728 -1.3838351454274385
1.729 -1.1803256252396885
1.73 -1.0580178381604872
1.731 -0.7811911435692496
1.732 -0.747553944727626
1.733 -0.6140486919581305
1.734 -0.5245965651829942
1.735 -0.4032839754528743
1.736 -0.32899564667243264
1.737 -0.1372393344141103
1.738 -0.010091329823953554
1.739 0.07758868687078069
1.74 0.2121985738582841
1.741 0.36658400483010367
1.742 0.412687113325958
1.743 0.5900199787622572
1.744 0.5941488810463954
1.745 0.7446933574673348
1.746 0.7241234254870579
1.747 0.9026443314512077
1.748 0.983320539289694
1.749 1.1237714338563278
1.75 1.222604835647216
1.7510000000000001 1.4495102489241318
1.752 1.45232063948957
1.7530000000000001 1.3452282952031263
1.754 1.3553103197433047
1.7550000000000001 1.3352416006819072
1.756 1.3253953378729324
1.7570000000000001 1.233062404564178
1.758 1.1750253607309353
1.7590000000000001 1.0885242438113705
1.76 1.0873023142118452
1.7610000000000001 1.048616268884786
1.762 1.0712499374178426
1.7630000000000001 1.0101826731227321
1.764 1.0721758608893097
1.7650000000000001 1.074914970449303
1.766 1.0902271917814443
1.7670000000000001 1.1524017064245413
1.768 1.191695938763203
1.7690000000000001 1.2624987283323474
1.77 1.2724554667887218
1.7710000000000001 1.3085454512474073
1.772 1.3598657147710227
1.7730000000000001 1.39977408202953
1.774 1.401032993141265
1.7750000000000001 1.515621538877244
1.776 1.4441876354666923
1.7770000000000001 1.4879479110031215
1.778 1.4828323667768655
1.7790000000000001 1.567491390915501
1.78 1.5196673729581387
1.7810000000000001 1.4646924324825576
1.782 1.4702818185022695
1.7830000000000001 1.382048580921043
1.784 1.5074012047214378
1.7850000000000001 1.5104975712499096
1.786 1.629435242299252
1.7870000000000001 1.68911062928577
1.788 1.6405420243566977
1.7890000000000001 1.5992807113780114
1.79 1.6106553528342562
1.7910000000000001 1.5426966992533906
1.792 1.5153223095320718
1.793 1.5469102393037175
1.794 1.4129010328508078
1.795 1.4709956265558908
1.796 1.4708707113848982
1.797 1.5162784069394843
1.798 1.5558084873217435
1.799 1.4821565018871032
1.8 1.3348823296778718
1.801 1.3651754022032512
1.802 1.372936282523919
1.803 1.4144912946817454
1.804 1.4267958019887295
1.805 1.4729898777518304
1.806 1.3885697542170363
1.807 1.3733524555375145
1.808 1.3363414640345248
1.809 1.2799432656142813
1.81 1.2214748579192123
1.811 1.1386288808497487
1.812 1.2005306580603905
1.813 1.189321117775971
1.814 1.1842964950625614
1.815 1.1942796769753448
1.816 1.2046452096371891
1.817 1.192979127482263
1.818 1.2021126091840775
1.819 1.2267882832301218
1.82 1.2480155195584126
1.821 1.2271944652315077
1.822 1.3398040017413826
1.823 1.3038059546482035
1.824 1.1304777960262293
1.825 1.144292861419887
1.826 1.1990943947771464
1.827 1.1945935389628528
1.828 1.171396212543038
1.829 1.2132898797605403
1.83 1.1208023273062504
1.831 1.067816748110294
1.832 1.0553946086943273
1.833 1.1136961006396595
1.834 1.1951111242831003
1.835 1.2425397488276688
1.836 1.2165121957766354
1.837 1.242124697049597
1.838 1.3243153637928629
1.839 1.3415181036896937
1.84 1.3341212150941668
1.841 1.3104408842457929
1.842 1.3904528246938685
1.843 1.3375158324308873
1.844 1.2533876638028116
1.845 1.3396703786453121
1.846 1.3353320207475983
1.847 1.4292477307437674
1.848 1.4284632330543254
1.849 1.4259529058671097
1.85 1.3629002909373777
1.851 1.3129357053929152
1.852 1.3422156226300057
1.853 1.38252635235088
1.854 1.3041698064777056
1.855 1.3881051385300933
1.856 1.364618938991781
1.857 1.2803786827327954
1.858 1.34323223321983
1.859 1.3841531429674812
1.86 1.329094237763887
1.861 1.2874776096137193
1.862 1.2254830997378998
1.863 1.2020083808989745
1.864 1.2582968387738627
1.865 1.170583529830795
1.866 1.1542679490890269
1.867 1.1340062290844322
1.868 1.0936369336898568
1.869 1.0627289294678886
1.87 0.905066955993233
1.871 0.9077055976108374
1.872 0.8733913426291828
1.873 0.8665854025146985
1.874 0.9004643482449739
1.875 0.8575702971955311
1.8760000000000001 0.9002458914888614
1.877 0.9543596730358095
1.8780000000000001 0.9110900758823727
1.879 0.8785734100703718
1.8800000000000001 0.7845543817937003
1.881 0.7770507816626628
1.8820000000000001 0.6296433906183073
1.883 0.5985856844428581
1.8840000000000001 0.5270165033652665
1.885 0.5027083985881713
1.8860000000000001 0.5073953298754957
1.887 0.4491673380737061
1.8880000000000001 0.4996683488042017
1.889 0.5463899923004308
1.8900000000000001 0.6222069845980833
1.891 0.6601676737784334
1.8920000000000001 0.6028376044904057
1.893 0.6165733799897974
1.8940000000000001 0.649848532301649
1.895 0.7865050834386305
1.8960000000000001 0.6860430501831204
1.897 0.6351065459736435
1.8980000000000001 0.5903080821083934
1.899 0.6528764994172991
1.9000000000000001 0.6102439618629744
1.901 0.6886841775902808
1.9020000000000001 0.6118283982041134
1.903 0.624929398570828
1.9040000000000001 0.5645498397942786
1.905 0.6414444269486624
1.9060000000000001 0.6311822182259574
1.907 0.6280482914071517
1.9080000000000001 0.5783835867043554
1.909 0.43393523459317707
1.9100000000000001 0.4813399418290343
1.911 0.5239570080063141
1.9120000000000001 0.5915746693347209
1.913 0.5096356841216728
1.9140000000000001 0.6185100590145713
1.915 0.6047283020702611
1.9160000000000001 0.5686224955585009
1.917 0.5947544843079113
1.9180000000000001 0.6795690493415434
1.919 0.7085264916253283
1.92 0.9306945245474503
1.921 0.8400606162256218
1.922 0.8151344282838943
1.923 0.8493271863817784
1.924 0.8808631786050912
1.925 0.8118558726250822
1.926 0.7663644451733943
1.927 0.7842957602506465
1.928 0.803860070321495
1.929 0.74364721484109
1.93 0.7432444756869336
1.931 0.7215286935400268
1.932 0.7327549782331979
1.933 0.6351199837480395
1.934 0.6556751668911777
1.935 0.5527939488114547
1.936 0.43922694233764015
1.937 0.408603846659337
1.938 0.36509881436602454
1.939 0.3877648629037661
1.94 0.3389421719691171
1.941 0.3100918153517159
1.942 0.37560653945870554
1.943 0.3387281725184127
1.944 0.37369266076735924
1.945 0.41045897756928673
1.946 0.467434348674514
1.947 0.5368525436168168
1.948 0.4685293209681679
1.949 0.5405803843942869
1.95 0.6182457971058902
1.951 0.6881032306825896
1.952 0.7253319308650328
1.953 0.7488253964838225
1.954 0.6862967191159984
1.955 0.7379586430648741
1.956 0.8644381190857262
1.957 0.7952509886694421
1.958 0.7525730358506997
1.959 0.8602559396287188
1.96 0.926082396774568
1.961 0.8934245519715405
1.962 0.8734221927051296
1.963 0.8918461879193468
1.964 0.9258284073453981
1.965 0.8693725290745171
1.966 0.8319228355759208
1.967 0.7953888194875248
1.968 0.8170292781695538
1.969 0.8733353715638712
1.97 0.8339789882818085
1.971 0.8851537184244278
1.972 0.9660177298520727
1.973 0.869118103738805
1.974 0.7901622135131483
1.975 0.7992033708384723
1.976 0.7613519538629598
1.977 0.6433531347034316
1.978 0.6184823481870177
1.979 0.631696228299889
1.98 0.6734984733899945
1.981 0.596997585353245
1.982 0.6438765457642215
1.983 0.5312459165510067
1.984 0.4760906545770863
1.985 0.43141746308003437
1.986 0.46902035653490726
1.987 0.48454195866538136
1.988 0.3967183090701619
1.989 0.39674679562907755
1.99 0.26993848222388195
1.991 0.3072018875966043
1.992 0.24943085571724682
1.993 0.1265896768566172
1.994 0.10303622569860825
1.995 0.028926973208777088
1.996 -0.01498005595063144
1.997 -0.04217008716768999
1.998 0.018357791848201854
1.999 0.07724083739672027
2.0 0.029211448427079408
2.001 -0.00675540530419836
2.0020000000000002 -0.07673562698232686
2.003 -0.020285397360318105
2.004 -0.006774384819274578
2.005 -0.03829326179004225
2.0060000000000002 -0.07204920329972889
2.007 0.0014829384197783263
2.008 0.07126306464308906
2.009 0.062003151560092035
2.0100000000000002 0.0959337745274277
2.011 0.09512321234419206
2.012 0.11944713443311888
2.013 0.21106989296005207
2.0140000000000002 0.15266168919525905
2.015 0.10225837745441316
2.016 0.2105730452081357
2.017 0.10964448339644992
2.0180000000000002 0.08511587573232883
2.019 0.2095038485000607
2.02 0.1873615491016237
2.021 0.17812097793289006
2.0220000000000002 0.21457140123979435
2.023 0.3100727919925035
2.024 0.25111855394275534
2.025 0.2592173491002954
2.0260000000000002 0.30551817426799643
2.027 0.23236057949708128
2.028 0.283321963605255
2.029 0.317816567823073
2.0300000000000002 0.34966594141952584
2.031 0.28367446861489864
2.032 0.24827711290159668
2.033 0.19088714852809113
2.0340000000000003 0.1022036218667136
2.035 0.017851622138708084
2.036 0.03335232460601199
2.037 0.0499715034761199
2.0380000000000003 0.06701010963574705
2.039 -0.06030722794631421
2.04 -0.09273013949201676
2.041 -0.1510466922329765
2.0420000000000003 -0.11673211208873704
2.043 -0.0711242084144806
2.044 -0.17102228597872365
2.045 -0.08641458307140126
2.0460000000000003 -0.14595433273983444
2.047 -0.14590874550289884
2.048 -0.18507458972518206
2.049 -0.20421359119909682
2.05 -0.12684990853234296
2.051 -0.09646687394937098
2.052 -0.09797354672309862
2.053 -0.15133573188756222
2.054 -0.24769479453261434
2.055 -0.2049065372017672
2.056 -0.3127871899375523
2.057 -0.2838250329753013
2.058 -0.24926048712623777
2.059 -0.14937614058178977
2.06 -0.19007326332150382
2.061 -0.18865423056360284
2.062 -0.1817394907805257
2.063 -0.301103256493932
2.064 -0.3081500948732683
2.065 -0.36151024773377116
2.066 -0.23393799007906765
2.067 -0.24722986037062483
2.068 -0.2489190885057456
2.069 -0.30757204654354764
2.07 -0.26167381249996713
2.071 -0.314861001883834
2.072 -0.29437751758850594
2.073 -0.38418847962496905
2.074 -0.4248121712358532
2.075 -0.46743956575373036
2.076 -0.4300991346741856
2.077 -0.488514398367769
2.078 -0.3878959423792287
2.079 -0.3918411027455085
2.08 -0.47309594609437294
2.081 -0.37370530782434125
2.082 -0.4079839451995148
2.083 -0.3353588741720445
2.084 -0.364569643878376
2.085 -0.31699031599600197
2.086 -0.24569774285562512
2.087 -0.36680066864112565
2.088 -0.34411381401785673
2.089 -0.2532435155121814
2.09 -0.26301309993009486
2.091 -0.27321133630905053
2.092 -0.22904137319478335
2.093 -0.29118434657299663
2.094 -0.34752006885885145
2.095 -0.31527036746781467
2.096 -0.41718557896721575
2.097 -0.4304388283847176
2.098 -0.4123327740113031
2.099 -0.3631090160220605
2.1 -0.37805578501603015
2.101 -0.31388510313394324
2.102 -0.3440602843842494
2.103 -0.3626759376904375
2.104 -0.38407002256399175
2.105 -0.43097613760225134
2.106 -0.4496370832019581
2.107 -0.445434007633099
2.108 -0.47860118265398494
2.109 -0.4787667458066133
2.11 -0.37346325482983134
2.111 -0.36994807148578385
2.112 -0.36531994613894747
2.113 -0.4033480709917795
2.114 -0.23209964359023424
2.115 -0.18705254982382774
2.116 -0.18302008279592905
2.117 -0.11755021528533563
2.118 -0.16660900456087263
2.119 -0.2962583164309458
2.12 -0.29645882602659074
2.121 -0.3575954140169986
2.122 -0.30600238249801076
2.123 -0.2855067774384158
2.124 -0.27262122463977473
2.125 -0.20483163656940762
2.126 -0.1396117706637383
2.1270000000000002 -0.1492296650188255
2.128 -0.12442906433030682
2.129 -0.11927482326819508
2.13 -0.23580952566905927
2.1310000000000002 -0.2682603746909615
2.132 -0.269130500835284
2.133 -0.19548769090778562
2.134 -0.13884263846067788
2.1350000000000002 -0.11785535652398671
2.136 -0.16391881215828435
2.137 -0.1888323108940138
2.138 -0.24879572884484027
2.1390000000000002 -0.23234982910778987
2.14 -0.08271622141691515
2.141 0.014086909328290834
2.142 -0.020673280438416625
2.1430000000000002 -0.060833736518823574
2.144 0.011814267998233187
2.145 -0.004661724402166726
2.146 0.026496907267643373
2.1470000000000002 -0.06772090934119837
2.148 -0.16902358743854584
2.149 -0.1759706970046231
2.15 -0.1705292786441533
2.1510000000000002 -0.17994751680412777
2.152 -0.22890392759076697
2.153 -0.23387940500512588
2.154 -0.3600399989489559
2.1550000000000002 -0.3675430315956032
2.156 -0.3223917603115339
2.157 -0.4440433177107909
2.158 -0.3040628550106204
2.1590000000000003 -0.30441250188797503
2.16 -0.35282797094203266
2.161 -0.3905195920498665
2.162 -0.44878473884965836
2.1630000000000003 -0.5674174936047488
2.164 -0.5406050671479268
2.165 -0.5230196200219861
2.166 -0.5174223491983387
2.1670000000000003 -0.632263250916953
2.168 -0.6912015934372557
2.169 -0.682971240856399
2.17 -0.6816224463241184
2.1710000000000003 -0.7259367887546423
2.172 -0.7457662317783954
2.173 -0.6669187623063263
2.174 -0.7568135982348939
2.1750000000000003 -0.7397004194014166
2.176 -0.7227420844468534
2.177 -0.7783576172321369
2.178 -0.7593978464652613
2.179 -0.8805765662342734
2.18 -0.8074041973262888
2.181 -0.8454850645184037
2.182 -0.8442858210097759
2.183 -0.8114577721867702
2.184 -0.823199748352242
2.185 -0.7942544343947469
2.186 -0.8193607599355003
2.187 -0.7869909061405214
2.188 -0.7844428209739629
2.189 -0.8180862751491184
2.19 -0.8372227690160492
2.191 -0.8558120217544296
2.192 -0.8495937518004225
2.193 -0.8001953365782886
2.194 -0.7890895285730207
2.195 -0.8688041412631601
2.196 -0.7826054860167893
2.197 -0.7293866673083251
2.198 -0.7051962569222341
2.199 -0.794762678772988
2.2 -0.831422226029649
2.201 -0.8168069179158619
2.202 -0.8247805452452562
2.203 -0.8570426319467469
2.204 -0.8373037647136602
2.205 -0.7489783639540846
2.206 -0.757526968025487
2.207 -0.7958701235223867
2.208 -0.8203171924604283
2.209 -0.743700844448288
2.21 -0.7068355388790157
2.211 -0.7604572144047184
2.212 -0.6573198309097205
2.213 -0.7175761922891096
2.214 -0.6848861083636288
2.215 -0.654457861062341
2.216 -0.6381382112848889
2.217 -0.6965718213280435
2.218 -0.5841353618839468
2.219 -0.5372624522726037
2.22 -0.5264534917324507
2.221 -0.5720532559605775
2.222 -0.5449749515975739
2.223 -0.5560449713808252
2.224 -0.5228275258192154
2.225 -0.5482788384483954
2.226 -0.5294894631953904
2.227 -0.5833989438527337
2.228 -0.59138508016117
2.229 -0.6657448449410901
2.23 -0.6624462786949091
2.231 -0.5996493139450393
2.232 -0.5657837097308113
2.233 -0.44719759329212566
2.234 -0.4976922250939333
2.235 -0.38043915056519384
2.236 -0.45221048297420235
2.237 -0.4782556153608707
2.238 -0.4011739805854222
2.239 -0.2640180200583957
2.24 -0.14920938320831856
2.241 -0.18254968751422573
2.242 -0.2515807318793328
2.243 -0.16336326063390827
2.244 -0.1484008574099932
2.245 -0.11975340271636645
2.246 -0.1079527139577022
2.247 -0.15405374782881004
2.248 -0.20655635911395642
2.249 -0.1981668793010411
2.25 -0.16342600863718773
2.251 -0.14911817592719057
2.2520000000000002 -0.1690233513173231
2.253 -0.20921102288434773
2.254 -0.1617820484146843
2.255 -0.2506690672734059
2.2560000000000002 -0.22123121332215656
2.257 -0.18844271903478277
2.258 -0.15517821371905433
2.259 -0.10807146328395764
2.2600000000000002 -0.1992844839998399
2.261 -0.18354767979853776
2.262 -0.18954975243638983
2.263 -0.16513905990077343
2.2640000000000002 -0.1849908271747538
2.265 -0.3040087173034415
2.266 -0.30021607139559714
2.267 -0.2853020884527512
2.2680000000000002 -0.26785988641234626
2.269 -0.24729557406622416
2.27 -0.19808929771982364
2.271 -0.1573113607538427
2.2720000000000002 -0.14028065546220517
2.273 -0.1141579841189204
2.274 -0.11237102983087294
2.275 -0.17718108417396117
2.2760000000000002 -0.1541126648213943
2.277 -0.06639845279664024
2.278 -0.055916819086423486
2.279 -0.11471156888141118
2.2800000000000002 -0.08015696742955782
2.281 -0.03833414057894547
2.282 -0.1274815583654475
2.283 -0.13203445119755078
2.2840000000000003 -0.14551899986102895
2.285 -0.19398624878081083
2.286 -0.25317740151018275
2.287 -0.22221707701158047
2.2880000000000003 -0.16028046117992656
2.289 -0.12346430155681451
2.29 -0.20990183952896843
2.291 -0.296938665534396
2.2920000000000003 -0.24622718667772395
2.293 -0.26711924225329536
2.294 -0.18030202343316004
2.295 -0.07646200202613801
2.2960000000000003 -0.0330279847465159
2.297 -0.1218774750371104
2.298 -0.10204283117164915
2.299 -0.15354117780016047
2.3000000000000003 -0.21332360254063204
2.301 -0.11718877060598948
2.302 -0.10236268903829968
2.303 -0.24278229748759964
2.3040000000000003 -0.34185480895573706
2.305 -0.3911556552469403
2.306 -0.4126705182436776
2.307 -0.3420391262035611
2.308 -0.361450544170068
2.309 -0.35710269292259883
2.31 -0.4545683550719408
2.311 -0.4588734943390555
2.312 -0.48104399667526154
2.313 -0.489459956287438
2.314 -0.4899569745620245
2.315 -0.5040397626111287
2.316 -0.6330152060485196
2.317 -0.6553852725266349
2.318 -0.6163763892674529
2.319 -0.5424736290142358
2.32 -0.44603403243669104
2.321 -0.3936935359040084
2.322 -0.31711530629079976
2.323 -0.26880639662132394
2.324 -0.27316198455430873
2.325 -0.16037971033749862
2.326 -0.08602443599481205
2.327 -0.015364013525234477
2.328 -0.10192004615682602
2.329 -0.14524358391721795
2.33 -0.18613616460948115
2.331 -0.21451795801394674
2.332 -0.28461516751068505
2.333 -0.19653585623940695
2.334 -0.21674760388560615
2.335 -0.26572040889476006
2.336 -0.24958523494302343
2.337 -0.15699417596228799
2.338 -0.11886255918347735
2.339 -0.09468819945400066
2.34 -0.131110107917072
2.341 0.013164997910488752
2.342 0.04614788338970491
2.343 0.08655432392063818
2.344 0.06302134072985326
2.345 0.14448579031426775
2.346 0.11573254306805639
2.347 0.12242454724126062
2.348 0.027477551229446576
2.349 0.09255180280245184
2.35 0.20778197396702594
2.351 0.32845585783936965
2.352 0.3052789278981726
2.353 0.3007585831602847
2.354 0.2663916687668628
2.355 0.26432680022746374
2.356 0.33909899688727935
2.357 0.3351712951715613
2.358 0.25535108465762774
2.359 0.25538575979199024
2.36 0.22676735819515464
2.361 0.25371695883987805
2.362 0.21176755498011912
2.363 0.32692893725261873
2.364 0.32243026753490944
2.365 0.3563956447589605
2.366 0.3671638928006591
2.367 0.22260957852880756
2.368 0.16744121574718823
2.369 0.22929328750880607
2.37 0.3593154777890786
2.371 0.2938134240553447
2.372 0.2669926613154668
2.373 0.17021562122549178
2.374 0.2098487121344379
2.375 0.16781696543705704
2.376 0.28885600673583095
2.3770000000000002 0.30731807788906196
2.378 0.25578656007729667
2.379 0.385530576870168
2.38 0.3518997901236769
2.3810000000000002 0.3236529187341804
2.382 0.16736326884939065
2.383 0.20047715993420107
2.384 0.21269220454722984
2.3850000000000002 0.11415267500303991
2.386 0.08111644528211374
2.387 0.12589725046892614
2.388 0.1614867378767105
2.3890000000000002 0.23561806872962837
2.39 0.13469145626625945
2.391 0.09395235013939646
2.392 0.020922380126565138
2.3930000000000002 -0.10839126205906999
2.394 -0.08896662745816138
2.395 -0.04175197409146501
2.396 -0.026067268480153
2.3970000000000002 0.0734509187327477
2.398 0.043090572528423014
2.399 0.08980558402224531
2.4 0.16371916202292652
2.4010000000000002 0.1470929153136652
2.402 0.19170272886369044
2.403 0.24794474216758747
2.404 0.31930721771479614
2.4050000000000002 0.32940461134050547
2.406 0.3491590629339024
2.407 0.3708182106450101
2.408 0.46974299105971895
2.4090000000000003 0.40713086575461077
2.41 0.39261113667608855
2.411 0.4160664826452448
2.412 0.40027570158169556
2.4130000000000003 0.4058676687950635
2.414 0.38584760464007517
2.415 0.4232158042427313
2.416 0.5103797922185517
2.4170000000000003 0.5730069386818026
2.418 0.6177665596262859
2.419 0.5219473397021721
2.42 0.5941773528797647
2.4210000000000003 0.5616491387760147
2.422 0.6418030935984758
2.423 0.6310642597716631
2.424 0.5522530912238628
2.4250000000000003 0.64300471351401
2.426 0.6756979603806406
2.427 0.538373852886366
2.428 0.6170114510200162
2.4290000000000003 0.5573581929582228
2.43 0.6723684242724459
2.431 0.7213090074802931
2.432 0.6087148726537777
2.433 0.6622300762816578
2.434 0.6837734938482963
2.435 0.6838562730609796
2.436 0.6210495279454632
2.437 0.6298866643093282
2.438 0.6883371524180496
2.439 0.7066429356026869
2.44 0.7718242473357955
2.441 0.7369102678775931
2.442 0.8333997440714397
2.443 0.7237501302514865
2.444 0.6950236591998005
2.445 0.6796631633287618
2.446 0.6785578547103156
2.447 0.7863186475818004
2.448 0.7608866804831151
2.449 0.7739967641553906
2.45 0.8277126367168162
2.451 0.831733059398045
2.452 0.8358355736594371
2.453 0.8092067959782885
2.454 0.7925315890753255
2.455 0.7830645861671878
2.456 0.7374283770508466
2.457 0.6821340229793902
2.458 0.588272534835755
2.459 0.6373370985642037
2.46 0.6921449032118209
2.461 0.6286050969041094
2.462 0.7236627385825054
2.463 0.7584906327448189
2.464 0.8217689358149739
2.465 0.8554764389563281
2.466 0.818236062677128
2.467 0.9110952596872531
2.468 0.9737870272583942
2.469 1.0381919576048693
2.47 1.1681014630902524
2.471 1.113847698909048
2.472 1.2192388567030168
2.473 1.137169954385361
2.474 1.0888083854235784
2.475 1.0311592165218557
2.476 0.9667370020644004
2.477 0.9580877477901387
2.478 0.9535091637266915
2.479 0.9688830884541744
2.48 0.7852385211188774
2.481 0.7587512818745966
2.482 0.7695982127526467
2.483 0.8395699689627548
2.484 0.8040617488129088
2.485 0.8122205109437168
2.486 0.7193827313330878
2.487 0.7472847617208525
2.488 0.7747505233416601
2.489 0.7835550544930308
2.49 0.7978182952452354
2.491 0.8126105580409269
2.492 0.8206226961519603
2.493 0.9308876958408463
2.494 1.0501912006515928
2.495 1.0337666917469208
2.496 1.0263495054387461
2.497 1.114495997017606
2.498 1.1485002917270009
2.499 1.2379342793810284
2.5 1.2556439351039899
2.501 1.2240408458774492
2.5020000000000002 1.1173782615157377
2.503 1.1321340179381907
2.504 1.1117657526139075
2.505 0.9888573187163284
2.5060000000000002 1.0725629301283164
2.507 1.0944748506255688
2.508 0.9595965494175897
2.509 0.9290608452606497
2.5100000000000002 0.980848832108452
2.511 0.9243606992496967
2.512 0.9347835427817142
2.513 0.9080399815690414
2.5140000000000002 0.8814317174749472
2.515 0.8534837638121366
2.516 0.7872942900873157
2.517 0.7611563909873758
2.5180000000000002 0.7833595328436739
2.519 0.7868701807741816
2.52 0.7905722217867068
2.521 0.9495041741623049
2.5220000000000002 0.9415533784564646
2.523 0.901651367417344
2.524 0.8517237085982686
2.525 0.7882872371405037
2.5260000000000002 0.7928096555972659
2.527 0.9179419467405299
2.528 0.8681190204793794
2.529 0.9305657839325546
2.5300000000000002 1.024929737625621
2.531 0.992525205837693
2.532 1.054422792801968
2.533 1.04905259120087
2.5340000000000003 0.9969172402457729
2.535 1.105232926825882
2.536 1.0236342180536484
2.537 1.0577357229540163
2.5380000000000003 1.1814995517400615
2.539 1.2618086033691696
2.54 1.229549136404251
2.541 1.1805183797950487
2.5420000000000003 1.2525900573693824
2.543 1.3036890636112035
2.544 1.2920448146653736
2.545 1.3973277360390353
2.5460000000000003 1.4053494904507855
2.547 1.3719648723973823
2.548 1.4416322904275052
2.549 1.6015694612516824
2.5500000000000003 1.5352879102086683
