0.0 -0.8504787760197451
0.001 -0.8081127224681252
0.002 -0.8407943121338557
0.003 -1.0533651306390124
0.004 -1.1075513892450577
0.005 -1.177638495282476
0.006 -1.0961586226189284
0.007 -1.1849447135642053
0.008 -1.240040853516783
0.009000000000000001 -1.2983868171141646
0.01 -1.2485988969694712
0.011 -1.2007386634383537
0.012 -1.1292617077887508
0.013000000000000001 -1.174114532442321
0.014 -1.1130414755271607
0.015 -1.1044367178587358
0.016 -1.087466759905966
0.017 -1.119034103499674
0.018000000000000002 -1.1241689741962169
0.019 -1.1742856934685553
0.02 -1.1315450034813268
0.021 -1.2056910323922123
0.022 -1.202258228888122
0.023 -1.2442049241469215
0.024 -1.217249821453645
0.025 -1.2530583799431225
0.026000000000000002 -1.3236864699712787
0.027 -1.3718078268489111
0.028 -1.328999733639318
0.029 -1.3112719683195424
0.03 -1.2365046949446634
0.031 -1.2177804388762261
0.032 -1.13959775861483
0.033 -1.109625952423652
0.034 -1.078017408012522
0.035 -1.1034870635039504
0.036000000000000004 -1.048519167084115
0.037 -1.0129946936674625
0.038 -1.089072065133655
0.039 -1.1287456346533886
0.04 -1.0609771047047964
0.041 -1.0618050086798512
0.042 -0.9787299456610067
0.043000000000000003 -0.9647180287806119
0.044 -0.9250338808743481
0.045 -0.9183725334009911
0.046 -0.9312794180060939
0.047 -0.8156401755257797
0.048 -0.8224920635572756
0.049 -0.9370973553707024
0.05 -0.891192532057862
0.051000000000000004 -0.9194039175493637
0.052000000000000005 -0.8265890119237267
0.053 -0.8251642635714276
0.054 -0.7489092886683537
0.055 -0.712495749294158
0.056 -0.7935337399258551
0.057 -0.9050128664696412
0.058 -0.856857485381469
0.059000000000000004 -0.8390324746558627
0.06 -0.8788632018297675
0.061 -0.7208164279262523
0.062 -0.7669508275273083
0.063 -0.8962769495894976
0.064 -0.9127047899483233
0.065 -0.9035305336863699
0.066 -0.9816070166174625
0.067 -1.022834935483494
0.068 -1.0354549452553792
0.069 -1.031131784401904
0.07 -1.044766856023937
0.07100000000000001 -1.0565989619859602
0.07200000000000001 -1.0479205125880062
0.073 -0.9488307020660554
0.074 -0.9000119475715284
0.075 -0.88859335472179
0.076 -0.8199430242922916
0.077 -0.7959971836886578
0.078 -0.7344864597247457
0.079 -0.7018111792104349
0.08 -0.6774216296760414
0.081 -0.6717672589934609
0.082 -0.6019250587183984
0.083 -0.6992111278179429
0.084 -0.740396881330329
0.085 -0.6705276096236773
0.08600000000000001 -0.7671760764322095
0.08700000000000001 -0.7828587115493025
0.088 -0.7877756179690735
0.089 -0.81911532676526
0.09 -0.8211232943428702
0.091 -0.8567639972877548
0.092 -0.7489337619016676
0.093 -0.8146687329871662
0.094 -0.8611854322527488
0.095 -0.9193202347524423
0.096 -0.8109294280198569
0.097 -0.8610207046354404
0.098 -0.9159612847225281
0.099 -0.8702482633896882
0.1 -0.8644582370976368
0.101 -0.9575152480613756
0.10200000000000001 -0.9558170575865647
0.10300000000000001 -0.932495492592597
0.10400000000000001 -0.8294768141719233
0.105 -0.784566273615412
0.106 -0.7217616222034582
0.107 -0.6803135909966735
0.108 -0.5961011612569824
0.109 -0.6335050456754932
0.11 -0.6725632041270266
0.111 -0.6330710281338023
0.112 -0.658468233544175
0.113 -0.6514832973538117
0.114 -0.6968169184591694
0.115 -0.6539664610632214
0.116 -0.7260981536651692
0.117 -0.7193046455259571
0.11800000000000001 -0.6730520637267243
0.11900000000000001 -0.6075038242152867
0.12 -0.5574034420174956
0.121 -0.6433469153912097
0.122 -0.6330720741389768
0.123 -0.6385578955647173
0.124 -0.6785476385792842
0.125 -0.7325809437444628
0.126 -0.7385441307545422
0.127 -0.632092658905789
0.128 -0.5660395815520205
0.129 -0.5607595947228562
0.13 -0.5226916518703977
0.131 -0.5510369225335486
0.132 -0.5374674394066142
0.133 -0.44081220057294385
0.134 -0.471765685587614
0.135 -0.3578709958410289
0.136 -0.1981413218866314
0.137 -0.1989175691667866
0.138 -0.20091217442479653
0.139 -0.20742411050508341
0.14 -0.22302396440974614
0.14100000000000001 -0.22621294330264985
0.14200000000000002 -0.19742908853133914
0.14300000000000002 -0.19533336072935492
0.14400000000000002 -0.1774510129079716
0.145 -0.20297711971130528
0.146 -0.14880544099510967
0.147 -0.28796487889343375
0.148 -0.22731225176111958
0.149 -0.21882639697517925
0.15 -0.2639077519476736
0.151 -0.13786791237185445
0.152 -0.18218565226592956
0.153 -0.22532474627020693
0.154 -0.34771921349917767
0.155 -0.3722472305665157
0.156 -0.37032278799286245
0.157 -0.4071585827759917
0.158 -0.3315310554856826
0.159 -0.43215165841284386
0.16 -0.4284071851728767
0.161 -0.38194806851794605
0.162 -0.3539959512030088
0.163 -0.27770415060369985
0.164 -0.31052932874973355
0.165 -0.2984113748268195
0.166 -0.3728301801816931
0.167 -0.32106342989752806
0.168 -0.2927104703813115
0.169 -0.26306113458132946
0.17 -0.34458922409097675
0.171 -0.34348018299390587
0.17200000000000001 -0.3455609389518612
0.17300000000000001 -0.27130698124672376
0.17400000000000002 -0.45323434222310865
0.17500000000000002 -0.4176935942453371
0.176 -0.4446970757182746
0.177 -0.4887091440972601
0.178 -0.5159242075215511
0.179 -0.6102194113971707
0.18 -0.5853091217528813
0.181 -0.5519885750146795
0.182 -0.5219984046784507
0.183 -0.5890549733678028
0.184 -0.4666857977511341
0.185 -0.48575125055273166
0.186 -0.4496736865053294
0.187 -0.5714414740110765
0.188 -0.5586662166135838
0.189 -0.5355328052087529
0.19 -0.564794657465894
0.191 -0.5705365635895191
0.192 -0.6244791169596555
0.193 -0.5945678734424598
0.194 -0.5886962878791051
0.195 -0.6718337553867507
0.196 -0.6690959745091261
0.197 -0.6547788008240141
0.198 -0.672079694091066
0.199 -0.7394665464183001
0.2 -0.7962717051653472
0.201 -0.7413015710549257
0.202 -0.8752954300270613
0.203 -0.9336420542589831
0.20400000000000001 -1.020251971182386
0.20500000000000002 -1.0804640747933045
0.20600000000000002 -1.1260253736359818
0.20700000000000002 -1.1163282461769517
0.20800000000000002 -1.0998286054891733
0.209 -1.1197189165596253
0.21 -1.0961551939158989
0.211 -1.1042818247956254
0.212 -1.1011078836164188
0.213 -1.080862738461497
0.214 -1.0556826768358265
0.215 -1.0670110956042793
0.216 -0.9779048409553892
0.217 -1.0225133824551882
0.218 -1.0345070024127156
0.219 -1.0414716244448445
0.22 -1.0873220077770693
0.221 -1.2134128727769122
0.222 -1.2953074633966506
0.223 -1.2418773588629513
0.224 -1.2350264138138156
0.225 -1.1915659187360856
0.226 -1.1572293912621974
0.227 -1.0955543173556839
0.228 -1.0578411088113762
0.229 -1.0453834039710004
0.23 -1.0820160883934777
0.231 -1.1092758916291532
0.232 -0.9928110947955827
0.233 -1.113559645649356
0.234 -1.1265176842884779
0.23500000000000001 -1.0209844191530788
0.23600000000000002 -0.9598766173392538
0.23700000000000002 -0.9328778561525032
0.23800000000000002 -0.8449431886259728
0.23900000000000002 -0.8259357432728458
0.24 -0.9149886575081483
0.241 -0.92480497561641
0.242 -0.9955804969751568
0.243 -1.0685670183562745
0.244 -1.0538551138881131
0.245 -1.1248083498049044
0.246 -1.165065968150982
0.247 -1.1562226520814298
0.248 -1.1396441297778697
0.249 -1.0363723342151323
0.25 -0.9178462913283233
0.251 -0.9180686010020144
0.252 -0.8522134420270407
0.253 -0.911008758654757
0.254 -1.031457666666266
0.255 -1.0453157972044183
0.256 -1.0541832407840872
0.257 -1.032728407367302
0.258 -1.1074259655400782
0.259 -1.098411361973198
0.26 -0.9046172455499664
0.261 -0.9447793489813306
0.262 -0.896637932699122
0.263 -0.908822972594294
0.264 -0.8149854048686201
0.265 -0.795665178898934
0.266 -0.8237427604422247
0.267 -0.8764590133073541
0.268 -0.7700431460299345
0.269 -0.8287033075589675
0.27 -0.7618585899851177
0.271 -0.8340684169059723
0.272 -0.7080700395168874
0.273 -0.6958417696772328
0.274 -0.6701049174092779
0.275 -0.7169947746082052
0.276 -0.7442400839435553
0.277 -0.8048004809858303
0.278 -0.8202665974424077
0.279 -0.7298349569129894
0.28 -0.6313297265420216
0.281 -0.5876195940628728
0.28200000000000003 -0.5824314786632967
0.28300000000000003 -0.6111182135399875
0.28400000000000003 -0.5509023637823268
0.28500000000000003 -0.5122126391690326
0.28600000000000003 -0.5308590421207403
0.28700000000000003 -0.5205499134527757
0.28800000000000003 -0.603465169523693
0.289 -0.6220169221930862
0.29 -0.4861295254584995
0.291 -0.540135613346534
0.292 -0.6547451512109739
0.293 -0.5698159699164183
0.294 -0.5985426401524208
0.295 -0.6292236635577004
0.296 -0.6302628100598366
0.297 -0.6064584398082714
0.298 -0.7073132023490585
0.299 -0.7020688840229548
0.3 -0.7025409187441625
0.301 -0.7302291891841695
0.302 -0.7427495667154741
0.303 -0.7023884311921043
0.304 -0.7227737728019434
0.305 -0.7783330945014455
0.306 -0.7597644061642878
0.307 -0.8086297781769032
0.308 -0.909598204721131
0.309 -1.0351780036519331
0.31 -1.021803796159946
0.311 -1.033845059100901
0.312 -1.0780859066472828
0.313 -1.0801604002327843
0.314 -1.1623545606854313
0.315 -1.188643543935045
0.316 -1.2923488872227666
0.317 -1.2816373502670948
0.318 -1.31546992810447
0.319 -1.3810938404075488
0.32 -1.2770006122713986
0.321 -1.3202043869638285
0.322 -1.3116221872235263
0.323 -1.3085168035997912
0.324 -1.324436810665555
0.325 -1.3512761482128428
0.326 -1.196347046065322
0.327 -1.1951019619453946
0.328 -1.1628111611361327
0.329 -1.1030330763423624
0.33 -1.1581643265226171
0.331 -1.0108429720571879
0.332 -1.023174792842663
0.333 -0.9442584965779581
0.334 -0.907424517261812
0.335 -0.8818791036005358
0.336 -0.8097325700673137
0.337 -0.8755705827178212
0.338 -0.8241559502700389
0.339 -0.8825884355351277
0.34 -0.9037272345449346
0.341 -0.837592762511703
0.342 -1.0120098828930018
0.343 -0.9902022228011527
0.34400000000000003 -0.9241629546586541
0.34500000000000003 -0.9206695750530473
0.34600000000000003 -1.0486864397302726
0.34700000000000003 -0.9583023604652126
0.34800000000000003 -0.973349601245184
0.34900000000000003 -0.955607279230161
0.35000000000000003 -0.9707081881814247
0.35100000000000003 -1.0335560182882872
0.352 -1.0218917540564818
0.353 -1.0533854607384041
0.354 -0.9935525878177253
0.355 -1.0060966615735283
0.356 -1.0000744388587752
0.357 -0.9174813756670416
0.358 -0.8964661654740439
0.359 -0.9242984105288323
0.36 -0.9455309784416153
0.361 -0.9512284750502102
0.362 -1.066625623496706
0.363 -1.0686091515037233
0.364 -1.052900382773874
0.365 -0.8930492250912467
0.366 -0.8228280547244815
0.367 -0.7546813386020115
0.368 -0.8438373039383611
0.369 -0.8357699182289747
0.37 -0.9064186149583655
0.371 -1.0143839095338074
0.372 -1.0052228044473894
0.373 -0.9681545857414542
0.374 -0.9978078155780015
0.375 -1.0162516156252672
0.376 -0.9327746193184479
0.377 -0.9602792993747996
0.378 -0.870945928551178
0.379 -0.9275657618968245
0.38 -0.9891867996768817
0.381 -1.0360179912761855
0.382 -1.034937993990135
0.383 -0.9231861935103405
0.384 -0.8894056808112519
0.385 -0.8573466907363427
0.386 -0.8598244106506543
0.387 -0.84681262292448
0.388 -0.9163937075042531
0.389 -1.0437039570272115
0.39 -0.9626819581724029
0.391 -0.9148150368736351
0.392 -0.7964819809552302
0.393 -0.8176715292826691
0.394 -0.7983118672345819
0.395 -0.853958162904109
0.396 -0.872484711095456
0.397 -0.9111207755136387
0.398 -0.9376887118243329
0.399 -1.060797160640212
0.4 -1.0346611573831426
0.401 -1.0563652226099662
0.402 -1.080241369166393
0.403 -1.0061150489337394
0.404 -1.042692944727322
0.405 -1.0902721613937838
0.406 -1.1163930969745137
0.40700000000000003 -1.245419094805337
0.40800000000000003 -1.2351552225226843
0.40900000000000003 -1.1171737693766708
0.41000000000000003 -1.0692707992671624
0.41100000000000003 -1.0907060880898876
0.41200000000000003 -1.0195151727598137
0.41300000000000003 -1.0257023127151967
0.41400000000000003 -1.1177209973870563
0.41500000000000004 -1.1669802622893852
0.41600000000000004 -1.177559695367268
0.417 -1.1356159246280548
0.418 -1.1032637268043723
0.419 -1.139490693345634
0.42 -1.1271195117932742
0.421 -1.106231767719663
0.422 -1.158188984450457
0.423 -1.1485104452645396
0.424 -1.181140313141051
0.425 -1.0991601411389718
0.426 -1.1452217167838432
0.427 -1.0639889016550372
0.428 -1.0159528278184526
0.429 -1.0524057245512235
0.43 -1.0265616833946645
0.431 -1.0876262793849476
0.432 -1.0531774216665333
0.433 -1.1510108979306144
0.434 -1.1457610204657587
0.435 -1.0864310533653003
0.436 -1.0417245039368332
0.437 -1.1653335383017358
0.438 -1.09098231115502
0.439 -1.002565228487281
0.44 -0.9543967066726333
0.441 -1.026881862293069
0.442 -0.9663729072324481
0.443 -0.9546402189413642
0.444 -0.7969516356466838
0.445 -0.8334504845779901
0.446 -0.754509114780676
0.447 -0.6616837157717537
0.448 -0.6522667025365548
0.449 -0.6808824979373921
0.45 -0.5950478318899723
0.451 -0.5370926884915475
0.452 -0.605728418255616
0.453 -0.607985273022213
0.454 -0.49794991041499714
0.455 -0.41945648637433297
0.456 -0.39522103476693976
0.457 -0.4299921377957709
0.458 -0.4078115958307767
0.459 -0.39413462565445156
0.46 -0.5123182528906929
0.461 -0.6176436616079338
0.462 -0.6254715983307111
0.463 -0.6783727726634873
0.464 -0.8003275162483994
0.465 -0.8308942753631152
0.466 -0.8069205712556344
0.467 -0.8026867469545776
0.468 -0.8135165654246159
0.46900000000000003 -0.8573600414415675
0.47000000000000003 -0.9485668693830045
0.47100000000000003 -0.9376698960202451
0.47200000000000003 -0.9532699657852154
0.47300000000000003 -0.9010076119622477
0.47400000000000003 -0.849318901105383
0.47500000000000003 -0.8097163544587895
0.47600000000000003 -0.8031291557121211
0.47700000000000004 -0.8741826742104842
0.47800000000000004 -0.8611090878947002
0.47900000000000004 -0.9308587994997832
0.48 -0.947209840201185
0.481 -0.9459690949019801
0.482 -0.8974529272018972
0.483 -0.84337776422188
0.484 -0.7379139156491767
0.485 -0.6651298591299756
0.486 -0.7133238172080966
0.487 -0.6693171123929114
0.488 -0.6502000092079273
0.489 -0.7823922104578148
0.49 -0.6523367601830621
0.491 -0.6275431263424541
0.492 -0.5080341694045551
0.493 -0.40527548888083287
0.494 -0.41889215159059606
0.495 -0.465936414750101
0.496 -0.476482865685223
0.497 -0.39140232851803425
0.498 -0.4172393314536063
0.499 -0.47576846145168133
0.5 -0.5204461347208637
0.501 -0.6348669366639049
0.502 -0.65513628254261
0.503 -0.6065958313647107
0.504 -0.5793724829122224
0.505 -0.6645688509188141
0.506 -0.6972927851441072
0.507 -0.6737278315879555
0.508 -0.7129230372312325
0.509 -0.6650494171710888
0.51 -0.5931957420182037
0.511 -0.7044461352094069
0.512 -0.7681410223636239
0.513 -0.70268236623085
0.514 -0.7852085275140606
0.515 -0.769919013990361
0.516 -0.7561015369534946
0.517 -0.7238892628718324
0.518 -0.6531682532379123
0.519 -0.7083958482255449
0.52 -0.7750727728440423
0.521 -0.7542313297721457
0.522 -0.7766285080851463
0.523 -0.7802729941904334
0.524 -0.6904079420451398
0.525 -0.6776901455541101
0.526 -0.6038933263275692
0.527 -0.6361167364159744
0.528 -0.718611201869915
0.529 -0.8276520739957378
0.53 -0.8307964875741064
0.531 -0.7643092443727634
0.532 -0.784913247902132
0.533 -0.718250470286013
0.534 -0.6679127098234133
0.535 -0.705475576147401
0.536 -0.692979630915882
0.537 -0.6448502342545174
0.538 -0.6954169127451242
0.539 -0.6306074615717269
0.54 -0.6203638639239111
0.541 -0.5723317048149318
0.542 -0.5895379550200056
0.543 -0.6113670247622457
0.544 -0.5461251972295924
0.545 -0.5268962316712071
0.546 -0.4791010881695286
0.547 -0.5701501321158148
0.548 -0.7098482236274153
0.549 -0.7947189369110954
0.55 -0.7948995410439521
0.551 -0.8710000201717747
0.552 -0.9693735010741967
0.553 -0.982462523467255
0.554 -0.9585267585626798
0.555 -0.981610138665784
0.556 -0.955667099314427
0.557 -0.9191072323550449
0.558 -0.995024193239512
0.559 -0.9505778829426933
0.56 -1.0091135374051166
0.561 -1.0086107325113363
0.562 -0.9162068547145846
0.5630000000000001 -0.8901413241600111
0.5640000000000001 -0.8821916394767753
0.5650000000000001 -0.9278699420050635
0.5660000000000001 -0.8610441595276347
0.5670000000000001 -0.7794946975268502
0.5680000000000001 -0.7713695549380442
0.5690000000000001 -0.7744733094020521
0.5700000000000001 -0.8638182849675228
0.5710000000000001 -0.8788283211634268
0.5720000000000001 -0.8820363144175632
0.5730000000000001 -0.8582625508584805
0.5740000000000001 -0.8003176337230846
0.5750000000000001 -0.8130549412406644
0.5760000000000001 -0.7793269183783853
0.577 -0.7212265948009051
0.578 -0.812190095615465
0.579 -0.671842084661987
0.58 -0.6918923768296033
0.581 -0.7257534461484657
0.582 -0.6856327717115815
0.583 -0.6996793303723706
0.584 -0.809912302351049
0.585 -0.8941769855320026
0.586 -0.856248739182851
0.587 -0.7726380299474376
0.588 -0.7343294882317732
0.589 -0.7267113024412103
0.59 -0.7698495060480188
0.591 -0.7532010939473864
0.592 -0.7048536245164251
0.593 -0.6140030287603758
0.594 -0.5723639375326217
0.595 -0.681297117203487
0.596 -0.6586494996818937
0.597 -0.7046625849113696
0.598 -0.6621695484966608
0.599 -0.690788252767396
0.6 -0.7350113425311746
0.601 -0.757800102169428
0.602 -0.8838522578884841
0.603 -0.9077217876978857
0.604 -0.8613453960048626
0.605 -0.835668353236662
0.606 -0.905882859007686
0.607 -0.8697826761517595
0.608 -0.8770735472272991
0.609 -0.8468580965018335
0.61 -0.8961101105426367
0.611 -0.9411296600750199
0.612 -0.9842601249098849
0.613 -0.9805484498402588
0.614 -1.0561989553896889
0.615 -1.1031097989638439
0.616 -1.1433010851419527
0.617 -1.271625432688916
0.618 -1.276523880333079
0.619 -1.2738508621155675
0.62 -1.1379964977285726
0.621 -1.1192474432633486
0.622 -1.0836676964838894
0.623 -1.0888337899690803
0.624 -1.0747717190217487
0.625 -1.063425617933399
0.626 -1.0673901226625746
0.627 -1.0940903607397738
0.628 -1.1441481182606665
0.629 -1.065353481864437
0.63 -1.1051570972354254
0.631 -1.1766442817452278
0.632 -1.153987833562573
0.633 -1.1896711315897326
0.634 -1.225735839158495
0.635 -1.2288690885376445
0.636 -1.1367357417416446
0.637 -1.1346324807951231
0.638 -1.309793316275024
0.639 -1.3612091067595495
0.64 -1.3981142341052892
0.641 -1.391706804205308
0.642 -1.4803179019244146
0.643 -1.4719231726563837
0.644 -1.5320126067411695
0.645 -1.5841645563150932
0.646 -1.5750581377515709
0.647 -1.4883882325151299
0.648 -1.4398709952778384
0.649 -1.4422087698286326
0.65 -1.4971461551846417
0.651 -1.5443824701043167
0.652 -1.5234222082623892
0.653 -1.6070963913589214
0.654 -1.6240889029805718
0.655 -1.630263522851081
0.656 -1.6246271300112767
0.657 -1.5021835895773294
0.658 -1.517474351104962
0.659 -1.5660147910514761
0.66 -1.5463455202320775
0.661 -1.573658019577658
0.662 -1.5751605846955774
0.663 -1.5403093673364743
0.664 -1.434952390194598
0.665 -1.295328659836699
0.666 -1.0938062670781528
0.667 -1.1289911463831372
0.668 -1.162294682968743
0.669 -1.2023682456459428
0.67 -1.2651869575248564
0.671 -1.2923293617741298
0.672 -1.2276996235712934
0.673 -1.2109328480904946
0.674 -1.2652392584920158
0.675 -1.3674938897138411
0.676 -1.3266181140614102
0.677 -1.3406978781848018
0.678 -1.353344937910621
0.679 -1.2803534292596248
0.68 -1.1246813588773468
0.681 -1.084177785899223
0.682 -1.0471154992305003
0.683 -1.081999840610241
0.684 -1.0853642662510434
0.685 -0.9715631240890055
0.686 -0.9618579290982232
0.687 -0.8770255741640586
0.6880000000000001 -0.831701024109502
0.6890000000000001 -0.8393671856736515
0.6900000000000001 -0.8537833840540464
0.6910000000000001 -0.8014102533830847
0.6920000000000001 -0.7694719661403886
0.6930000000000001 -0.755628066424932
0.6940000000000001 -0.6859745600156542
0.6950000000000001 -0.7511982630949804
0.6960000000000001 -0.8060635800739439
0.6970000000000001 -0.6905487593864044
0.6980000000000001 -0.5796973823842099
0.6990000000000001 -0.6644779909629573
0.7000000000000001 -0.6204097804750168
0.7010000000000001 -0.636323763217445
0.7020000000000001 -0.6641662530318847
0.7030000000000001 -0.7410996417431939
0.704 -0.7344979711171017
0.705 -0.7025559004178255
0.706 -0.641745999641451
0.707 -0.6559015620684561
0.708 -0.7515915177045255
0.709 -0.8417568744950544
0.71 -0.7571630514891918
0.711 -0.6686683682197282
0.712 -0.6808235678733309
0.713 -0.624372165685149
0.714 -0.6449920943609793
0.715 -0.5575958475824406
0.716 -0.5920726494339357
0.717 -0.7173069602748525
0.718 -0.7923922251506702
0.719 -0.8288328710167044
0.72 -0.8179549050799021
0.721 -0.8208065099213491
0.722 -0.7099799568714421
0.723 -0.7428430361670937
0.724 -0.7742092713939137
0.725 -0.8092232751421348
0.726 -0.8050218750168776
0.727 -0.7963297543176632
0.728 -0.8093244855669725
0.729 -0.80086408632312
0.73 -0.8142887313695872
0.731 -0.8623449870944997
0.732 -0.9087560312407382
0.733 -0.8707519691458783
0.734 -0.8106088958462354
0.735 -0.7458444712693308
0.736 -0.7364377561678921
0.737 -0.8414245299798249
0.738 -0.7628124071050694
0.739 -0.6592197350535522
0.74 -0.6830472013519601
0.741 -0.7482964575492932
0.742 -0.7482787983128224
0.743 -0.6759786711940071
0.744 -0.6398687103661878
0.745 -0.7130211114909718
0.746 -0.6860628386764297
0.747 -0.7158793204514851
0.748 -0.8057983240975574
0.749 -0.870048519257944
0.75 -0.8662672941946093
0.751 -0.990338641607588
0.752 -1.0738848143350048
0.753 -1.140825995407356
0.754 -1.2096455358969893
0.755 -1.2696703409639707
0.756 -1.2588427278585614
0.757 -1.261625207722069
0.758 -1.2364660104821512
0.759 -1.3219538236238293
0.76 -1.4072187024535838
0.761 -1.525997691045496
0.762 -1.5864800714357803
0.763 -1.618180370152116
0.764 -1.690122864991207
0.765 -1.7212433044318152
0.766 -1.7318458917372828
0.767 -1.7168095457298571
0.768 -1.7233903715050796
0.769 -1.6723848883792796
0.77 -1.6274202894866439
0.771 -1.5775955746681178
0.772 -1.5300429423922488
0.773 -1.5396547437301435
0.774 -1.5255842745127735
0.775 -1.4861046538573628
0.776 -1.4995433176097521
0.777 -1.5791340170980694
0.778 -1.548762640588426
0.779 -1.6146606584708882
0.78 -1.6378113670920393
0.781 -1.6398162877751525
0.782 -1.6331623960119732
0.783 -1.6858918486402992
0.784 -1.717022979307571
0.785 -1.704348970407903
0.786 -1.7460589904961954
0.787 -1.587526806591539
0.788 -1.614278214692157
0.789 -1.6837677664495725
0.79 -1.6745805648043668
0.791 -1.679998274745001
0.792 -1.7388627198974675
0.793 -1.7329394056829859
0.794 -1.5841783407582513
0.795 -1.615454105386462
0.796 -1.6586089862620066
0.797 -1.713593279348164
0.798 -1.7137096167122412
0.799 -1.7093795381161292
0.8 -1.7725977947328733
0.801 -1.7759909525093647
0.802 -1.8143326454428306
0.803 -1.6976954373377813
0.804 -1.6856821007770704
0.805 -1.6652799243356429
0.806 -1.704985638113763
0.807 -1.767257389852624
0.808 -1.6662947914034476
0.809 -1.6922075258816263
0.81 -1.6665199215524822
0.811 -1.675693985103824
0.812 -1.642412099932671
0.8130000000000001 -1.5735481461493386
0.8140000000000001 -1.5632172903324617
0.8150000000000001 -1.450290670114416
0.8160000000000001 -1.3871442242000118
0.8170000000000001 -1.363192336823934
0.8180000000000001 -1.3204275993903356
0.8190000000000001 -1.2263725971238588
0.8200000000000001 -1.3069444012675038
0.8210000000000001 -1.2529736278239247
0.8220000000000001 -1.1238514050840234
0.8230000000000001 -1.1559719639489578
0.8240000000000001 -1.2222315213687411
0.8250000000000001 -1.2417745322807128
0.8260000000000001 -1.185890774251052
0.8270000000000001 -1.0942120026189572
0.8280000000000001 -1.0663183702660934
0.8290000000000001 -0.9706519345199777
0.8300000000000001 -0.8979484657694545
0.8310000000000001 -0.7999630112774969
0.8320000000000001 -0.8936353565828747
0.833 -1.0001688569126999
0.834 -0.9910509491607027
0.835 -0.9515198378049416
0.836 -0.8363579672613823
0.837 -0.7623054666797489
0.838 -0.8031338039128698
0.839 -0.7716839330506092
0.84 -0.8359245277221276
0.841 -0.7240760918857972
0.842 -0.700108246191817
0.843 -0.6276894999206227
0.844 -0.5203010808174728
0.845 -0.42587815898060755
0.846 -0.5000291982050071
0.847 -0.4988505624155935
0.848 -0.6210759308256315
0.849 -0.5206862615419072
0.85 -0.5370320478277342
0.851 -0.5371444237854206
0.852 -0.4730297715576437
0.853 -0.507736988181651
0.854 -0.5630303409324361
0.855 -0.629270607609184
0.856 -0.5631638175986539
0.857 -0.6061407103883036
0.858 -0.5938503794819896
0.859 -0.5991235312341718
0.86 -0.6313256094140638
0.861 -0.6495642168000735
0.862 -0.6596593076593682
0.863 -0.5972872554671722
0.864 -0.5302123172861328
0.865 -0.5106296721846683
0.866 -0.45227799473334834
0.867 -0.47679229775350696
0.868 -0.5524048449658154
0.869 -0.5277287301721539
0.87 -0.5797821809024313
0.871 -0.5104182732571667
0.872 -0.3985407588010295
0.873 -0.4058045073819366
0.874 -0.29049461803560434
0.875 -0.17260005333476897
0.876 -0.18768345936969674
0.877 -0.11158120226830053
0.878 -0.17881977296510915
0.879 -0.2185021246101208
0.88 -0.18188628011303062
0.881 -0.1727064231872031
0.882 -0.17396618032966069
0.883 -0.20845669773964248
0.884 -0.2906014489421216
0.885 -0.31628950924759186
0.886 -0.33358793325086566
0.887 -0.3632384127144091
0.888 -0.3455142779072446
0.889 -0.437083299357655
0.89 -0.4273070664329892
0.891 -0.3296160465425595
0.892 -0.3632405021837772
0.893 -0.30439269788069245
0.894 -0.2634176648044984
0.895 -0.32577201279944434
0.896 -0.3216803020576788
0.897 -0.2725227549975062
0.898 -0.23202542605758814
0.899 -0.27374948613280164
0.9 -0.23122492686775736
0.901 -0.2262946248594751
0.902 -0.2754289857710349
0.903 -0.22557131203639263
0.904 -0.17611554740215501
0.905 -0.1438214399905826
0.906 -0.1772517967939975
0.907 -0.15741529309164518
0.908 -0.214230252160864
0.909 -0.32154719170659074
0.91 -0.25649380747927675
0.911 -0.15676082311548845
0.912 -0.16270455006489845
0.913 -0.19275839396020208
0.914 -0.25896004152936475
0.915 -0.16962919724366898
0.916 -0.1357640244671319
0.917 -0.13330513717607217
0.918 -0.11441035972056984
0.919 -0.04193612861657918
0.92 -0.19288883881797764
0.921 -0.1523913734462991
0.922 -0.10797042984469987
0.923 -0.23908821824588922
0.924 -0.24771890695409646
0.925 -0.17631437664942382
0.926 -0.21766255881617694
0.927 -0.3341296810344244
0.928 -0.31157915816886156
0.929 -0.2502978330244271
0.93 -0.2646529411340315
0.931 -0.22844265626553034
0.932 -0.3787842913143542
0.933 -0.27538311589660397
0.934 -0.24360302295054032
0.935 -0.27970005919703084
0.936 -0.14777340328387273
0.937 -0.19924341673985685
0.9380000000000001 -0.10259887069929394
0.9390000000000001 -0.05200603445773844
0.9400000000000001 -0.08881979348333352
0.9410000000000001 -0.02219710724291453
0.9420000000000001 -0.002038474325868681
0.9430000000000001 -0.08938620027555297
0.9440000000000001 -0.12313277078582413
0.9450000000000001 -0.17370454948839878
0.9460000000000001 -0.11500242581744259
0.9470000000000001 0.001157056953693933
0.9480000000000001 -0.016702459497201824
0.9490000000000001 0.04777910374078194
0.9500000000000001 -0.002571242245824251
0.9510000000000001 -0.009360611824692089
0.9520000000000001 0.005462516207887857
0.9530000000000001 -0.05885790177803278
0.9540000000000001 -0.032089816511484306
0.9550000000000001 -0.08975388524410127
0.9560000000000001 -0.19067326014766464
0.9570000000000001 -0.2314488969883945
0.9580000000000001 -0.2741576005718762
0.9590000000000001 -0.2668885936052639
0.96 -0.245874946046517
0.961 -0.17941432535169238
0.962 -0.19973646321019428
0.963 -0.16669584899582437
0.964 -0.13351853244696166
0.965 -0.1401360615226606
0.966 -0.13027987491240048
0.967 -0.04253422178838023
0.968 0.024826284427865497
0.969 0.05393886247251935
0.97 -0.029815770762091437
0.971 -0.012076179407736882
0.972 -0.004485781880238297
0.973 -0.035321971284317924
0.974 0.050886430268540714
0.975 0.13019845661987636
0.976 0.1996892080881871
0.977 0.1980034156594663
0.978 0.12678362314352642
0.979 0.17903026405050132
0.98 0.2665488562749935
0.981 0.27337283127550355
0.982 0.1861280359778787
0.983 0.21229011357399674
0.984 0.24406706376056042
0.985 0.3090623263444928
0.986 0.3123947963471664
0.987 0.3986155914298032
0.988 0.3196723088831852
0.989 0.2359821295102522
0.99 0.29921172668809737
0.991 0.31030715189186675
0.992 0.24572584645615753
0.993 0.27247075202528703
0.994 0.26169047317184874
0.995 0.2965517486846757
0.996 0.28273398933128735
0.997 0.34252105805064564
0.998 0.29676000540214287
0.999 0.22361839744166137
1.0 0.18052147338392352
1.0010000000000001 -0.4052523011326492
1.002 -1.1186264090114184
1.0030000000000001 -1.6986097745530568
1.004 -2.316791510525701
1.0050000000000001 -2.8565964140022433
1.006 -3.3714743896412958
1.0070000000000001 -3.9069248225538127
1.008 -4.442667452901
1.0090000000000001 -4.926584201083822
1.01 -5.354985392786629
1.0110000000000001 -5.8126632197390995
1.012 -6.1391028974056425
1.0130000000000001 -6.498077057529889
1.014 -6.735661058601127
1.0150000000000001 -7.028905342179711
1.016 -7.27956068237282
1.0170000000000001 -7.524512654099341
1.018 -7.769297327466465
1.0190000000000001 -8.019876004802898
1.02 -8.187217588445465
1.0210000000000001 -8.378910422524596
1.022 -8.5653292666751
1.0230000000000001 -8.752432588282272
1.024 -8.85864107991966
1.025 -8.966800593018911
1.026 -8.890101983007854
1.027 -8.853089235477855
1.028 -8.890141966869201
1.029 -8.834936864013567
1.03 -8.708872468836262
1.031 -8.73528751624031
1.032 -8.642176145807102
1.033 -8.533921342785368
1.034 -8.473596937396579
1.035 -8.37167047530313
1.036 -8.223791855787965
1.037 -8.130967273051441
1.038 -8.022446063835499
1.039 -8.028910211530839
1.04 -7.944399403681879
1.041 -7.758572466649005
1.042 -7.567931894906637
1.043 -7.434743338734738
1.044 -7.313855458164895
1.045 -7.100820939361996
1.046 -6.885050890134132
1.047 -6.657480125306462
1.048 -6.425405976709219
1.049 -6.136741566173732
1.05 -5.960652476217832
1.051 -5.733984754236064
1.052 -5.50173825082403
1.053 -5.211761219060556
1.054 -5.027907498483082
1.055 -4.7856670206736185
1.056 -4.630059291233889
1.057 -4.329800304851868
1.058 -4.062283537931331
1.059 -3.7817560542300237
1.06 -3.4638245305267383
1.061 -2.979838581150136
1.062 -2.6726103994389043
1.063 -2.2982030490143868
1.064 -1.905539298935662
1.065 -1.657352173102491
1.066 -1.3769920737846753
1.067 -1.0376067402897753
1.068 -0.7218229657734531
1.069 -0.3903330855006102
1.07 -0.16905732912291396
1.071 0.09485032621695683
1.072 0.4735457208085972
1.073 0.6759663391314026
1.074 1.0625891835599544
1.075 1.3872083110847346
1.076 1.5714628416082088
1.077 1.8807164605997961
1.078 2.054025918795983
1.079 2.347404754578631
1.08 2.586337233220477
1.081 2.805972505858672
1.082 2.9526590302237685
1.083 3.223591148845179
1.084 3.350463476569378
1.085 3.498512334085731
1.086 3.6297564748495286
1.087 3.7811424290619944
1.088 3.9639169495750584
1.089 4.127409145260411
1.09 4.225305200179875
1.091 4.434602604271319
1.092 4.625119670673854
1.093 4.536808917682334
1.094 4.624524090501033
1.095 4.799627798437574
1.096 4.9602577692545085
1.097 4.918376898860321
1.098 4.980397736847693
1.099 4.9866919917055625
1.1 5.097759890226274
1.101 5.109418478302164
1.102 5.19284412109366
1.103 5.099598526322619
1.104 5.102455647380655
1.105 5.095472121990375
1.106 5.070081652922867
1.107 5.031007072687833
1.108 5.008888184016904
1.109 4.934598370674194
1.11 4.809586426987211
1.111 4.752387782696334
1.112 4.684638004180631
1.113 4.514606788013001
1.114 4.350537954125081
1.115 4.312030674201149
1.116 4.180339903014986
1.117 4.138692271905338
1.118 3.9698892162602823
1.119 3.8599184267633997
1.12 3.6958198017874517
1.121 3.508782855491381
1.122 3.4417628726888085
1.123 3.300510544649125
1.124 3.1811950310358146
1.125 3.0535598237592563
1.1260000000000001 2.9062833555204772
1.127 2.8250115619918503
1.1280000000000001 2.746636108801278
1.129 2.6239367873800146
1.1300000000000001 2.407707743689439
1.131 2.2397745073772932
1.1320000000000001 2.088542165795563
1.133 1.9673279828417585
1.1340000000000001 1.751836861939498
1.135 1.6005286869848576
1.1360000000000001 1.4663366041745387
1.137 1.2157555765238373
1.1380000000000001 1.0839687332910395
1.139 0.947310330865161
1.1400000000000001 0.8083162939464875
1.141 0.588553796206873
1.1420000000000001 0.33984806231307363
1.143 0.12549611457094156
1.1440000000000001 0.03463874760744412
1.145 -0.21602848323381385
1.1460000000000001 -0.44996597983060843
1.147 -0.6594322535821249
1.1480000000000001 -0.8303110199636228
1.149 -1.043990138464686
1.1500000000000001 -1.161028229748941
1.151 -1.3307664970628292
1.1520000000000001 -1.5422724361180815
1.153 -1.7051867837685302
1.154 -1.782918828436237
1.155 -1.9072659371810077
1.156 -2.000038638845633
1.157 -2.15529142151149
1.158 -2.245770825152853
1.159 -2.2870552879024433
1.16 -2.3898372150313825
1.161 -2.5093340443869274
1.162 -2.624504726016513
1.163 -2.7072233489285007
1.164 -2.8948425234836144
1.165 -2.957562738811853
1.166 -3.0018169191860977
1.167 -3.02960644286463
1.168 -3.15306360467059
1.169 -3.2462821037565126
1.17 -3.251193878513169
1.171 -3.406763010971824
1.172 -3.4910232505597714
1.173 -3.560365838767205
1.174 -3.7422383478684806
1.175 -3.8878088860897657
1.176 -3.9758944254239292
1.177 -3.9954265338073434
1.178 -4.136537280985767
1.179 -4.089775147142532
1.18 -4.146629641788717
1.181 -4.18711910756749
1.182 -4.163125941422871
1.183 -4.280965349958642
1.184 -4.293378372265172
1.185 -4.228614832811373
1.186 -4.164003193528541
1.187 -4.247474288249051
1.188 -4.258251533240956
1.189 -4.2667911810602765
1.19 -4.369705261541785
1.191 -4.318469987343549
1.192 -4.1811561093119
1.193 -4.171213331636705
1.194 -4.170947816023776
1.195 -4.1303099212494105
1.196 -4.068776972019749
1.197 -3.951080114831869
1.198 -3.9851685039896987
1.199 -3.9527725849190594
1.2 -3.877074661457892
1.201 -3.768643979431858
1.202 -3.689197822876562
1.203 -3.68260476493958
1.204 -3.6146101001187114
1.205 -3.487892213234859
1.206 -3.453616785883077
1.207 -3.4200285580561642
1.208 -3.338680396546584
1.209 -3.3652731875031963
1.21 -3.3739620714580587
1.211 -3.3413150420679383
1.212 -3.335799671928496
1.213 -3.257825056912338
1.214 -3.1986974224112625
1.215 -3.149855484068897
1.216 -3.065598837567744
1.217 -2.992563077717352
1.218 -2.997950666397254
1.219 -2.9095765747340554
1.22 -2.9524048452082114
1.221 -2.938164544549262
1.222 -2.8802052083848784
1.223 -2.8571953457345214
1.224 -2.753906328421241
1.225 -2.6416428778572283
1.226 -2.6435750264708315
1.227 -2.523039745320179
1.228 -2.401860525321291
1.229 -2.3289411361264083
1.23 -2.170627778796991
1.231 -2.1720283824393283
1.232 -2.167847273078079
1.233 -2.110947181332983
1.234 -2.0444815931474056
1.235 -2.011996719480251
1.236 -1.9548696826290288
1.237 -1.9985724205340467
1.238 -1.96144588178081
1.239 -1.830129885626937
1.24 -1.7823544034733978
1.241 -1.7741193828763
1.242 -1.7612204130790907
1.243 -1.796554362513283
1.244 -1.804809199971523
1.245 -1.7378347425021965
1.246 -1.7271348531297241
1.247 -1.6115000109151825
1.248 -1.677322438104203
1.249 -1.5617387694015663
1.25 -1.5218833211654723
1.2510000000000001 -1.5036297737256037
1.252 -1.5416355836249722
1.2530000000000001 -1.4619492532082856
1.254 -1.4601206110826719
1.2550000000000001 -1.4639849037700112
1.256 -1.3095771871578514
1.2570000000000001 -1.128004534427089
1.258 -1.0515783208594647
1.2590000000000001 -1.0411622784113481
1.26 -1.0807229027364897
1.2610000000000001 -1.0597083444433013
1.262 -1.0399088961512666
1.2630000000000001 -1.0338598242253128
1.264 -0.8769389306475279
1.2650000000000001 -0.8981605346488319
1.266 -0.7808754810460856
1.2670000000000001 -0.8404680332456314
1.268 -0.7911302757571897
1.2690000000000001 -0.7257603707743325
1.27 -0.7173900697775251
1.2710000000000001 -0.6773144672040983
1.272 -0.6630802955918242
1.2730000000000001 -0.5923688535392397
1.274 -0.5747335329192232
1.2750000000000001 -0.6517638425350232
1.276 -0.6154119400336334
1.2770000000000001 -0.57474851365346
1.278 -0.49908143434676777
1.2790000000000001 -0.48389499907835154
1.28 -0.4859595468465349
1.281 -0.4901757479908574
1.282 -0.5754577151752527
1.283 -0.5695283485990292
1.284 -0.5704733887969489
1.285 -0.4568287344553512
1.286 -0.4006766518712268
1.287 -0.3886039813459429
1.288 -0.40945664204863064
1.289 -0.3904195234162633
1.29 -0.35922555773552556
1.291 -0.344122196788448
1.292 -0.35753428926694464
1.293 -0.21227897304241583
1.294 -0.26640871097867813
1.295 -0.23218891452645643
1.296 -0.3130461268390669
1.297 -0.40004456235037433
1.298 -0.38054227022946513
1.299 -0.44626797273536345
1.3 -0.45940718135693304
1.301 -0.4235227941580231
1.302 -0.419167249766542
1.303 -0.4469857443867857
1.304 -0.37102725981691864
1.305 -0.43431405851732563
1.306 -0.42312692674478725
1.307 -0.45226256985196933
1.308 -0.3661194092605941
1.309 -0.4232994136506652
1.31 -0.44334637479150507
1.311 -0.4060219024333053
1.312 -0.5001234893268671
1.313 -0.4158850037144815
1.314 -0.5339939925704891
1.315 -0.4925899862724251
1.316 -0.46129770817128635
1.317 -0.4154305255178824
1.318 -0.32142391212431076
1.319 -0.2255920392403887
1.32 -0.2619724774099405
1.321 -0.380838681549327
1.322 -0.43374888636934605
1.323 -0.49152033614944834
1.324 -0.4092037716258089
1.325 -0.3823402779481767
1.326 -0.433149571290079
1.327 -0.4936884691086214
1.328 -0.5161603494612601
1.329 -0.5372321222157238
1.33 -0.48874579961934717
1.331 -0.5909269207418947
1.332 -0.636433218716423
1.333 -0.630232776252426
1.334 -0.5170660966939562
1.335 -0.5558266831909845
1.336 -0.5556203524087
1.337 -0.5474449001269776
1.338 -0.6206930893667633
1.339 -0.6950395484645935
1.34 -0.5954073889512983
1.341 -0.5716548543980347
1.342 -0.6585133871393078
1.343 -0.7573740663560684
1.344 -0.8006433644452917
1.345 -0.8294440924008474
1.346 -0.8581983030179112
1.347 -0.8839193283948008
1.348 -0.9619341346968577
1.349 -0.9279451479047265
1.35 -0.9894076642424872
1.351 -0.9824826729794707
1.352 -1.1246833711685738
1.353 -1.2634448695342468
1.354 -1.347327054975041
1.355 -1.362846501363854
1.356 -1.336161378660393
1.357 -1.408442965031043
1.358 -1.344596285973077
1.359 -1.3140368734442704
1.36 -1.3111006128344402
1.361 -1.4203489616965794
1.362 -1.5300007156299467
1.363 -1.4745104308293584
1.364 -1.4496454517545627
1.365 -1.5696143146838537
1.366 -1.5649507004236967
1.367 -1.6221546221441698
1.368 -1.7863595720501346
1.369 -1.7087961475456663
1.37 -1.700604611602984
1.371 -1.7446205316512233
1.372 -1.593248937636997
1.373 -1.6052674788270576
1.374 -1.5831986552142117
1.375 -1.7276295375338147
1.3760000000000001 -1.628352471473387
1.377 -1.7420080538968152
1.3780000000000001 -1.74609841248176
1.379 -1.697756272638888
1.3800000000000001 -1.6395718137372906
1.381 -1.607118921167457
1.3820000000000001 -1.6743453467844975
1.383 -1.834207926415379
1.3840000000000001 -1.8260065947967887
1.385 -1.9243795577088287
1.3860000000000001 -2.0317061698660623
1.387 -2.039032774671651
1.3880000000000001 -2.130929371072713
1.389 -2.2429336579394867
1.3900000000000001 -2.2340966116342074
1.391 -2.2976642612673785
1.3920000000000001 -2.378805494909687
1.393 -2.378007593066915
1.3940000000000001 -2.496058948021465
1.395 -2.588811575205801
1.3960000000000001 -2.550071003251489
1.397 -2.620207564262041
1.3980000000000001 -2.557600296175274
1.399 -2.591617556165052
1.4000000000000001 -2.7010733679469627
1.401 -2.821902064416946
1.4020000000000001 -2.8472421597500395
1.403 -2.8781137056318444
1.4040000000000001 -2.974158030228888
1.405 -3.0058519582174923
1.4060000000000001 -3.0432889563738277
1.407 -2.9485934207399382
1.408 -3.0868163592937856
1.409 -3.1042154863195695
1.41 -3.1458866117429762
1.411 -3.0623439003630306
1.412 -3.1433410881056094
1.413 -3.237312522280464
1.414 -3.2366680850433793
1.415 -3.330390525803899
1.416 -3.391813068145853
1.417 -3.288635600000576
1.418 -3.3475848679595
1.419 -3.434435757958405
1.42 -3.470085068917683
1.421 -3.4739883630069324
1.422 -3.506204394963152
1.423 -3.49549918875183
1.424 -3.5128884195316927
1.425 -3.62900565975409
1.426 -3.6450249588697625
1.427 -3.5441540330908934
1.428 -3.4954283321583173
1.429 -3.6027553095672102
1.43 -3.65392615602124
1.431 -3.64273409553287
1.432 -3.6681862046999822
1.433 -3.654797155959121
1.434 -3.762973389986218
1.435 -3.8023071037287486
1.436 -3.879066980060527
1.437 -3.9893353270983085
1.438 -3.8857507694016653
1.439 -3.901510951986123
1.44 -3.9970119099982693
1.441 -4.036929933041851
1.442 -4.156545381466373
1.443 -4.2072330372760876
1.444 -4.192217982857528
1.445 -4.305775405448333
1.446 -4.249609735534837
1.447 -4.336343616487598
1.448 -4.425998013898521
1.449 -4.607081409231409
1.45 -4.762582183478459
1.451 -4.7822658718247295
1.452 -4.961281113519671
1.453 -5.074332691724678
1.454 -5.152608450824044
1.455 -5.162066627649972
1.456 -5.331166858271427
1.457 -5.39993056919647
1.458 -5.3474780983931725
1.459 -5.2794416747619195
1.46 -5.352958670372283
1.461 -5.365971203249204
1.462 -5.356025918055854
1.463 -5.3817078258603095
1.464 -5.330537115585345
1.465 -5.4267902536407995
1.466 -5.611270937806447
1.467 -5.777988647011107
1.468 -5.820229560730396
1.469 -5.882886601526361
1.47 -5.934868856872529
1.471 -5.967624767266601
1.472 -6.092947006473249
1.473 -6.123838241178484
1.474 -6.152674632269541
1.475 -6.118368690680029
1.476 -6.193915819007942
1.477 -6.223938710315672
1.478 -6.133041943646521
1.479 -6.123240813208267
1.48 -5.977409951333166
1.481 -5.934734301617364
1.482 -5.927082849706857
1.483 -5.964394489335636
1.484 -5.958010312195659
1.485 -6.035146148005583
1.486 -6.079633798305721
1.487 -5.975257541629595
1.488 -6.028160160551284
1.489 -6.028611153171292
1.49 -6.065968858417201
1.491 -6.1022323466545565
1.492 -6.044250888485416
1.493 -6.043427122158876
1.494 -6.086648103587597
1.495 -6.060563159045434
1.496 -6.168215714605289
1.497 -6.105425183279182
1.498 -6.124509457007755
1.499 -6.1582023697120665
1.5 -6.248507727175414
1.5010000000000001 -6.3272293811288565
1.502 -6.357434779827978
1.5030000000000001 -6.135096838845131
1.504 -6.251743040001753
1.5050000000000001 -6.211282292566505
1.506 -6.313638683094541
1.5070000000000001 -6.353979086738259
1.508 -6.4335444332800025
1.5090000000000001 -6.471033588523578
1.51 -6.527899622117168
1.5110000000000001 -6.6640783776247865
1.512 -6.713832517767994
1.5130000000000001 -6.6774100647321735
1.514 -6.658301978469229
1.5150000000000001 -6.704100567674268
1.516 -6.72367594323078
1.5170000000000001 -6.763000223745687
1.518 -6.855663139350726
1.5190000000000001 -6.768869153211577
1.52 -6.748376444028982
1.5210000000000001 -6.829575375416221
1.522 -6.889404197978764
1.5230000000000001 -6.816290700471911
1.524 -6.914076801651824
1.5250000000000001 -6.898517562020501
1.526 -6.966671744824335
1.5270000000000001 -6.983832200346024
1.528 -7.062951109810129
1.5290000000000001 -7.00765454831463
1.53 -7.044857349268185
1.5310000000000001 -6.98180922571994
1.532 -6.977525875524059
1.5330000000000001 -7.012705292181686
1.534 -7.010048432114368
1.5350000000000001 -7.04655021089131
1.536 -7.06201492777929
1.537 -7.05581945758457
1.538 -7.127275321352172
1.539 -7.123423682071048
1.54 -7.120468500100966
1.541 -7.0919023843508455
1.542 -7.0603525706703545
1.543 -7.02932234920465
1.544 -7.092005983089086
1.545 -7.171130762747451
1.546 -7.280090969728888
1.547 -7.347705234513741
1.548 -7.376657416243089
1.549 -7.426381460317483
1.55 -7.4443607386960355
1.551 -7.514697200425194
1.552 -7.4831377734927775
1.553 -7.435395417761243
1.554 -7.6048904803832915
1.555 -7.789861458283569
1.556 -7.856552101619277
1.557 -7.92226765911192
1.558 -7.886891623874361
1.559 -7.926031941828066
1.56 -8.033711766672132
1.561 -8.026665894518857
1.562 -8.122496192613005
1.563 -8.179383597642095
1.564 -8.205888859969875
1.565 -8.138121946709544
1.566 -8.096935346912447
1.567 -8.090324371250322
1.568 -8.08134657087827
1.569 -8.114188294056905
1.57 -8.246522867809745
1.571 -8.247321236438435
1.572 -8.279416881983103
1.573 -8.375231320133143
1.574 -8.361142582183776
1.575 -8.36125237587699
1.576 -8.496710037146821
1.577 -8.48597708059794
1.578 -8.503891511435622
1.579 -8.5618500110399
1.58 -8.577217594911106
1.581 -8.623969358859178
1.582 -8.639246473816604
1.583 -8.636174538020637
1.584 -8.666407736868592
1.585 -8.707028729369037
1.586 -8.687713574228189
1.587 -8.760325177449104
1.588 -8.748244760578581
1.589 -8.795746324023185
1.59 -8.761973514455427
1.591 -8.694945821243952
1.592 -8.70597616625236
1.593 -8.650519916229705
1.594 -8.603958506388421
1.595 -8.741921431779986
1.596 -8.807438277150476
1.597 -8.803527806460576
1.598 -8.765690923309377
1.599 -8.813684688692323
1.6 -8.761761094081916
1.601 -8.821893182324713
1.602 -8.781037071562203
1.603 -8.716244553042753
1.604 -8.698619462908022
1.605 -8.670472519780226
1.606 -8.67444753170029
1.607 -8.780011331626378
1.608 -8.773210168633828
1.609 -8.686274416411722
1.61 -8.645147461497793
1.611 -8.651331568011207
1.612 -8.692201042863855
1.613 -8.680900551390163
1.614 -8.645307300991332
1.615 -8.591470573274483
1.616 -8.559538992967871
1.617 -8.582691365734552
1.618 -8.549959404134581
1.619 -8.559281280866141
1.62 -8.386464366255517
1.621 -8.445065681454224
1.622 -8.410069068381823
1.623 -8.402331764317791
1.624 -8.307159205682977
1.625 -8.177415516624265
1.6260000000000001 -8.282236016333787
1.627 -8.25807005625972
1.6280000000000001 -8.227232941352247
1.629 -8.291059855055666
1.6300000000000001 -8.275521550722328
1.631 -8.241358263045498
1.6320000000000001 -8.266293251404043
1.633 -8.337726384804105
1.6340000000000001 -8.33399392214229
1.635 -8.269015637571451
1.6360000000000001 -8.195402670333248
1.637 -8.244279439145004
1.6380000000000001 -8.226003170074762
1.639 -8.153199323881406
1.6400000000000001 -8.065338040293245
1.641 -7.9517734287766
1.6420000000000001 -7.88552226701912
1.643 -7.912551425972225
1.6440000000000001 -7.8585921693514935
1.645 -7.67951313657339
1.6460000000000001 -7.644637635089629
1.647 -7.605791985570913
1.6480000000000001 -7.655602888896798
1.649 -7.525561287634948
1.6500000000000001 -7.52358481939505
1.651 -7.520244320168888
1.6520000000000001 -7.629868736361014
1.653 -7.662288828398073
1.6540000000000001 -7.554962457154928
1.655 -7.562323321338307
1.6560000000000001 -7.595764130705036
1.657 -7.582480289253957
1.6580000000000001 -7.6824212960203555
1.659 -7.64674031528001
1.6600000000000001 -7.480430117355885
1.661 -7.444182911607633
1.6620000000000001 -7.306229201307073
1.663 -7.284875700658988
1.6640000000000001 -7.278180159312704
1.665 -7.196333576493061
1.666 -7.225914275150334
1.667 -7.126853387242917
1.668 -7.179378532508005
1.669 -7.153554085738239
1.67 -7.147760524287686
1.671 -7.164662089394771
1.672 -7.219851946022035
1.673 -7.275390610065216
1.674 -7.218643748144837
1.675 -7.117422062022871
1.676 -7.065252893708204
1.677 -7.067329814479417
1.678 -7.0637900471820245
1.679 -7.022841715501272
1.68 -7.075035033107018
1.681 -6.9459590756289735
1.682 -6.92428376167892
1.683 -6.83034128022863
1.684 -6.800502195960247
1.685 -6.7863013531585565
1.686 -6.787762014915888
1.687 -6.732375564967216
1.688 -6.732793347691363
1.689 -6.796048545586276
1.69 -6.8078060158341325
1.691 -6.826122950697121
1.692 -6.741557302506905
1.693 -6.7372342734465605
1.694 -6.695289594948006
1.695 -6.616948105049546
1.696 -6.570797692161985
1.697 -6.402191373537033
1.698 -6.252078316049955
1.699 -6.1024074834396025
1.7 -6.018418897775309
1.701 -6.009469919052485
1.702 -5.902281839197772
1.703 -5.782253602992091
1.704 -5.659589761851947
1.705 -5.545214110093844
1.706 -5.402382987036624
1.707 -5.308491450909471
1.708 -5.211682287161575
1.709 -5.1073264366557485
1.71 -4.9415867812498595
1.711 -4.880000923905518
1.712 -4.743333364414841
1.713 -4.586374397220007
1.714 -4.474528325432275
1.715 -4.459082301643401
1.716 -4.392691267395129
1.717 -4.389646967148094
1.718 -4.364405447401748
1.719 -4.27642533471815
1.72 -4.278656875208609
1.721 -4.177838143808204
1.722 -4.035212270081331
1.723 -3.985323569520473
1.724 -3.8976568447038753
1.725 -3.7958420133457733
1.726 -3.731492551737757
1.727 -3.5419699022127977
1.728 -3.487996061096694
1.729 -3.413823437407775
1.73 -3.2672063782507053
1.731 -3.125687115421754
1.732 -3.057356153873814
1.733 -2.942843924570904
1.734 -2.7828487839814207
1.735 -2.6261893781003445
1.736 -2.4731780494122355
1.737 -2.282624328541421
1.738 -2.3149054497835917
1.739 -2.2978922726121382
1.74 -2.207433898032858
1.741 -2.0926841795198396
1.742 -1.8989486783738267
1.743 -1.7814842007618168
1.744 -1.7073875358785295
1.745 -1.6116504929116866
1.746 -1.6557502641353756
1.747 -1.60175092330955
1.748 -1.3987197741282609
1.749 -1.2858784226654425
1.75 -1.2006213462677382
1.7510000000000001 -1.333071455426363
1.752 -1.3358505335745408
1.7530000000000001 -1.298116740755743
1.754 -1.372749273350684
1.7550000000000001 -1.3737210998535276
1.756 -1.4096086747353473
1.7570000000000001 -1.4935553424280823
1.758 -1.3894421005426605
1.7590000000000001 -1.3272699679059201
1.76 -1.3211201452822068
1.7610000000000001 -1.2956127342373658
1.762 -1.3641263325099833
1.7630000000000001 -1.4197969163825248
1.764 -1.391408105936581
1.7650000000000001 -1.3496323112750097
1.766 -1.44021458809582
1.7670000000000001 -1.4327839783170409
1.768 -1.3372848768220928
1.7690000000000001 -1.3022755178417909
1.77 -1.283381984082413
1.7710000000000001 -1.268420210860589
1.772 -1.247411045986175
1.7730000000000001 -1.29875156691784
1.774 -1.3680283474407207
1.7750000000000001 -1.4232244234724274
1.776 -1.450876010356481
1.7770000000000001 -1.4934086472209571
1.778 -1.4426404078015829
1.7790000000000001 -1.3314915648531227
1.78 -1.2071685662492322
1.7810000000000001 -1.1340736295084028
1.782 -1.0922676667124729
1.7830000000000001 -1.0935472149183556
1.784 -1.007081114011241
1.7850000000000001 -1.015482208912415
1.786 -1.016533426242422
1.7870000000000001 -1.013449087317589
1.788 -1.0482871024021598
1.7890000000000001 -1.1565853154648635
1.79 -1.1190046485606806
1.7910000000000001 -1.0796291404122156
1.792 -1.1258884773352873
1.793 -1.1109203082035977
1.794 -1.2373786371556885
1.795 -1.2631963383457938
1.796 -1.2905963996717444
1.797 -1.3295166502300462
1.798 -1.3697136537462729
1.799 -1.349771528185796
1.8 -1.2921476641927199
1.801 -1.2589030992792776
1.802 -1.3195581556898415
1.803 -1.254931441600608
1.804 -1.1676115199699082
1.805 -1.0382966109568927
1.806 -0.9979987942689335
1.807 -1.0378469031346746
1.808 -1.0296743897298777
1.809 -0.9773457875978581
1.81 -0.98137754388904
1.811 -0.9643490076323783
1.812 -1.0916491747132215
1.813 -1.0607220560185617
1.814 -0.9770530887624647
1.815 -0.9806257592399937
1.816 -1.1027815109901187
1.817 -1.1126033142003506
1.818 -1.20605669246745
1.819 -1.1121791419756746
1.82 -1.0854418429498285
1.821 -0.981738588401584
1.822 -1.0272332256523435
1.823 -0.9915936191814424
1.824 -1.0998670356270084
1.825 -1.0985804751217476
1.826 -0.9821313000691256
1.827 -0.9967163753064329
1.828 -1.0826354253978225
1.829 -1.1339545161065416
1.83 -1.2619915953787508
1.831 -1.2167357903870237
1.832 -1.1866411439317825
1.833 -1.2816144696271996
1.834 -1.2686707212113806
1.835 -1.3558295998090109
1.836 -1.3726871033581272
1.837 -1.3509925970324757
1.838 -1.3045486549110696
1.839 -1.2742972130932133
1.84 -1.2184919601958935
1.841 -1.2413024449999959
1.842 -1.2507829831806954
1.843 -1.3135249448326602
1.844 -1.427594278348868
1.845 -1.3279543078087286
1.846 -1.1825535306716897
1.847 -1.1623127665267945
1.848 -1.1079149161226542
1.849 -0.9948898879303496
1.85 -1.089744510867763
1.851 -1.0654973121710969
1.852 -1.100690498130185
1.853 -1.1335961530988952
1.854 -1.1544533694732748
1.855 -1.1329938057366897
1.856 -1.0259541570460828
1.857 -1.0757130459901103
1.858 -1.0977719360215896
1.859 -1.0674399845911133
1.86 -1.085195664754885
1.861 -1.2000619609004397
1.862 -1.225059905956035
1.863 -1.3135814177330454
1.864 -1.354944678694495
1.865 -1.4384165900932446
1.866 -1.374333131611586
1.867 -1.4180031627231
1.868 -1.3311163654718408
1.869 -1.4227145535597312
1.87 -1.3704546891767684
1.871 -1.3103556036328534
1.872 -1.2375072983171351
1.873 -1.283611260446928
1.874 -1.368571190926955
1.875 -1.3891759334617302
1.8760000000000001 -1.4024405452080881
1.877 -1.3258288035098098
1.8780000000000001 -1.3637575456290454
1.879 -1.330305940669056
1.8800000000000001 -1.2490686312838246
1.881 -1.1822747902144284
1.8820000000000001 -1.0794122384874842
1.883 -1.0030212598855468
1.8840000000000001 -1.0971246158512844
1.885 -1.1453156186870717
1.8860000000000001 -1.1373021366818785
1.887 -1.0451203626779293
1.8880000000000001 -1.1984895349423734
1.889 -1.1949527109792994
1.8900000000000001 -1.1785697456416024
1.891 -1.1553443894704782
1.8920000000000001 -1.1728688680080235
1.893 -1.204365399762714
1.8940000000000001 -1.206735823545927
1.895 -1.3468155082845794
1.8960000000000001 -1.3028073910825153
1.897 -1.3506963661194722
1.8980000000000001 -1.2836758894185734
1.899 -1.3195487059714415
1.9000000000000001 -1.4245801478738367
1.901 -1.3772490835197215
1.9020000000000001 -1.3345786769809738
1.903 -1.3884641193682974
1.9040000000000001 -1.3755302688211855
1.905 -1.358939579175955
1.9060000000000001 -1.3183029399539243
1.907 -1.1916923440203049
1.9080000000000001 -1.2135036711082483
1.909 -1.14457492709659
1.9100000000000001 -1.0844297774058915
1.911 -1.1704117894389587
1.9120000000000001 -1.115159667125838
1.913 -1.0647101625117643
1.9140000000000001 -1.0895395177082554
1.915 -1.0972014966868648
1.9160000000000001 -1.119230460016607
1.917 -1.1373281492415048
1.9180000000000001 -1.1579750831707316
1.919 -1.1577543368331678
1.92 -1.1447764323518996
1.921 -1.035194871890615
1.922 -1.015294368625174
1.923 -0.9636625894776126
1.924 -0.9560030419570292
1.925 -0.9776001499316598
1.926 -0.9829402185982598
1.927 -0.9413352759813258
1.928 -0.9973754589710219
1.929 -0.9677244187831128
1.93 -0.9288587099216473
1.931 -1.024234860948374
1.932 -1.0805773892123955
1.933 -0.986990746832421
1.934 -0.9503939018064812
1.935 -0.8464262874680756
1.936 -0.8663659859416706
1.937 -0.8110192976700209
1.938 -0.7374926017472803
1.939 -0.8346187367996276
1.94 -0.8888104030104501
1.941 -0.8183514723611974
1.942 -0.875308691391013
1.943 -0.8041512413989698
1.944 -0.8810080716641279
1.945 -0.7468003175878062
1.946 -0.7747308427389961
1.947 -0.7080776997203057
1.948 -0.7224003820477801
1.949 -0.681496308439856
1.95 -0.6628015207469826
1.951 -0.6702275828397405
1.952 -0.5746229774653975
1.953 -0.5932135111137121
1.954 -0.5415973316386011
1.955 -0.5777452346670984
1.956 -0.6140737396139877
1.957 -0.6495408548716616
1.958 -0.6750066958521106
1.959 -0.5778641509001754
1.96 -0.5470091360174428
1.961 -0.46510390631899035
1.962 -0.44939699584738413
1.963 -0.5324984539069262
1.964 -0.49208678071325007
1.965 -0.43981723729039485
1.966 -0.41638011966924815
1.967 -0.4586676414253767
1.968 -0.42542986737172084
1.969 -0.42851769181291116
1.97 -0.3902270989504143
1.971 -0.46358512409028785
1.972 -0.5115166122811081
1.973 -0.5481721792723795
1.974 -0.6647927268225726
1.975 -0.7061715254878527
1.976 -0.7704142355769333
1.977 -0.6477284903933165
1.978 -0.7314065173329746
1.979 -0.733651056762209
1.98 -0.7168676730535631
1.981 -0.7386308274858691
1.982 -0.6120362178148893
1.983 -0.7253815476729009
1.984 -0.7254644853702795
1.985 -0.7345108665698394
1.986 -0.7140968276367151
1.987 -0.5888779095277199
1.988 -0.6058128313903502
1.989 -0.6826429636459453
1.99 -0.7455077648918882
1.991 -0.8062407156221125
1.992 -0.7395675872336859
1.993 -0.8341006466331949
1.994 -0.7702615836951763
1.995 -0.7227619011927878
1.996 -0.6840902299414477
1.997 -0.6725917461748445
1.998 -0.7290912379115424
1.999 -0.7399425914890898
2.0 -0.7118529065271364
2.001 -0.632906144559293
2.0020000000000002 -0.6177994065828094
2.003 -0.6734776168202294
2.004 -0.7305237396411844
2.005 -0.7673047481173294
2.0060000000000002 -0.8982510471469736
2.007 -0.7740627794534587
2.008 -0.8874229224791093
2.009 -0.9069663358311806
2.0100000000000002 -0.8958982495583612
2.011 -0.8375620494736248
2.012 -0.79643253710004
2.013 -0.8652709231313719
2.0140000000000002 -1.0027628050862285
2.015 -0.9546178101497906
2.016 -1.0876445929350866
2.017 -1.2471600577411341
2.0180000000000002 -1.228830633906767
2.019 -1.2260471591123348
2.02 -1.209978935815323
2.021 -1.3142463228390102
2.0220000000000002 -1.3305747113966329
2.023 -1.2672051410566418
2.024 -1.2875009481680382
2.025 -1.2950864957708
2.0260000000000002 -1.2770201820815363
2.027 -1.244848417440762
2.028 -1.2531154045191668
2.029 -1.1375729569624267
2.0300000000000002 -1.1574115006199435
2.031 -1.0776594168998013
2.032 -1.1547648932086947
2.033 -1.1483997965549821
2.0340000000000003 -1.1453834129902134
2.035 -1.0376786238860938
2.036 -1.1055063008872015
2.037 -1.0139447838443458
2.0380000000000003 -0.9444806294321736
2.039 -0.8374294897099719
2.04 -0.8995168661067463
2.041 -0.8943525668296503
2.0420000000000003 -0.9723258692439322
2.043 -0.7958186653580587
2.044 -0.8258885778266608
2.045 -0.804128643505761
2.0460000000000003 -0.7969269446854649
2.047 -0.744028360878643
2.048 -0.7577650243437024
2.049 -0.6772352109117703
2.05 -0.7742634568191935
2.051 -0.8392275182615122
2.052 -0.7605175072384384
2.053 -0.8137194673891383
2.054 -0.7768301322174115
2.055 -0.6482108719084537
2.056 -0.7620915830357887
2.057 -0.7164263803500488
2.058 -0.7096614812227083
2.059 -0.6774800821705395
2.06 -0.6797026837019621
2.061 -0.7810179296570796
2.062 -0.8199551512348672
2.063 -0.7766656561780555
2.064 -0.7177200766079952
2.065 -0.6699012458937681
2.066 -0.5510014115989232
2.067 -0.6012233123321274
2.068 -0.6132835552785748
2.069 -0.516720841761508
2.07 -0.5354013667606679
2.071 -0.4830021434678838
2.072 -0.4000974492604234
2.073 -0.4259109175540118
2.074 -0.3735957955766906
2.075 -0.29598878052725797
2.076 -0.25337596557406544
2.077 -0.17085631668582188
2.078 -0.2121455922830469
2.079 -0.2567397645910973
2.08 -0.27280839193589557
2.081 -0.22136141143886762
2.082 -0.2709015279414435
2.083 -0.3950652485422005
2.084 -0.4494200376803949
2.085 -0.5222788956985722
2.086 -0.5159157741577522
2.087 -0.5059968528685947
2.088 -0.5167880385113743
2.089 -0.5109984972005499
2.09 -0.40475453425994157
2.091 -0.3596020607697451
2.092 -0.2916446391285489
2.093 -0.24014557457708813
2.094 -0.22533970470131243
2.095 -0.28003220598294604
2.096 -0.21590670402922024
2.097 -0.24214147170579672
2.098 -0.3090485100521836
2.099 -0.3774410594640304
2.1 -0.4025513097667357
2.101 -0.3167112329649787
2.102 -0.30612984059352705
2.103 -0.3352454782861808
2.104 -0.2815963040647161
2.105 -0.40990553738111074
2.106 -0.3799063527529666
2.107 -0.3538303981547289
2.108 -0.3195098554746388
2.109 -0.19195728984670238
2.11 -0.14167804978964496
2.111 -0.07826794845614388
2.112 -0.13652413199499108
2.113 -0.06687282770833329
2.114 -0.19081096655685076
2.115 -0.2053914944238938
2.116 -0.2845288252362931
2.117 -0.20286449274804433
2.118 -0.22521927081947504
2.119 -0.16315983769952275
2.12 -0.16278502985023377
2.121 -0.19405287255422943
2.122 -0.15193157252889766
2.123 -0.12507869397971572
2.124 -0.1948515330323617
2.125 -0.20019985596999113
2.126 -0.1302430289633318
2.1270000000000002 -0.11674930102920783
2.128 -0.19870898501136594
2.129 -0.22996949119095966
2.13 -0.2301676578208999
2.1310000000000002 -0.26315875019070634
2.132 -0.23172167197851234
2.133 -0.27499709147944423
2.134 -0.2890782819105439
2.1350000000000002 -0.3126867614774598
2.136 -0.261724393638637
2.137 -0.2783085981546768
2.138 -0.3353969332865705
2.1390000000000002 -0.460515483446268
2.14 -0.4635339316660444
2.141 -0.5429288805786346
2.142 -0.6579229126151065
2.1430000000000002 -0.568307434037161
2.144 -0.4676776001300352
2.145 -0.4206269817490362
2.146 -0.4799685747279539
2.1470000000000002 -0.4745781890098804
2.148 -0.5742958333291337
2.149 -0.5684068718698593
2.15 -0.5775880876585588
2.1510000000000002 -0.6282434592035149
2.152 -0.748683932650779
2.153 -0.7618994826266721
2.154 -0.6165125956776959
2.1550000000000002 -0.48461078361048415
2.156 -0.48751015804018655
2.157 -0.47474017216052594
2.158 -0.4729877649964192
2.1590000000000003 -0.4248499788490023
2.16 -0.42095651577296994
2.161 -0.37956083018875114
2.162 -0.32678431777881145
2.1630000000000003 -0.2967620820063058
2.164 -0.451219509287512
2.165 -0.4814540958089741
2.166 -0.479875067450661
2.1670000000000003 -0.44993354472617675
2.168 -0.42239683299722436
2.169 -0.48686501101367197
2.17 -0.5089799320500619
2.1710000000000003 -0.5191368312981848
2.172 -0.531601448785416
2.173 -0.4180460007896959
2.174 -0.4990067689751122
2.1750000000000003 -0.4738843711733431
2.176 -0.38005970509928094
2.177 -0.4806127486477668
2.178 -0.4012016972978087
2.179 -0.3296070988977588
2.18 -0.39756847857566774
2.181 -0.38116519255453696
2.182 -0.5020187397860469
2.183 -0.5445962221699256
2.184 -0.5993794620206673
2.185 -0.6040102252179566
2.186 -0.5468581140885146
2.187 -0.5766217301238501
2.188 -0.5933000376558951
2.189 -0.6751230533293742
2.19 -0.7100304168326446
2.191 -0.5851248407418812
2.192 -0.6117432497372055
2.193 -0.6332521195440446
2.194 -0.6608339249501197
2.195 -0.7572537395834922
2.196 -0.8879433143036067
2.197 -0.9079451003204351
2.198 -0.8089114138682152
2.199 -0.8387848043842482
2.2 -0.9500058546435248
2.201 -0.9357941569207934
2.202 -1.0494863711184612
2.203 -0.9931218944017597
2.204 -1.043561857394469
2.205 -0.9722156894129074
2.206 -0.9040243170303243
2.207 -0.8713079645229318
2.208 -0.9407500955103865
2.209 -0.969843154816985
2.21 -1.0092044631515904
2.211 -1.0396898241503245
2.212 -1.0273137025104564
2.213 -0.9654636731479721
2.214 -0.8943174299243929
2.215 -0.9227281931270698
2.216 -0.9987453906756323
2.217 -0.947053491844818
2.218 -1.007559733757935
2.219 -1.1049405408583466
2.22 -1.2071976780682938
2.221 -1.0628915246901016
2.222 -0.8957014041552004
2.223 -0.9849048893806402
2.224 -0.9939068389447195
2.225 -1.0085175326016342
2.226 -0.9666962312805274
2.227 -0.959311109377683
2.228 -1.020441912636884
2.229 -0.999841782621467
2.23 -1.0014735812307396
2.231 -0.9303785384295666
2.232 -0.96098005405431
2.233 -0.8673804855071883
2.234 -0.7744108239566656
2.235 -0.7637332394340699
2.236 -0.7316991922985051
2.237 -0.7015189419730616
2.238 -0.7784646912608406
2.239 -0.7420183098344069
2.24 -0.7133810371779323
2.241 -0.7669876686346161
2.242 -0.7812529870132336
2.243 -0.786332812307344
2.244 -0.8404466077429408
2.245 -0.8629629327814926
2.246 -0.8454184378775609
2.247 -0.859147151388056
2.248 -0.7716791249523312
2.249 -0.828626603854739
2.25 -0.7758094648018299
2.251 -0.7791896758801944
2.2520000000000002 -0.632666051406841
2.253 -0.6033902227295426
2.254 -0.6135764099278681
2.255 -0.596913707913143
2.2560000000000002 -0.5537840443358388
2.257 -0.5421428105532379
2.258 -0.5782758766582657
2.259 -0.4942248732746718
2.2600000000000002 -0.48497302028791617
2.261 -0.40453818350666804
2.262 -0.4153803452645062
2.263 -0.40523320459558393
2.2640000000000002 -0.2714154716146514
2.265 -0.4197179000220055
2.266 -0.37563407625334344
2.267 -0.18631005027747513
2.2680000000000002 -0.18375351437049603
2.269 -0.2129428340295062
2.27 -0.38030068821710217
2.271 -0.39066297847920833
2.2720000000000002 -0.4423649530185811
2.273 -0.6118448660485999
2.274 -0.6241285223498702
2.275 -0.5964128628042671
2.2760000000000002 -0.6934743896115747
2.277 -0.6843384574610398
2.278 -0.6409472767017185
2.279 -0.6628252610253668
2.2800000000000002 -0.8208938903782541
2.281 -0.8327082798501352
2.282 -0.9069719223421662
2.283 -0.8895336322780046
2.2840000000000003 -0.900160783584058
2.285 -0.9262054207115993
2.286 -1.0348238394277514
2.287 -1.0774438588507413
2.2880000000000003 -0.9569208341619782
2.289 -0.8692046392932067
2.29 -0.9373903802408856
2.291 -0.9538540272815997
2.2920000000000003 -1.0249645675112
2.293 -1.0042713671018102
2.294 -0.9858074013238641
2.295 -0.899799265983904
2.2960000000000003 -0.9412970680165381
2.297 -0.94178884457586
2.298 -0.855725539337114
2.299 -0.8802053993998475
2.3000000000000003 -1.120362327021271
2.301 -1.051125288424369
2.302 -1.0169177754649628
2.303 -0.9171120827958709
2.3040000000000003 -0.8860080600799966
2.305 -1.0364742842814014
2.306 -0.978160579779211
2.307 -1.0367488543429306
2.308 -1.0725214000023389
2.309 -1.2506216247286772
2.31 -1.3088282861651332
2.311 -1.2924118094050283
2.312 -1.3368068424717372
2.313 -1.3550581595841027
2.314 -1.2421602686006892
2.315 -1.1564465112704594
2.316 -1.0997807215371844
2.317 -1.1420746970971212
2.318 -1.1050618363621236
2.319 -1.150069245376787
2.32 -1.0181232213887967
2.321 -1.0303143138540092
2.322 -1.103930923963035
2.323 -0.9979296893382178
2.324 -0.9670097032418461
2.325 -0.9937643239235284
2.326 -0.9984987032039445
2.327 -1.027816209501643
2.328 -0.9677035756138238
2.329 -0.928677614966867
2.33 -0.9436087821087543
2.331 -0.960730598298113
2.332 -1.0068354014508112
2.333 -0.9180499391528012
2.334 -1.0100881264913062
2.335 -1.136850532989124
2.336 -0.9627090105546008
2.337 -1.0435868787649925
2.338 -1.057569851315966
2.339 -1.0417967568282607
2.34 -1.0946898696548228
2.341 -1.112911910685518
2.342 -1.167599660305692
2.343 -1.0022730273354319
2.344 -1.0388005604758688
2.345 -1.0788256281143351
2.346 -1.2090147423425972
2.347 -1.1743594225780714
2.348 -1.203136101215695
2.349 -1.1797064146884908
2.35 -1.0363665737995458
2.351 -0.9470014485677816
2.352 -0.9978922498117961
2.353 -0.9125383935515607
2.354 -0.9353542019762882
2.355 -0.892956282297711
2.356 -0.8518728661585323
2.357 -0.7919962775783578
2.358 -0.8460144338882275
2.359 -0.873540085420364
2.36 -0.7739881701011209
2.361 -0.7874205212400638
2.362 -0.8227165389269568
2.363 -0.9750810433121473
2.364 -1.0305142054078578
2.365 -1.0104269415772373
2.366 -1.066601895370212
2.367 -1.1555388804201554
2.368 -1.1649637535394861
2.369 -1.1093116059422834
2.37 -1.1229917317902998
2.371 -1.1598893597319917
2.372 -1.2536168534617347
2.373 -1.3098968475149881
2.374 -1.2191229452590426
2.375 -1.1799044212940961
2.376 -1.1281148211056413
2.3770000000000002 -1.1363432710785102
2.378 -1.1927495898499927
2.379 -1.3001938552143475
2.38 -1.3628409270213355
2.3810000000000002 -1.3616156175771268
2.382 -1.3785531220619032
2.383 -1.2869945153594005
2.384 -1.3830037745454813
2.3850000000000002 -1.3911827769057339
2.386 -1.3004555581608184
2.387 -1.2646334810762525
2.388 -1.1337023145323368
2.3890000000000002 -1.1319647116706304
2.39 -1.1047599052980535
2.391 -1.111094499530118
2.392 -1.193215186794808
2.3930000000000002 -1.192263171415068
2.394 -1.1221914151421624
2.395 -1.0128181276091566
2.396 -0.9973759567774344
2.3970000000000002 -0.8882870145417054
2.398 -0.8788468618397661
2.399 -0.8672973269202819
2.4 -0.8539131881790373
2.4010000000000002 -0.853959718543342
2.402 -0.9141979391229532
2.403 -0.9516695306249481
2.404 -0.9048440866596081
2.4050000000000002 -0.8965528854591273
2.406 -0.9344223856660557
2.407 -0.8855345660894633
2.408 -0.6911251172364551
2.4090000000000003 -0.5458778364865543
2.41 -0.5332439147510477
2.411 -0.42440396016128223
2.412 -0.4655448524148003
2.4130000000000003 -0.5125977214784903
2.414 -0.5923785848778997
2.415 -0.5923943166117909
2.416 -0.6088307735755093
2.4170000000000003 -0.6842749680463356
2.418 -0.6942175900881238
2.419 -0.7269444098803752
2.42 -0.786111434069612
2.4210000000000003 -0.8433270836393177
2.422 -0.942206160634925
2.423 -1.0021593980462564
2.424 -0.9251831508657783
2.4250000000000003 -0.8030509204633136
2.426 -0.732859808299142
2.427 -0.7285746637846663
2.428 -0.6783481116819369
2.4290000000000003 -0.7080523397794799
2.43 -0.6429764126234828
2.431 -0.56792805679448
2.432 -0.6125777702818146
2.433 -0.6660103670421937
2.434 -0.7216215387812221
2.435 -0.668600754808206
2.436 -0.6401446839412757
2.437 -0.629802579017593
2.438 -0.6883001706669686
2.439 -0.6973229969586539
2.44 -0.7907767170281342
2.441 -0.7703809237430823
2.442 -0.783928286572598
2.443 -0.7526243157222562
2.444 -0.8397206559841592
2.445 -0.8510201836162805
2.446 -0.890532345813058
2.447 -0.9708585532999712
2.448 -0.9968167503254571
2.449 -0.9763138006906605
2.45 -1.0075115477950174
2.451 -1.012186586902244
2.452 -0.8585560250316253
2.453 -0.8210021204600868
2.454 -0.761435925265454
2.455 -0.7326405294226453
2.456 -0.754525727539291
2.457 -0.7819428760348794
2.458 -0.8243940455747221
2.459 -0.8181285481603267
2.46 -0.8060081762498287
2.461 -0.8241628996907109
2.462 -0.7934471143593369
2.463 -0.7251274897506148
2.464 -0.645771811770872
2.465 -0.7347733164988142
2.466 -0.6531611582428558
2.467 -0.7033478217729642
2.468 -0.6489734860833507
2.469 -0.6838312025402599
2.47 -0.7514598166263878
2.471 -0.6859393086559494
2.472 -0.6448853078348142
2.473 -0.693423309368165
2.474 -0.5391659813567855
2.475 -0.49819170354875514
2.476 -0.42497823529761297
2.477 -0.3376588066277141
2.478 -0.2767607471390358
2.479 -0.18860025918880435
2.48 -0.28469085760090385
2.481 -0.2855276425188613
2.482 -0.2732345994923798
2.483 -0.41848515117421786
2.484 -0.4137760785746758
2.485 -0.3340015985382043
2.486 -0.34499593470804074
2.487 -0.32298817326726825
2.488 -0.25206695332340007
2.489 -0.29911764442706856
2.49 -0.2804409693912875
2.491 -0.3100124569044007
2.492 -0.27496049288554897
2.493 -0.33534736269089876
2.494 -0.3481721282932551
2.495 -0.37618195693089873
2.496 -0.3330317057060479
2.497 -0.38733472680340886
2.498 -0.5024986919654701
2.499 -0.4441390498359977
2.5 -0.3555981414701185
2.501 -0.38302823363416166
2.5020000000000002 -0.2923368300185327
2.503 -0.27003469747405595
2.504 -0.27192119019286853
2.505 -0.3363187126368302
2.5060000000000002 -0.41104899043961846
2.507 -0.366481016845536
2.508 -0.39692290420617543
2.509 -0.3783620608378133
2.5100000000000002 -0.390595283694827
2.511 -0.47264410850157884
2.512 -0.44507276148153596
2.513 -0.43632359932732917
2.5140000000000002 -0.5341594231407673
2.515 -0.5510908817721574
2.516 -0.6955305347911345
2.517 -0.7482542241184085
2.5180000000000002 -0.6924860865164505
2.519 -0.644404397115366
2.52 -0.6573290782001995
2.521 -0.5722121968989295
2.5220000000000002 -0.6487626759101403
2.523 -0.605389222473589
2.524 -0.6809056307854697
2.525 -0.7790401674377178
2.5260000000000002 -0.7236406537224183
2.527 -0.7056838521116428
2.528 -0.6346082778321702
2.529 -0.6767195331435102
2.5300000000000002 -0.6602771083251223
2.531 -0.7151970525264087
2.532 -0.7174042261559079
2.533 -0.7912505375138189
2.5340000000000003 -0.7724844984487048
2.535 -0.7023510482234029
2.536 -0.6116575215223723
2.537 -0.6504489131414388
2.5380000000000003 -0.6510538676139784
2.539 -0.7017630699775168
2.54 -0.7088416660096357
2.541 -0.6556184359114217
2.5420000000000003 -0.7653878503297524
2.543 -0.7091504283461186
2.544 -0.7586338978360585
2.545 -0.6407855650559182
2.5460000000000003 -0.6405113231970293
2.547 -0.63046707672774
2.548 -0.5830961459041795
2.549 -0.49882910313493006
2.5500000000000003 -0.46549850484825517
