0.0 0.5895125527669829
0.001 0.650181860922022
0.002 0.6957421771473242
0.003 0.8132904622090789
0.004 0.811831552892946
0.005 0.8614658028532021
0.006 0.8741382811730193
0.007 0.8638861827276377
0.008 0.9048635023390215
0.009000000000000001 0.8272146176244746
0.01 0.874794754118126
0.011 0.925215048175867
0.012 0.8942181967727482
0.013000000000000001 0.8701924366712805
0.014 0.8613101642674391
0.015 0.8724654576130259
0.016 0.817049628140191
0.017 0.9407678662269519
0.018000000000000002 0.9927091234042055
0.019 0.9729866907545683
0.02 0.9234705497752543
0.021 0.9311164526146478
0.022 0.9094088610462319
0.023 0.9180340416295385
0.024 0.8723179175169025
0.025 0.8494591892039081
0.026000000000000002 0.8794868036833623
0.027 0.8671797846795442
0.028 0.7894980691387428
0.029 0.7777182614171804
0.03 0.8796917508748698
0.031 0.9494025332732727
0.032 1.0836991457318472
0.033 1.0791992522248954
0.034 1.0821308860870162
0.035 1.0805839539610698
0.036000000000000004 0.9966482812708768
0.037 0.9193584642923651
0.038 1.0074589532705838
0.039 0.9709852041964948
0.04 1.0140038355653542
0.041 1.0086983114544836
0.042 0.9750573820700227
0.043000000000000003 0.7861293649753013
0.044 0.8702572117121326
0.045 0.9361289110350383
0.046 1.0427871045432904
0.047 1.0390310625802908
0.048 0.9703068354348507
0.049 0.9832937442052557
0.05 1.0449918256087176
0.051000000000000004 1.1215429363069704
0.052000000000000005 1.0957558322119294
0.053 1.1445130368854466
0.054 1.1534053639869017
0.055 1.0565403164241924
0.056 1.0703396668166882
0.057 0.9872417210930269
0.058 0.9195372790305957
0.059000000000000004 0.8413150582288473
0.06 0.7739128404878517
0.061 0.726228570597055
0.062 0.7422595868362697
0.063 0.6999617115910668
0.064 0.6929486384580668
0.065 0.6679731025294161
0.066 0.7608517490170226
0.067 0.8119447789029526
0.068 0.7214756030620322
0.069 0.6548161905429349
0.07 0.6371239281617691
0.07100000000000001 0.6108921720432564
0.07200000000000001 0.6500537724731503
0.073 0.6255757654522052
0.074 0.6547523541378371
0.075 0.6376586488493502
0.076 0.6659081978690512
0.077 0.7018642580989289
0.078 0.8354783205366008
0.079 0.8010294419306907
0.08 0.723525184464119
0.081 0.710203199843555
0.082 0.6386200749928675
0.083 0.7174945429024558
0.084 0.7125211727104934
0.085 0.7692051559707019
0.08600000000000001 0.8493676739419013
0.08700000000000001 0.8507167262855031
0.088 0.8293797891274383
0.089 0.753173338415362
0.09 0.6875110731312805
0.091 0.7116220141285909
0.092 0.7375816838216496
0.093 0.6835834284993305
0.094 0.675390787950885
0.095 0.7023173900465192
0.096 0.6648291908003213
0.097 0.7120492569943027
0.098 0.7089359013554913
0.099 0.6629153105688064
0.1 0.644618884012974
0.101 0.6611582509410867
0.10200000000000001 0.6067815943570709
0.10300000000000001 0.6555025184880526
0.10400000000000001 0.6416113306341298
0.105 0.6146300301294289
0.106 0.6040161204551062
0.107 0.518079292017574
0.108 0.49710213565983336
0.109 0.5745282016713246
0.11 0.5788967560048377
0.111 0.41815865860955803
0.112 0.3803005741454814
0.113 0.379611524856874
0.114 0.2248533161255042
0.115 0.2275149976767903
0.116 0.2412588696677985
0.117 0.3186817024238904
0.11800000000000001 0.21315764626588857
0.11900000000000001 0.1620519316142044
0.12 0.09906094414917449
0.121 0.16545484114429096
0.122 0.16216487145317518
0.123 0.14320150412488195
0.124 0.011408295722136697
0.125 -0.08913026097075583
0.126 -0.07954749432288118
0.127 0.030228426590110033
0.128 0.05331038505588724
0.129 0.13070995692726686
0.13 0.1916660345686854
0.131 0.20252929668425926
0.132 0.22407354568445298
0.133 0.23739108956172075
0.134 0.21195930373249922
0.135 0.1754782190336806
0.136 0.1910290537465361
0.137 0.2315370529756688
0.138 0.11674067803428445
0.139 -0.032874471588946436
0.14 -0.12981316127156345
0.14100000000000001 -0.05993232650710463
0.14200000000000002 0.018409321311163906
0.14300000000000002 0.12656741802150037
0.14400000000000002 0.11859422853163082
0.145 0.16253138434003894
0.146 0.11855223268341221
0.147 0.07199281711619554
0.148 0.02888604753359439
0.149 0.03753356767835451
0.15 0.09149068939425965
0.151 0.11785689733286892
0.152 0.04842102781394132
0.153 0.17832416365549053
0.154 0.029705486928472635
0.155 -0.031871947528928295
0.156 -0.08233775934753151
0.157 -0.0684376672256601
0.158 -0.12279037455885647
0.159 -0.1616672724122638
0.16 -0.15545756674357492
0.161 -0.04620600744152677
0.162 -0.07326244739561141
0.163 -0.038641766984410915
0.164 -0.1484095813815604
0.165 -0.07894892869100482
0.166 -0.08495206312767613
0.167 -0.11029084205989176
0.168 -0.20644634374242254
0.169 -0.1454781325243503
0.17 -0.1270727501712636
0.171 -0.20607512168214628
0.17200000000000001 -0.21392382579424282
0.17300000000000001 -0.18701867177588283
0.17400000000000002 -0.19389777399294716
0.17500000000000002 -0.2846890200490552
0.176 -0.36730934755927197
0.177 -0.4008350547294658
0.178 -0.2726953113097886
0.179 -0.13723566187545239
0.18 -0.07535395272950272
0.181 -0.030697198448962452
0.182 -0.13004480685189262
0.183 -0.2025886173134489
0.184 -0.17438510778122704
0.185 -0.20535091882781686
0.186 -0.26207813699025273
0.187 -0.33288096388365396
0.188 -0.31934607904601503
0.189 -0.32227679459911734
0.19 -0.310843771003328
0.191 -0.4011407940676687
0.192 -0.35275559745668034
0.193 -0.3970603037948524
0.194 -0.38273176294989086
0.195 -0.37967607645886947
0.196 -0.3986539665003708
0.197 -0.5033563994716516
0.198 -0.3826748814233615
0.199 -0.28895350729868513
0.2 -0.17686137281716321
0.201 -0.22701989052729904
0.202 -0.23815636758800293
0.203 -0.2859951879821533
0.20400000000000001 -0.21166560838557924
0.20500000000000002 -0.23436727736302132
0.20600000000000002 -0.2677389803103067
0.20700000000000002 -0.2715047575930545
0.20800000000000002 -0.31620294790527703
0.209 -0.26825451641454195
0.21 -0.11510605006016342
0.211 -0.04801886800053838
0.212 -0.187748412282019
0.213 -0.16549556420397102
0.214 -0.05413530939197793
0.215 -0.1799849919530816
0.216 -0.22570026601096316
0.217 -0.23244655221893112
0.218 -0.23218175516660625
0.219 -0.2440824428389501
0.22 -0.2109774485084805
0.221 -0.218811164550896
0.222 -0.1516799480536672
0.223 -0.12169163083603493
0.224 -0.12526732924877498
0.225 -0.08938847694603955
0.226 0.01747990527781912
0.227 -0.14242496494227858
0.228 -0.08314183812232132
0.229 -0.12128975463513891
0.23 -0.19241536194168873
0.231 -0.25734632525472667
0.232 -0.3628085095240415
0.233 -0.322958503614561
0.234 -0.33479244543714326
0.23500000000000001 -0.4284833567268571
0.23600000000000002 -0.40627463028900973
0.23700000000000002 -0.2520895962380336
0.23800000000000002 -0.3451880995730468
0.23900000000000002 -0.3448611922710691
0.24 -0.31761685950157836
0.241 -0.4249392485941192
0.242 -0.41287714101534917
0.243 -0.3597906208661898
0.244 -0.3824325803015427
0.245 -0.42022632263116166
0.246 -0.5053770720868593
0.247 -0.4998768914101077
0.248 -0.413115890934012
0.249 -0.43991466914635147
0.25 -0.4223186761649512
0.251 -0.31663605777473947
0.252 -0.3261791414355915
0.253 -0.48363749826541974
0.254 -0.4246128531212761
0.255 -0.427284528532957
0.256 -0.584758474796503
0.257 -0.6058444239408296
0.258 -0.6490122475559468
0.259 -0.7143105826397673
0.26 -0.7871571699797694
0.261 -0.77107763117455
0.262 -0.8216205027052442
0.263 -0.7651901087653474
0.264 -0.7088538208213341
0.265 -0.7082354774865055
0.266 -0.6798705622784746
0.267 -0.6761760418456949
0.268 -0.6036480465937409
0.269 -0.5743503577506083
0.27 -0.5220785883416492
0.271 -0.5339473371559451
0.272 -0.5951057165746154
0.273 -0.6713545479774101
0.274 -0.6950978423760179
0.275 -0.7178412564582971
0.276 -0.6324441641567011
0.277 -0.6720128012909841
0.278 -0.7430627112478351
0.279 -0.7035112210963699
0.28 -0.6885522766660938
0.281 -0.6410769985087628
0.28200000000000003 -0.6861444155928073
0.28300000000000003 -0.7093739520639631
0.28400000000000003 -0.7280985277516128
0.28500000000000003 -0.7012091567643813
0.28600000000000003 -0.6891981162959994
0.28700000000000003 -0.5720426232189786
0.28800000000000003 -0.44463940310795114
0.289 -0.41248801547402136
0.29 -0.4446533667731568
0.291 -0.35894903999105154
0.292 -0.3655658041316412
0.293 -0.323615084557932
0.294 -0.2434042632936409
0.295 -0.12523618302817557
0.296 -0.14700622527298995
0.297 -0.20893661389345286
0.298 -0.1796561044219772
0.299 -0.11767973887229186
0.3 -0.1243010900815349
0.301 -0.12482739048226243
0.302 -0.17328628437285867
0.303 -0.24105612954993016
0.304 -0.23603981289106224
0.305 -0.1893401502586413
0.306 -0.2208603359803664
0.307 -0.14924820501650346
0.308 -0.0806385915055911
0.309 -0.18860116707962532
0.31 -0.07178369480349794
0.311 -0.21192485479462336
0.312 -0.26142610116132636
0.313 -0.2812513899883957
0.314 -0.3446971402989665
0.315 -0.3218292068799228
0.316 -0.43739213577892877
0.317 -0.5000235755352899
0.318 -0.38846624529342644
0.319 -0.46829532861601275
0.32 -0.5221727534930861
0.321 -0.483816304265259
0.322 -0.41324583289445477
0.323 -0.404860072142807
0.324 -0.4362514497866436
0.325 -0.3420302067971043
0.326 -0.3825510012048772
0.327 -0.45233580608007273
0.328 -0.48392676256106715
0.329 -0.44450174192469705
0.33 -0.5022579728226887
0.331 -0.5324418571439905
0.332 -0.516595836363181
0.333 -0.4613928391748453
0.334 -0.49790141480986105
0.335 -0.3275724467553851
0.336 -0.2518542849990262
0.337 -0.23894040427557536
0.338 -0.2530860345098861
0.339 -0.34640424942449677
0.34 -0.4027929183779999
0.341 -0.3852195900091937
0.342 -0.29860288957336384
0.343 -0.284806508358389
0.34400000000000003 -0.2547946017936191
0.34500000000000003 -0.17161817208834157
0.34600000000000003 -0.19129292766478612
0.34700000000000003 -0.23452613428146
0.34800000000000003 -0.22083309976438342
0.34900000000000003 -0.2735664442212017
0.35000000000000003 -0.29072032878611814
0.35100000000000003 -0.3048531579538418
0.352 -0.2184835223450664
0.353 -0.33840797064124645
0.354 -0.26796288284093894
0.355 -0.2673616347071695
0.356 -0.2746689607000874
0.357 -0.246104147061642
0.358 -0.18949845211129657
0.359 -0.3406695881715914
0.36 -0.32028794417968975
0.361 -0.29899037560155695
0.362 -0.2830419902840474
0.363 -0.27772599455980823
0.364 -0.24810937031978572
0.365 -0.3497346320350475
0.366 -0.29386918558901753
0.367 -0.15033946719133193
0.368 -0.24496537535587706
0.369 -0.28714200820622565
0.37 -0.2302976390414625
0.371 -0.3169261767660856
0.372 -0.3393876794881221
0.373 -0.4179236752437009
0.374 -0.40289783165900334
0.375 -0.4998884605734097
0.376 -0.5930375127294821
0.377 -0.6137755235760836
0.378 -0.6067742527155032
0.379 -0.5843766577020053
0.38 -0.530047822157543
0.381 -0.567374575127294
0.382 -0.5663297012501814
0.383 -0.5632392685196492
0.384 -0.6234972503466063
0.385 -0.6571227049767087
0.386 -0.6499281317587189
0.387 -0.6293996845736208
0.388 -0.7130161638862953
0.389 -0.6610668512199415
0.39 -0.6072277133633779
0.391 -0.5924195303252078
0.392 -0.5666729580026636
0.393 -0.5115605518566457
0.394 -0.5136144802842644
0.395 -0.51472232691817
0.396 -0.5530157166216576
0.397 -0.5536233791080627
0.398 -0.5088750540871538
0.399 -0.5093817553340149
0.4 -0.64781961752592
0.401 -0.72363192513106
0.402 -0.7690310155947154
0.403 -0.7984635345326293
0.404 -0.7597244532285857
0.405 -0.7895074778603259
0.406 -0.7768308767540983
0.40700000000000003 -0.7549674337682287
0.40800000000000003 -0.749369125665048
0.40900000000000003 -0.7953201354992817
0.41000000000000003 -0.7731582572888434
0.41100000000000003 -0.7168354535649346
0.41200000000000003 -0.8043960546535213
0.41300000000000003 -0.7376189889998838
0.41400000000000003 -0.7143648691191378
0.41500000000000004 -0.7175740269138516
0.41600000000000004 -0.7023905520904635
0.417 -0.6679178761959428
0.418 -0.6350764237444222
0.419 -0.6524673218925184
0.42 -0.6482402563903111
0.421 -0.6133869045913717
0.422 -0.6066712751569119
0.423 -0.5266149651503225
0.424 -0.623901841432901
0.425 -0.6905679790447548
0.426 -0.6870941665615903
0.427 -0.7694221894066438
0.428 -0.8873145728321057
0.429 -0.8260640221115747
0.43 -0.7720030893698726
0.431 -0.6362996107081544
0.432 -0.6224765323119515
0.433 -0.600517319677162
0.434 -0.5764025553808948
0.435 -0.50719457147182
0.436 -0.5098955263601966
0.437 -0.5310883194366033
0.438 -0.5203217389041109
0.439 -0.4603743968201935
0.44 -0.4917882957578179
0.441 -0.5301177536010784
0.442 -0.6160077493514773
0.443 -0.6040979346999296
0.444 -0.5262095559560518
0.445 -0.5032102108460991
0.446 -0.45666686687913294
0.447 -0.4114117371559963
0.448 -0.38785306740411263
0.449 -0.4290070812920303
0.45 -0.4108314017304714
0.451 -0.46065073360227105
0.452 -0.4840798649046341
0.453 -0.4227681886540839
0.454 -0.33297774692038945
0.455 -0.42812351642592317
0.456 -0.48335023070241584
0.457 -0.5202427550015435
0.458 -0.6008016111703005
0.459 -0.5665304985389545
0.46 -0.4570983513871753
0.461 -0.4558143918415615
0.462 -0.48077955730551714
0.463 -0.5016870982851492
0.464 -0.45581356662505423
0.465 -0.4642470331648916
0.466 -0.4388751039893657
0.467 -0.5677698819111352
0.468 -0.6326639354616268
0.46900000000000003 -0.6777188343207129
0.47000000000000003 -0.6298829413512513
0.47100000000000003 -0.615425730628441
0.47200000000000003 -0.7469774797017223
0.47300000000000003 -0.7734395725825559
0.47400000000000003 -0.9161720807201397
0.47500000000000003 -0.9283215346977013
0.47600000000000003 -0.9213382684317513
0.47700000000000004 -0.8900776233190253
0.47800000000000004 -0.9390132508451152
0.47900000000000004 -0.9735409357710518
0.48 -0.9705757115243674
0.481 -1.0018987398922294
0.482 -1.1228718019175288
0.483 -1.116681776995161
0.484 -1.0207487165901572
0.485 -0.9755527040791755
0.486 -0.8866439961338646
0.487 -0.8894964723954925
0.488 -0.8936920580064899
0.489 -0.9013973903715785
0.49 -0.953135994594517
0.491 -1.0406466194690585
0.492 -1.1533112256254945
0.493 -1.1193427798406022
0.494 -1.0428785562801686
0.495 -1.0616156655572282
0.496 -1.1670847111613372
0.497 -1.12506338078823
0.498 -1.07949062510653
0.499 -1.1906650314941365
0.5 -1.240144143428778
0.501 -1.1709179973414099
0.502 -1.2736230011780543
0.503 -1.217050470170755
0.504 -1.2759803910478922
0.505 -1.1993857654024271
0.506 -1.1950279930855
0.507 -1.1325070493483396
0.508 -1.1384247071219968
0.509 -1.0856121996585193
0.51 -1.0606479990425055
0.511 -0.9954789406617893
0.512 -1.1420791415703535
0.513 -1.0486535432745094
0.514 -1.0568128516028994
0.515 -1.0738675448946402
0.516 -1.1242694754834621
0.517 -1.1280042459650284
0.518 -1.0871581950364488
0.519 -1.0734507250842589
0.52 -1.1002604891884906
0.521 -1.1863345600639175
0.522 -1.0095798175068182
0.523 -0.9344577997549578
0.524 -0.9514001414173272
0.525 -0.9391816357186088
0.526 -0.9012588856317203
0.527 -0.7361055770050492
0.528 -0.6678224495606268
0.529 -0.6749042126503044
0.53 -0.7349701406658565
0.531 -0.6727229447411239
0.532 -0.6672799838674074
0.533 -0.7536256684419945
0.534 -0.7395452727380907
0.535 -0.8206527689379832
0.536 -0.9052244191223472
0.537 -0.9254535695431872
0.538 -0.9320944943518443
0.539 -1.031785224871438
0.54 -1.0739977130720681
0.541 -1.0940876651687117
0.542 -1.0992700057005547
0.543 -1.0504804079194696
0.544 -1.0995556500151769
0.545 -1.0747688612722137
0.546 -0.9792428570860524
0.547 -0.9876497102418665
0.548 -0.9778284719040147
0.549 -0.9922904479696005
0.55 -0.9661363624832011
0.551 -0.9642613586893568
0.552 -0.9743256270882573
0.553 -1.0366865116253592
0.554 -1.098350488826848
0.555 -1.0951409085922321
0.556 -0.9464064345518728
0.557 -0.9385344683685309
0.558 -0.9776248356930278
0.559 -0.9663554001917218
0.56 -0.9203341554549725
0.561 -0.8893451646488686
0.562 -0.8248232664230145
0.5630000000000001 -0.7766669385818672
0.5640000000000001 -0.7499274436666996
0.5650000000000001 -0.7696838395702111
0.5660000000000001 -0.7281913743597307
0.5670000000000001 -0.7541002868387309
0.5680000000000001 -0.7027837322492172
0.5690000000000001 -0.8218215152218615
0.5700000000000001 -0.8459215532167649
0.5710000000000001 -0.7114846013313065
0.5720000000000001 -0.8136873157849709
0.5730000000000001 -0.8527282985600584
0.5740000000000001 -0.9714277408554137
0.5750000000000001 -0.9395471510516895
0.5760000000000001 -1.028000578619876
0.577 -1.0585718438807559
0.578 -1.1128707532442899
0.579 -1.1774813861569782
0.58 -1.2256255378097334
0.581 -1.2289235734508923
0.582 -1.1928417075311335
0.583 -1.0943692587601808
0.584 -1.2187029927719533
0.585 -1.2850985714547514
0.586 -1.2576252596280806
0.587 -1.2283176257754727
0.588 -1.323930923481319
0.589 -1.3113826171434813
0.59 -1.3086301680707797
0.591 -1.1657050148891894
0.592 -1.0854620889011533
0.593 -1.02781946959727
0.594 -1.0895736661745183
0.595 -1.0118704678198653
0.596 -0.9255489410190669
0.597 -1.0292909181182774
0.598 -1.1452533667946043
0.599 -1.2399476722325118
0.6 -1.293836486527916
0.601 -1.4027188922281033
0.602 -1.3316909373098398
0.603 -1.215249247142763
0.604 -1.0779654088933486
0.605 -1.099614771806731
0.606 -1.1953299137002118
0.607 -1.102086060971863
0.608 -0.9767826864206397
0.609 -0.9296130132181597
0.61 -0.9190783743401638
0.611 -0.9290672525986915
0.612 -0.8198368233011537
0.613 -0.8581339297001704
0.614 -0.7656935413840062
0.615 -0.8120007354988623
0.616 -0.8383564840364507
0.617 -0.8879552044606263
0.618 -0.8899754206203871
0.619 -0.9036043325518253
0.62 -0.9660940991290817
0.621 -0.9395589699482997
0.622 -1.0606175695447344
0.623 -0.9826865804642935
0.624 -0.9101423472861838
0.625 -0.8918242400008544
0.626 -0.9412084464324055
0.627 -0.9019131538645245
0.628 -0.8196954898860752
0.629 -0.7690791102814644
0.63 -0.849125895092052
0.631 -0.7951767795899349
0.632 -0.7390733052792354
0.633 -0.9205206971457629
0.634 -0.9626054320228232
0.635 -0.9949867697211295
0.636 -0.9549592661358259
0.637 -0.8984823134712231
0.638 -0.8158310465476111
0.639 -0.8962489638372925
0.64 -0.9518348990263465
0.641 -0.9124396949686575
0.642 -0.8467384227418866
0.643 -0.9082430179355592
0.644 -0.7947007010987892
0.645 -0.8858476478484466
0.646 -0.9787458572889669
0.647 -0.8688726347374749
0.648 -0.8951936736719851
0.649 -0.865707392198886
0.65 -0.9093599008525902
0.651 -0.97777287796427
0.652 -1.0032981207614595
0.653 -0.9150194061006615
0.654 -0.9090032613935664
0.655 -0.9952698727265749
0.656 -1.050167859687992
0.657 -0.9910954690064785
0.658 -1.0500276887325213
0.659 -1.019700394200109
0.66 -1.022185907044158
0.661 -1.0452825273886714
0.662 -0.9486420280817508
0.663 -1.0047356798129343
0.664 -1.0738855092637822
0.665 -1.0633753467733793
0.666 -0.9287628211891573
0.667 -0.8282658890069716
0.668 -0.7767398713034698
0.669 -0.6723306113752062
0.67 -0.6804857487275805
0.671 -0.7098163704826294
0.672 -0.9103268288868964
0.673 -0.8839112694592357
0.674 -0.7546628860232995
0.675 -0.6376614923866469
0.676 -0.5484696162881085
0.677 -0.6133328243962016
0.678 -0.5929924476731283
0.679 -0.6089820078811229
0.68 -0.689529938448987
0.681 -0.7626741870526601
0.682 -0.7652294285366287
0.683 -0.7673710227611423
0.684 -0.7955543962711086
0.685 -0.7809299432783838
0.686 -0.7530548141207337
0.687 -0.7389333629690304
0.6880000000000001 -0.7542126013340934
0.6890000000000001 -0.7601564322076712
0.6900000000000001 -0.5555016374165983
0.6910000000000001 -0.5239571895346203
0.6920000000000001 -0.6049981430988742
0.6930000000000001 -0.592744716592815
0.6940000000000001 -0.5600361618293981
0.6950000000000001 -0.5325277794701724
0.6960000000000001 -0.5158542225533941
0.6970000000000001 -0.4709683727923134
0.6980000000000001 -0.5192060464516023
0.6990000000000001 -0.4416931919759033
0.7000000000000001 -0.3878145778075314
0.7010000000000001 -0.3094739894830386
0.7020000000000001 -0.22398257154079543
0.7030000000000001 -0.34447624663318266
0.704 -0.27713103924286475
0.705 -0.3550178062047116
0.706 -0.36998053133930836
0.707 -0.3866514518919333
0.708 -0.42792675258235485
0.709 -0.35898841825758415
0.71 -0.38422071823451065
0.711 -0.418005321649192
0.712 -0.4893494722719025
0.713 -0.5354987516915142
0.714 -0.5905445322282682
0.715 -0.5663030815638282
0.716 -0.5887712278142401
0.717 -0.5399516814114648
0.718 -0.6349007396428474
0.719 -0.7561751499087388
0.72 -0.7216371990461135
0.721 -0.6575634825051507
0.722 -0.6691272488352952
0.723 -0.7585318252826476
0.724 -0.7610456779302408
0.725 -0.6764560750932185
0.726 -0.7206273145605652
0.727 -0.7127332056128052
0.728 -0.7059017376859942
0.729 -0.71272012709169
0.73 -0.8174175564658425
0.731 -0.8080199544709182
0.732 -0.7440983010198114
0.733 -0.64450830979441
0.734 -0.586770973640211
0.735 -0.5217428462574375
0.736 -0.4523439317227628
0.737 -0.4660538666130806
0.738 -0.44124011487056886
0.739 -0.5217099883285171
0.74 -0.6016857946670251
0.741 -0.5375041732072678
0.742 -0.6125235776230313
0.743 -0.6064884676550695
0.744 -0.600884275480659
0.745 -0.6772096302370478
0.746 -0.659418099114567
0.747 -0.6895002340620559
0.748 -0.6664191352710098
0.749 -0.8278611811224975
0.75 -0.9792556798182082
0.751 -0.9842925527747434
0.752 -0.991414756184371
0.753 -0.9881508360331186
0.754 -1.030425189994688
0.755 -1.0510227023991496
0.756 -1.1411081031529953
0.757 -1.1168635121172448
0.758 -1.1761138232047958
0.759 -1.2145498286670335
0.76 -1.2520338125753157
0.761 -1.3195534970099696
0.762 -1.2813945784295309
0.763 -1.1551183714902764
0.764 -1.0682795195575088
0.765 -1.1244130341378187
0.766 -1.115454719093871
0.767 -1.1060475177868143
0.768 -1.0603499712882387
0.769 -0.995036373888845
0.77 -0.9078829655883468
0.771 -0.9778993342293558
0.772 -0.9567636320613349
0.773 -0.9711412810011387
0.774 -0.972817799270403
0.775 -0.9389521472130955
0.776 -0.8655216812228874
0.777 -1.0010378749792952
0.778 -0.967596918940184
0.779 -1.0215017933212214
0.78 -0.9648064744249274
0.781 -1.0135914235410635
0.782 -0.9471681794892474
0.783 -1.0021335803045037
0.784 -0.9863410920627497
0.785 -1.0521773726899766
0.786 -0.9718705708556987
0.787 -0.9602255612193734
0.788 -1.0576599030258298
0.789 -0.9032502800426501
0.79 -0.9550253470072883
0.791 -0.8894774520567711
0.792 -0.8913576711986185
0.793 -0.891405794693895
0.794 -0.8656248732411138
0.795 -0.80408810071907
0.796 -0.9021275888518216
0.797 -0.9264351209138717
0.798 -0.7980510235051822
0.799 -0.7295045808916828
0.8 -0.774731346330594
0.801 -0.7349335980397366
0.802 -0.7562025765196839
0.803 -0.7829106023344494
0.804 -0.8185613864814828
0.805 -0.7964517862297594
0.806 -0.7070438111991244
0.807 -0.7427834780951987
0.808 -0.7257158318456609
0.809 -0.7347185027825996
0.81 -0.7675229063153179
0.811 -0.8226271614377638
0.812 -0.8333798552070133
0.8130000000000001 -0.7267873333600784
0.8140000000000001 -0.68837380452699
0.8150000000000001 -0.6706459318815917
0.8160000000000001 -0.6207313536203768
0.8170000000000001 -0.5812410424874739
0.8180000000000001 -0.6113935251506086
0.8190000000000001 -0.5565079730056978
0.8200000000000001 -0.5484948476366373
0.8210000000000001 -0.5310024535190668
0.8220000000000001 -0.46286313672375534
0.8230000000000001 -0.37288669509025185
0.8240000000000001 -0.3763383300241095
0.8250000000000001 -0.39505387133336656
0.8260000000000001 -0.40214808233981963
0.8270000000000001 -0.4106507735623917
0.8280000000000001 -0.4034761477744029
0.8290000000000001 -0.5117061866255184
0.8300000000000001 -0.517864018468188
0.8310000000000001 -0.5954238816609727
0.8320000000000001 -0.674506197023617
0.833 -0.6154706103999976
0.834 -0.6237285469564522
0.835 -0.6813710757834924
0.836 -0.6551881056940481
0.837 -0.655037368995569
0.838 -0.5605267839694422
0.839 -0.482916196339037
0.84 -0.6213122889775697
0.841 -0.6921533007984294
0.842 -0.7097031846120148
0.843 -0.660280114609578
0.844 -0.7041425177165977
0.845 -0.6968470833670113
0.846 -0.5057923678070962
0.847 -0.46731252896480885
0.848 -0.41818552642368845
0.849 -0.44548725878855344
0.85 -0.40714049538113517
0.851 -0.50492270523049
0.852 -0.4196337644888493
0.853 -0.3908024341730986
0.854 -0.36176239502640195
0.855 -0.3714572172746621
0.856 -0.3300454979643792
0.857 -0.36295644816993883
0.858 -0.39816470377455976
0.859 -0.3748105799968345
0.86 -0.29384441057626975
0.861 -0.25816415001085463
0.862 -0.3178580419769806
0.863 -0.289476454324415
0.864 -0.321791853949983
0.865 -0.358681441254619
0.866 -0.4032918183850248
0.867 -0.29624634091726076
0.868 -0.34505514235608126
0.869 -0.33639833114349194
0.87 -0.3086697652189951
0.871 -0.31719855716414036
0.872 -0.48389376673119316
0.873 -0.5042847654298149
0.874 -0.4797786396853397
0.875 -0.5238977951986417
0.876 -0.48390391497718455
0.877 -0.4785855663724587
0.878 -0.46445186876006544
0.879 -0.4273372457074087
0.88 -0.5457215486845207
0.881 -0.49749927738742983
0.882 -0.5565015327153144
0.883 -0.4982531925405278
0.884 -0.47894963640992244
0.885 -0.5510488670616188
0.886 -0.6376191817882535
0.887 -0.6265531715485768
0.888 -0.6159115442783811
0.889 -0.6426519195319506
0.89 -0.5780863856292185
0.891 -0.5482087071238041
0.892 -0.4596032838833919
0.893 -0.41764885906043137
0.894 -0.47755937920262137
0.895 -0.5484458565807374
0.896 -0.5346184552149726
0.897 -0.537259281300337
0.898 -0.5725566306179728
0.899 -0.5939211893216672
0.9 -0.6641393842582042
0.901 -0.7790191367242641
0.902 -0.752103253186912
0.903 -0.7618277846897783
0.904 -0.6454210920661517
0.905 -0.594447593347408
0.906 -0.554067465247321
0.907 -0.6669661796521039
0.908 -0.5546236101404136
0.909 -0.5081782536316358
0.91 -0.5493382051368068
0.911 -0.4786205553306012
0.912 -0.4177820101497948
0.913 -0.3322790478840181
0.914 -0.3754426560738429
0.915 -0.40990924690267305
0.916 -0.3780440175007674
0.917 -0.3561976874485219
0.918 -0.3862772704422596
0.919 -0.3863972892555317
0.92 -0.37239763351064314
0.921 -0.29473384283026793
0.922 -0.2404801214385315
0.923 -0.1441936622223131
0.924 -0.15927713622849426
0.925 -0.20196228587802895
0.926 -0.2163966043246335
0.927 -0.17757956677446451
0.928 -0.2066839119015223
0.929 -0.13665650369778287
0.93 -0.1956932820502288
0.931 -0.20411700878750338
0.932 -0.14910627487823255
0.933 -0.16987999095685646
0.934 -0.2412178766120163
0.935 -0.21636378574872106
0.936 -0.23190296314328004
0.937 -0.30689263471656375
0.9380000000000001 -0.3279889174597628
0.9390000000000001 -0.31835195081540496
0.9400000000000001 -0.41654330451809857
0.9410000000000001 -0.37911044887805284
0.9420000000000001 -0.3994876666384204
0.9430000000000001 -0.4636598571052811
0.9440000000000001 -0.5408366852958049
0.9450000000000001 -0.5057026608181697
0.9460000000000001 -0.5763140209261609
0.9470000000000001 -0.48415286038719774
0.9480000000000001 -0.4583489650628859
0.9490000000000001 -0.399889117376816
0.9500000000000001 -0.3554743150198394
0.9510000000000001 -0.22736485292444758
0.9520000000000001 -0.13321312131103974
0.9530000000000001 -0.04111299136201914
0.9540000000000001 0.010533438544113705
0.9550000000000001 -0.010403746964327897
0.9560000000000001 -0.07057804546480234
0.9570000000000001 0.12042492505480576
0.9580000000000001 0.13796522723998492
0.9590000000000001 0.14647258220227816
0.96 0.1191523873754575
0.961 0.14322618006537133
0.962 0.14294360706721856
0.963 0.09626284169558569
0.964 0.02329159366821819
0.965 0.02509480697999983
0.966 0.05821225078786776
0.967 -0.04754049083976037
0.968 0.025447868881412906
0.969 9.754801986455036e-5
0.97 -0.009776378287781644
0.971 -0.0034612450365577446
0.972 -0.0782099326955623
0.973 -0.012542195215468316
0.974 0.03573440971189393
0.975 0.029321283428225212
0.976 0.007701987342343897
0.977 0.011989304326177803
0.978 0.027760072866468165
0.979 -0.09073537235676626
0.98 -0.19875202962811378
0.981 -0.3135757311417976
0.982 -0.27347315215361445
0.983 -0.30474251254636997
0.984 -0.2201741163712319
0.985 -0.24521447033587093
0.986 -0.25303924321952553
0.987 -0.1168452425608748
0.988 -0.1276710244860287
0.989 -0.11159088901270253
0.99 -0.02896527813364938
0.991 0.023478937487209327
0.992 -0.05331101937636228
0.993 -0.16507066334843315
0.994 -0.1371500473565975
0.995 -0.1254305293655169
0.996 -0.1916410560178884
0.997 -0.15708351120755212
0.998 -0.11591796069298738
0.999 -0.10673914158916337
1.0 -0.27802747918969095
1.0010000000000001 -0.6149559637089339
1.002 -0.8527488024929802
1.0030000000000001 -1.0691598469057109
1.004 -1.3650909010284291
1.0050000000000001 -1.4988105066101343
1.006 -1.5705054432136192
1.0070000000000001 -1.7956814109633483
1.008 -1.9509307448785085
1.0090000000000001 -2.099210303582139
1.01 -2.1762502167109585
1.0110000000000001 -2.171286258855312
1.012 -2.31529949984628
1.0130000000000001 -2.2975965678289305
1.014 -2.430973369511523
1.0150000000000001 -2.6029300283792036
1.016 -2.6697410806728086
1.0170000000000001 -2.7916858382479224
1.018 -2.7634225526585086
1.0190000000000001 -2.846348323223015
1.02 -2.8437109303262944
1.0210000000000001 -2.916715300603503
1.022 -2.958725405910754
1.0230000000000001 -3.079841681042129
1.024 -3.242744624114186
1.025 -3.281172453987334
1.026 -3.3057836491289843
1.027 -3.3042538619262007
1.028 -3.315358352232077
1.029 -3.4000677231494314
1.03 -3.3293357448219734
1.031 -3.3603890534239644
1.032 -3.3910126153984423
1.033 -3.378053896092943
1.034 -3.3307755822160043
1.035 -3.2705197807997086
1.036 -3.2194835382251554
1.037 -3.143914602434316
1.038 -3.176777854306841
1.039 -3.2754385722645623
1.04 -3.2249121342757396
1.041 -3.1883767588919367
1.042 -3.060347486956825
1.043 -2.8955989835205163
1.044 -2.8312416732319923
1.045 -2.7294527282364136
1.046 -2.5883529795682856
1.047 -2.5529653648530752
1.048 -2.442087428442156
1.049 -2.462655723486506
1.05 -2.454988030942314
1.051 -2.3522212890798753
1.052 -2.2977820930128194
1.053 -2.1990229817844384
1.054 -2.110102510707665
1.055 -1.8805842098130408
1.056 -1.789723684923631
1.057 -1.6545955725527424
1.058 -1.5863071203701917
1.059 -1.5433003569501844
1.06 -1.4564760483916843
1.061 -1.2926779826946468
1.062 -1.2333774908765345
1.063 -1.256032766510826
1.064 -1.1826871235991199
1.065 -1.1061642841851842
1.066 -1.0226737290974401
1.067 -1.0998728800820081
1.068 -0.9575874152290634
1.069 -0.8059108904647205
1.07 -0.6537268425691178
1.071 -0.46755417726173254
1.072 -0.3109204096372643
1.073 -0.04619930411343953
1.074 -0.019930984702067
1.075 0.12135046510217617
1.076 0.22604735745032734
1.077 0.2779794688428504
1.078 0.5077715713681284
1.079 0.6305880730303423
1.08 0.7683127342928012
1.081 0.911176125113434
1.082 0.9221512366072275
1.083 0.9495738230584561
1.084 1.0013433230992128
1.085 1.0545845189739878
1.086 1.1053804010225403
1.087 1.151438492242061
1.088 1.3402754699135255
1.089 1.481252228119146
1.09 1.4951405191088982
1.091 1.5714884217857716
1.092 1.6386411922813933
1.093 1.65738634365004
1.094 1.8363779954889332
1.095 1.9742690194101897
1.096 2.046013403656302
1.097 2.09925760135825
1.098 2.0847258581899504
1.099 2.097514268038395
1.1 2.2427196499804833
1.101 2.2600030268194313
1.102 2.326060586659762
1.103 2.454953645998833
1.104 2.47957983960219
1.105 2.527140484331055
1.106 2.3574382195921766
1.107 2.353675683764647
1.108 2.393920611559378
1.109 2.419266492445945
1.11 2.4179400486272034
1.111 2.3962283565982947
1.112 2.4993259344119343
1.113 2.37339560814415
1.114 2.3298559441973445
1.115 2.3846994976668157
1.116 2.3236615735970405
1.117 2.2913010257963524
1.118 2.2534938705164054
1.119 2.1022758026456017
1.12 1.961598026057946
1.121 1.8545255713606665
1.122 1.7699160520719945
1.123 1.770384776783538
1.124 1.7072411074126004
1.125 1.684898154825742
1.1260000000000001 1.5987493791829563
1.127 1.5010192485088583
1.1280000000000001 1.3979223923391286
1.129 1.2679839999746558
1.1300000000000001 1.1727555491998776
1.131 1.1802717868211945
1.1320000000000001 1.0169520018137201
1.133 0.9228133821573765
1.1340000000000001 0.8560207435124305
1.135 0.6706834562773789
1.1360000000000001 0.7383398411573168
1.137 0.6350415072899478
1.1380000000000001 0.6018582267632596
1.139 0.388884824099603
1.1400000000000001 0.3070494745328701
1.141 0.15354949900823822
1.1420000000000001 0.012839890990921199
1.143 -0.1576134096022287
1.1440000000000001 -0.27344450657891883
1.145 -0.3994629993183356
1.1460000000000001 -0.48789501940336144
1.147 -0.6138439709941425
1.1480000000000001 -0.7323742992803871
1.149 -0.7714097351192056
1.1500000000000001 -0.9430520342340538
1.151 -1.0613575973110274
1.1520000000000001 -1.1317769283513084
1.153 -1.1410453798057039
1.154 -1.2234458468613407
1.155 -1.3263114928669193
1.156 -1.4437820446552299
1.157 -1.5744184292615988
1.158 -1.7161858374606715
1.159 -1.8332590861245266
1.16 -1.8651488219360706
1.161 -1.8972555209249735
1.162 -1.9734819651294861
1.163 -2.1925536992480223
1.164 -2.1827740126522497
1.165 -2.345534780702109
1.166 -2.453274346069147
1.167 -2.608539570225979
1.168 -2.646628184296568
1.169 -2.75729611445273
1.17 -2.7916668799676185
1.171 -2.883489656548857
1.172 -2.895889808849044
1.173 -2.96682467585072
1.174 -3.130123164247932
1.175 -3.172522088915644
1.176 -3.220874514646432
1.177 -3.2454015909059866
1.178 -3.2668024813050884
1.179 -3.4574935803675793
1.18 -3.543821575145005
1.181 -3.6830620617952845
1.182 -3.671914803719411
1.183 -3.709140088917683
1.184 -3.708552577290497
1.185 -3.610829766504672
1.186 -3.7037858300138584
1.187 -3.7543803604189563
1.188 -3.8006460721341755
1.189 -3.740298837418152
1.19 -3.6668447532575583
1.191 -3.6070008693942865
1.192 -3.5473729569758157
1.193 -3.556835138851399
1.194 -3.5063329510989663
1.195 -3.5550029937017946
1.196 -3.406443631794077
1.197 -3.30283928159864
1.198 -3.2614527997379876
1.199 -3.227438689607985
1.2 -3.0921389274331115
1.201 -3.0865187882625245
1.202 -3.005302288475526
1.203 -3.0629347184186697
1.204 -3.0053580917658604
1.205 -3.0228658869165397
1.206 -2.9497512029401016
1.207 -2.8867305136771857
1.208 -2.673178384466201
1.209 -2.5863525947146138
1.21 -2.4396297326622864
1.211 -2.3952830541257786
1.212 -2.5306584720879934
1.213 -2.420685924081582
1.214 -2.362995510384273
1.215 -2.4284153501016643
1.216 -2.3487517408337686
1.217 -2.3541571331510736
1.218 -2.287756543896372
1.219 -2.2583809114649056
1.22 -2.201657368003649
1.221 -2.209169501332361
1.222 -2.231838485698783
1.223 -2.183778715991727
1.224 -2.1028209115644514
1.225 -1.999385990707232
1.226 -1.9607938982297504
1.227 -1.860456090255506
1.228 -1.8438155774540401
1.229 -1.7980157124390508
1.23 -1.6001582648801969
1.231 -1.5774855429757761
1.232 -1.5188578931971597
1.233 -1.4927519488973808
1.234 -1.4118623880167784
1.235 -1.3735607825977774
1.236 -1.4597824172861995
1.237 -1.4271606243598371
1.238 -1.3413097236016722
1.239 -1.2970087710972757
1.24 -1.3049752541313104
1.241 -1.2262192764422633
1.242 -1.210449817391348
1.243 -1.2178230948298863
1.244 -1.1893951911786063
1.245 -1.1432626203453948
1.246 -1.1034051280941963
1.247 -1.0943550983882373
1.248 -1.0534850956134618
1.249 -1.0253082087582723
1.25 -0.9476176881309719
1.2510000000000001 -0.8635269000377215
1.252 -0.8747826440156355
1.2530000000000001 -0.9354843345358999
1.254 -0.9776502520110569
1.2550000000000001 -0.9387079265688975
1.256 -0.95952845413153
1.2570000000000001 -0.9866048520731396
1.258 -0.9040641215827465
1.2590000000000001 -0.9165000146563365
1.26 -0.8846541182993694
1.2610000000000001 -0.8594244411884734
1.262 -0.8619092296533147
1.2630000000000001 -0.8328103899676566
1.264 -0.818458378398033
1.2650000000000001 -0.7940400285328446
1.266 -0.8987728399681603
1.2670000000000001 -0.8327996581446061
1.268 -0.7840196055956874
1.2690000000000001 -0.7111743154827481
1.27 -0.7779484195256833
1.2710000000000001 -0.730212644000369
1.272 -0.7725694014478576
1.2730000000000001 -0.819766388869285
1.274 -0.8246838949299988
1.2750000000000001 -0.8286734975058087
1.276 -0.8198118868508879
1.2770000000000001 -0.7067616313487692
1.278 -0.6893363765069749
1.2790000000000001 -0.666977787390499
1.28 -0.6207209646294589
1.281 -0.6377650991243312
1.282 -0.6609709323487878
1.283 -0.5180364721607138
1.284 -0.45031786399707885
1.285 -0.47223651313262227
1.286 -0.47287765164401463
1.287 -0.5553439879613011
1.288 -0.5799968590606518
1.289 -0.5157441343612571
1.29 -0.3447173349022036
1.291 -0.4099026573218212
1.292 -0.4337439853047737
1.293 -0.41340045029905503
1.294 -0.5157146232471913
1.295 -0.5981114290519617
1.296 -0.6443645761059842
1.297 -0.6195776594827421
1.298 -0.545111408910994
1.299 -0.5876255121953118
1.3 -0.6499855441561596
1.301 -0.6292789348808291
1.302 -0.6520123153569594
1.303 -0.5705958484920886
1.304 -0.4775604884040219
1.305 -0.40984087124362845
1.306 -0.365193819462418
1.307 -0.35595759498809953
1.308 -0.4028764229639453
1.309 -0.43236028050086006
1.31 -0.4140352925146097
1.311 -0.4212772993090942
1.312 -0.3957362551295158
1.313 -0.3766657003547277
1.314 -0.3258258214747741
1.315 -0.3480144133077492
1.316 -0.3107094540363774
1.317 -0.3406785574125784
1.318 -0.17880343489522021
1.319 -0.22314747398478996
1.32 -0.16730250111089862
1.321 -0.21285899267066394
1.322 -0.21201805083320835
1.323 -0.2570763118477627
1.324 -0.2998921629362547
1.325 -0.31469737420199095
1.326 -0.3361381356667509
1.327 -0.3135746411835242
1.328 -0.3878759362783064
1.329 -0.32478359723957817
1.33 -0.3316774713325299
1.331 -0.2125027269711357
1.332 -0.19389476015952578
1.333 -0.215349163271372
1.334 -0.31684142779335356
1.335 -0.25624985968200165
1.336 -0.36424561692902735
1.337 -0.2968399561526527
1.338 -0.3844246914318521
1.339 -0.32194392705960995
1.34 -0.19957551840921683
1.341 -0.24495261080038944
1.342 -0.33747756429260534
1.343 -0.34160364671619214
1.344 -0.3560535089814433
1.345 -0.3611672878066261
1.346 -0.3429273382725918
1.347 -0.4170768907850102
1.348 -0.447679872166839
1.349 -0.44452028261306176
1.35 -0.42174861051997736
1.351 -0.59708502039704
1.352 -0.5681898474950624
1.353 -0.4977011155465281
1.354 -0.5782293137608048
1.355 -0.593210607572284
1.356 -0.6633578477546117
1.357 -0.7663612366149001
1.358 -0.7502231661731036
1.359 -0.7459989575477759
1.36 -0.7667706499931413
1.361 -0.9082308909798198
1.362 -0.8883223087187231
1.363 -0.817163398250354
1.364 -0.758418280416354
1.365 -0.8692019397683504
1.366 -0.9174985021059272
1.367 -1.0435202351457433
1.368 -1.0216537397886194
1.369 -0.9867284090828817
1.37 -0.9806028684826933
1.371 -1.0862659079774513
1.372 -1.1175154307584276
1.373 -1.1584757718478134
1.374 -1.2576130957660712
1.375 -1.301728911985492
1.3760000000000001 -1.3276181461795118
1.377 -1.4569035648944102
1.3780000000000001 -1.4778338495307266
1.379 -1.504900547977511
1.3800000000000001 -1.4805797704884989
1.381 -1.5031477215605475
1.3820000000000001 -1.5399767147000147
1.383 -1.605269296139996
1.3840000000000001 -1.5836489293375275
1.385 -1.647465900591912
1.3860000000000001 -1.6216295921262738
1.387 -1.654709073786028
1.3880000000000001 -1.6684101674272378
1.389 -1.7006221717094987
1.3900000000000001 -1.8655161049509053
1.391 -1.9029872866886834
1.3920000000000001 -1.9278742327667433
1.393 -1.9627417875763284
1.3940000000000001 -1.9904694536944523
1.395 -1.9498378788114272
1.3960000000000001 -1.9517089573537252
1.397 -2.0415580059630405
1.3980000000000001 -2.061330759122059
1.399 -2.120325658287658
1.4000000000000001 -2.254396941502672
1.401 -2.234231471036793
1.4020000000000001 -2.3240883252859685
1.403 -2.424028782395343
1.4040000000000001 -2.499771306642539
1.405 -2.479228732755465
1.4060000000000001 -2.5267122445836
1.407 -2.4498055652749797
1.408 -2.411172802423252
1.409 -2.403248858933331
1.41 -2.42285215498214
1.411 -2.3687594802476117
1.412 -2.432644596175419
1.413 -2.5125613777071156
1.414 -2.6051218581962443
1.415 -2.7296256787659874
1.416 -2.700899685563043
1.417 -2.796627941674639
1.418 -2.9010244835249646
1.419 -2.956579724574
1.42 -2.9156002633066493
1.421 -2.9990769015315735
1.422 -3.1072692467473146
1.423 -3.0011746978796787
1.424 -2.996784303452935
1.425 -3.0477826000843424
1.426 -3.064105005872035
1.427 -3.1288106485705693
1.428 -3.166720465259249
1.429 -3.1892492501541914
1.43 -3.2197096285070113
1.431 -3.238671082364685
1.432 -3.34197735990699
1.433 -3.5710999028076293
1.434 -3.5401106207252457
1.435 -3.633384180930824
1.436 -3.688254004265783
1.437 -3.6879912569200877
1.438 -3.6953294999231128
1.439 -3.6884004621894886
1.44 -3.7909051863391756
1.441 -3.7958180235989545
1.442 -3.8162136877223674
1.443 -3.7963512647636883
1.444 -3.8651584623719635
1.445 -3.871949186419651
1.446 -3.8562842206950982
1.447 -3.823999426228248
1.448 -3.94165459621984
1.449 -3.907348381993728
1.45 -3.933080656489877
1.451 -3.9998011931011246
1.452 -4.03556408201283
1.453 -3.96852502131057
1.454 -4.0248319554836325
1.455 -4.114905089163175
1.456 -4.2467828096031575
1.457 -4.289893982295614
1.458 -4.384791397940942
1.459 -4.591202512021665
1.46 -4.651147793656293
1.461 -4.758771348954535
1.462 -4.7846705500638915
1.463 -4.7126701332843375
1.464 -4.767383066646675
1.465 -4.817416559709479
1.466 -4.885593468329289
1.467 -4.85076606257871
1.468 -4.888584353527624
1.469 -4.97603603101666
1.47 -4.968620597216213
1.471 -4.940047922011782
1.472 -4.968004539368456
1.473 -5.008806246833673
1.474 -5.05638506173837
1.475 -5.059603092640319
1.476 -5.2982497838231435
1.477 -5.283341894564175
1.478 -5.3161546569314435
1.479 -5.412347433864242
1.48 -5.392357979212561
1.481 -5.533024646367906
1.482 -5.559149351269374
1.483 -5.574737761782764
1.484 -5.671677476403
1.485 -5.708057050710551
1.486 -5.698197490503147
1.487 -5.709208231909976
1.488 -5.732259695578517
1.489 -5.764184521697842
1.49 -5.699249477039662
1.491 -5.880088578949635
1.492 -5.941923940607777
1.493 -5.987014716168139
1.494 -6.168010432253209
1.495 -6.100051405534462
1.496 -6.305976155176136
1.497 -6.294988206869544
1.498 -6.284619146981527
1.499 -6.325290242348267
1.5 -6.357768905909908
1.5010000000000001 -6.41199599085794
1.502 -6.310412514679697
1.5030000000000001 -6.286653567488142
1.504 -6.265857265079476
1.5050000000000001 -6.29350870779825
1.506 -6.355011348029254
1.5070000000000001 -6.368220796875133
1.508 -6.471868019307944
1.5090000000000001 -6.468047499387448
1.51 -6.431080787840289
1.5110000000000001 -6.4893045021701035
1.512 -6.629507266255042
1.5130000000000001 -6.601417836349628
1.514 -6.6493800781413395
1.5150000000000001 -6.643455683247774
1.516 -6.719868677194536
1.5170000000000001 -6.794861044016672
1.518 -6.8590815847679325
1.5190000000000001 -6.822080597628606
1.52 -6.796105558859543
1.5210000000000001 -6.808269664464853
1.522 -6.887675922277979
1.5230000000000001 -6.847729967089054
1.524 -6.992487126478661
1.5250000000000001 -6.996668285569498
1.526 -6.996444883095865
1.5270000000000001 -7.108125640812649
1.528 -7.050805072583718
1.5290000000000001 -7.099899302360644
1.53 -7.072536174125026
1.5310000000000001 -7.023258030176642
1.532 -6.9487616932486445
1.5330000000000001 -7.039088749947566
1.534 -7.039627073289122
1.5350000000000001 -7.030106430611431
1.536 -7.091591784727581
1.537 -6.995043991490399
1.538 -7.066706386699312
1.539 -7.061309119544056
1.54 -7.108556583247833
1.541 -7.063920165389181
1.542 -7.203466380319177
1.543 -7.280160035695149
1.544 -7.300843749851959
1.545 -7.280807439297383
1.546 -7.365236855947064
1.547 -7.259107634239381
1.548 -7.455237594180796
1.549 -7.506753037451659
1.55 -7.483984694071553
1.551 -7.570020711176278
1.552 -7.390345470378587
1.553 -7.518186681530214
1.554 -7.490415326905619
1.555 -7.578105355104306
1.556 -7.588978965272911
1.557 -7.642610424789606
1.558 -7.664918241252356
1.559 -7.593960145626281
1.56 -7.4700072315702375
1.561 -7.465593145438209
1.562 -7.514880170235875
1.563 -7.5008983454212235
1.564 -7.648925003674512
1.565 -7.6825484632792795
1.566 -7.70976946176007
1.567 -7.757896285867198
1.568 -7.879515477452666
1.569 -7.8725321886065895
1.57 -7.911946534423337
1.571 -8.01723536123145
1.572 -7.923353328700221
1.573 -7.950539934399049
1.574 -8.046467120288462
1.575 -8.107971654549761
1.576 -8.156070760264972
1.577 -8.140747151684948
1.578 -8.150708462711682
1.579 -8.164913911227913
1.58 -8.161438264336295
1.581 -8.207338050645985
1.582 -8.17097385422694
1.583 -8.200170146706727
1.584 -8.230279579421715
1.585 -8.336084863356826
1.586 -8.291135901528513
1.587 -8.375797396217859
1.588 -8.320159819180034
1.589 -8.278254172769621
1.59 -8.25555438174617
1.591 -8.348931126493026
1.592 -8.320958494319727
1.593 -8.390133605991382
1.594 -8.507079947087174
1.595 -8.486841572637788
1.596 -8.345991371899975
1.597 -8.435522223002579
1.598 -8.381740507502231
1.599 -8.456414748357469
1.6 -8.423781087242945
1.601 -8.367301913927335
1.602 -8.47149127806887
1.603 -8.433226032147141
1.604 -8.510583089257393
1.605 -8.571981197231997
1.606 -8.501654954112729
1.607 -8.47338929036477
1.608 -8.572011810099719
1.609 -8.517570314242509
1.61 -8.516624247421259
1.611 -8.461858084185364
1.612 -8.488895416996709
1.613 -8.566934209598415
1.614 -8.503601660496312
1.615 -8.523848406279969
1.616 -8.557764401490498
1.617 -8.593105136596249
1.618 -8.606291142032429
1.619 -8.6576266369188
1.62 -8.614945838701297
1.621 -8.698825287983937
1.622 -8.676206303165173
1.623 -8.604370212512329
1.624 -8.624983990932165
1.625 -8.512136303181606
1.6260000000000001 -8.46782750424436
1.627 -8.436409571775522
1.6280000000000001 -8.508454239402008
1.629 -8.504182960432855
1.6300000000000001 -8.412021233308874
1.631 -8.31880630895029
1.6320000000000001 -8.326426466296182
1.633 -8.272774492029592
1.6340000000000001 -8.251264616058592
1.635 -8.312807497948599
1.6360000000000001 -8.327482193588704
1.637 -8.370452901885294
1.6380000000000001 -8.197599208796769
1.639 -8.137449823820896
1.6400000000000001 -8.114371374458536
1.641 -8.0251426408483
1.6420000000000001 -7.971427101248597
1.643 -7.8397571576266465
1.6440000000000001 -7.804961155742893
1.645 -7.843296765927143
1.6460000000000001 -7.78063500308196
1.647 -7.608277141764532
1.6480000000000001 -7.520724627937112
1.649 -7.482337634278095
1.6500000000000001 -7.498687100117231
1.651 -7.4219413368093905
1.6520000000000001 -7.4555054150701885
1.653 -7.312204899029491
1.6540000000000001 -7.244274656913255
1.655 -7.222587525750615
1.6560000000000001 -7.0826290517427575
1.657 -6.978639956396536
1.6580000000000001 -6.891900196194194
1.659 -6.966647105442352
1.6600000000000001 -6.781119347677969
1.661 -6.679274030702424
1.6620000000000001 -6.67377269618048
1.663 -6.594504850810056
1.6640000000000001 -6.578798710754671
1.665 -6.570814302795796
1.666 -6.493967084494767
1.667 -6.513902121764821
1.668 -6.513980915974204
1.669 -6.4774774008623055
1.67 -6.333278363049756
1.671 -6.300642575030297
1.672 -6.311865164274235
1.673 -6.1775028813101684
1.674 -6.2306442585549195
1.675 -6.073349141991465
1.676 -6.183811988620156
1.677 -6.212140449721457
1.678 -6.064669779808505
1.679 -5.969562173017049
1.68 -6.070779818187132
1.681 -6.005809364735446
1.682 -5.798489238535806
1.683 -5.593448923781255
1.684 -5.531647440297247
1.685 -5.453091667523282
1.686 -5.430877464679621
1.687 -5.404933134719694
1.688 -5.291508107960581
1.689 -5.185837309724587
1.69 -5.124165599875217
1.691 -5.017198963710957
1.692 -4.940167695052472
1.693 -4.998440943439063
1.694 -4.91494706229863
1.695 -4.912069295662604
1.696 -4.868359208448214
1.697 -4.778034406902122
1.698 -4.784675432004656
1.699 -4.72181324224729
1.7 -4.505530806261997
1.701 -4.399459256603032
1.702 -4.359421605424333
1.703 -4.309585919028484
1.704 -4.336623865234639
1.705 -4.231409179589761
1.706 -4.0755246385119
1.707 -3.9570639017625115
1.708 -3.9430476359401543
1.709 -3.7700698800523185
1.71 -3.5913716807053793
1.711 -3.4734500799062245
1.712 -3.4387499881858012
1.713 -3.317352972344753
1.714 -3.2497772810535692
1.715 -3.147176070309768
1.716 -3.102485315802308
1.717 -3.045250258846337
1.718 -2.9549966152611886
1.719 -2.8216364087180454
1.72 -2.809846854067426
1.721 -2.720038533926984
1.722 -2.705754123384903
1.723 -2.6426301691358725
1.724 -2.5140001757403896
1.725 -2.294713928279234
1.726 -2.1629023854251845
1.727 -2.002316634029457
1.728 -1.9919847559671093
1.729 -1.8414356523435362
1.73 -1.784084703174107
1.731 -1.6263464274778316
1.732 -1.5738439523705956
1.733 -1.4120724269524008
1.734 -1.34573662036986
1.735 -1.2099775673543065
1.736 -1.0689716863471939
1.737 -1.0217049460046546
1.738 -0.8901486949219314
1.739 -0.7755025379538729
1.74 -0.6886278106472425
1.741 -0.5865016538178656
1.742 -0.5017272439378824
1.743 -0.49063422769389825
1.744 -0.38687364277536296
1.745 -0.2720936897573483
1.746 -0.18801686570683895
1.747 -0.052881784924081354
1.748 0.10267284739347574
1.749 0.13301943347580647
1.75 0.27743941612453143
1.7510000000000001 0.21656805509116359
1.752 0.26761593677523
1.7530000000000001 0.3538280906476004
1.754 0.483702171104866
1.7550000000000001 0.5440824361504311
1.756 0.49914674127962877
1.7570000000000001 0.5052932287983096
1.758 0.5551011054551954
1.7590000000000001 0.5001855777120322
1.76 0.5336748553062279
1.7610000000000001 0.5094088785434814
1.762 0.4997216809559383
1.7630000000000001 0.4972380526994982
1.764 0.4167053485433768
1.7650000000000001 0.3526731089584464
1.766 0.3561899768723058
1.7670000000000001 0.33477765806705406
1.768 0.300144952737068
1.7690000000000001 0.25731631668039
1.77 0.2026842472332985
1.7710000000000001 0.2368616930635682
1.772 0.16857250191442696
1.7730000000000001 0.1599468750262224
1.774 0.12895668973731617
1.7750000000000001 0.14632096572575132
1.776 0.12168569036553742
1.7770000000000001 0.10149152808980423
1.778 0.10086180034298847
1.7790000000000001 0.12782064767691392
1.78 0.08192109708108655
1.7810000000000001 0.12290465335808001
1.782 0.059507821078556206
1.7830000000000001 0.13663163638667364
1.784 0.0884545275057781
1.7850000000000001 0.10211204412905082
1.786 0.05048868809002805
1.7870000000000001 0.05638850177560988
1.788 0.10950764240742028
1.7890000000000001 0.1628630374554975
1.79 0.09720628135441124
1.7910000000000001 0.03181601022573667
1.792 0.0211962881849177
1.793 -0.037822744394618156
1.794 -0.005484320321452844
1.795 -0.004161698007182182
1.796 -0.012237677548605738
1.797 -0.12146423854400946
1.798 -0.1921295597632645
1.799 -0.08844707334337981
1.8 -0.1259959096504996
1.801 -0.15757043113639518
1.802 -0.0841763864765371
1.803 0.014762243193284508
1.804 -0.020053665332821796
1.805 -0.05489741106341397
1.806 -0.19886233788040716
1.807 -0.08475463034541367
1.808 -0.14492696289313292
1.809 -0.2974705465710739
1.81 -0.24661761634555007
1.811 -0.35439365132422046
1.812 -0.31045323971084055
1.813 -0.27978045092240067
1.814 -0.20412098294961328
1.815 -0.26680910996111606
1.816 -0.27259499499666695
1.817 -0.22865222807317165
1.818 -0.21000969744976686
1.819 -0.1486663709872595
1.82 -0.004891326185481132
1.821 0.010875121915571814
1.822 -0.002355884120598199
1.823 -0.050930621440012515
1.824 -0.08893736615162376
1.825 -0.08707038522789545
1.826 -0.19105072345864285
1.827 -0.12370138943401145
1.828 -0.19105221417584012
1.829 -0.07563829779718328
1.83 -0.08414297787367883
1.831 -0.06631786691815027
1.832 -0.11073897676270261
1.833 -0.08713933271191174
1.834 -0.21059086848169412
1.835 -0.2656737271899752
1.836 -0.2181693431002874
1.837 -0.22153266590168658
1.838 -0.09098034592145182
1.839 -0.1723074227875605
1.84 -0.08487177764929653
1.841 -0.06536046425684187
1.842 -0.12188010837819663
1.843 -0.05211444772370359
1.844 -0.04141276449519641
1.845 -0.045095601235748954
1.846 -0.14365847329587889
1.847 -0.011464113492241662
1.848 0.0020624742937268067
1.849 0.007312562396760457
1.85 -0.018996173851799587
1.851 0.10350335933729701
1.852 0.14799274019213465
1.853 0.13802211909686612
1.854 0.16827947161566628
1.855 0.09844767625967157
1.856 0.07479586934048403
1.857 0.01912370500665027
1.858 0.07984930753345154
1.859 0.06297697165605247
1.86 0.11365156609525093
1.861 0.16107334903797155
1.862 0.05723440437502715
1.863 0.1355806508653915
1.864 0.24955737009199008
1.865 0.30855852612509876
1.866 0.315216598101898
1.867 0.2430098385359395
1.868 0.22054768450848397
1.869 0.2069579529714296
1.87 0.004731950540520807
1.871 0.038607468200908844
1.872 0.10899146372491914
1.873 0.08628815332874476
1.874 0.051028426797968575
1.875 0.026672607723369154
1.8760000000000001 0.0729877915321417
1.877 0.09451734298170447
1.8780000000000001 0.0387506161673658
1.879 0.11438896305117617
1.8800000000000001 0.13846938132931225
1.881 0.23996954429878423
1.8820000000000001 0.2763806968073429
1.883 0.3294950937814041
1.8840000000000001 0.42943986241215504
1.885 0.38401843295969995
1.8860000000000001 0.35522308529902186
1.887 0.4196077572177538
1.8880000000000001 0.4040921090626239
1.889 0.3480664791405732
1.8900000000000001 0.3246354529366253
1.891 0.27025007271244306
1.8920000000000001 0.12131450453541079
1.893 0.16600709369206762
1.8940000000000001 0.15478568435764795
1.895 0.16997477900198055
1.8960000000000001 0.0848984582798247
1.897 0.0522059235176614
1.8980000000000001 0.19489022282571214
1.899 0.16327112256664392
1.9000000000000001 0.06287390394293928
1.901 0.007083241479284255
1.9020000000000001 -0.08373221797972527
1.903 -0.19402106316068402
1.9040000000000001 -0.2758626535315491
1.905 -0.2787063153586198
1.9060000000000001 -0.3728893285222896
1.907 -0.4142277449432859
1.9080000000000001 -0.2647447700783311
1.909 -0.19208407901506314
1.9100000000000001 -0.27291283608530426
1.911 -0.27202598065101313
1.9120000000000001 -0.27862318869300395
1.913 -0.18645357185169667
1.9140000000000001 -0.2082322142942525
1.915 -0.18428585245068588
1.9160000000000001 -0.27367906753655685
1.917 -0.1852374006880668
1.9180000000000001 -0.17709903469921184
1.919 -0.15886849803208605
1.92 -0.23915522291848218
1.921 -0.22550896629671116
1.922 -0.2503969193282944
1.923 -0.26067754639737645
1.924 -0.23582220524762695
1.925 -0.26734417683757206
1.926 -0.2605209152028826
1.927 -0.1758921091756468
1.928 -0.27957587691878105
1.929 -0.26624222610759085
1.93 -0.30531116660752255
1.931 -0.3329869848360964
1.932 -0.4109621227116803
1.933 -0.40528645201212776
1.934 -0.4715452381224243
1.935 -0.46581174208709736
1.936 -0.5781833263187467
1.937 -0.6126349468531381
1.938 -0.6876557360417013
1.939 -0.6960556015180464
1.94 -0.7816765160188818
1.941 -0.7691248384325765
1.942 -0.804874807178102
1.943 -0.7215097865935486
1.944 -0.7334566613142636
1.945 -0.6782673456012824
1.946 -0.6117248599243295
1.947 -0.62946427619767
1.948 -0.5135013722573973
1.949 -0.5164722978074727
1.95 -0.5361993830316156
1.951 -0.5073004061802029
1.952 -0.4245511553438439
1.953 -0.42594713133696677
1.954 -0.5912507403384557
1.955 -0.656317808392433
1.956 -0.5429610197200969
1.957 -0.49312782691496343
1.958 -0.4620033130169965
1.959 -0.380083264141148
1.96 -0.3544729213494855
1.961 -0.3555722729769198
1.962 -0.2970655425118724
1.963 -0.322350558393119
1.964 -0.261363612988794
1.965 -0.23087731149186358
1.966 -0.1299953583126675
1.967 -0.10150650260324681
1.968 -0.2595699782434455
1.969 -0.23140860489081463
1.97 -0.3246585879844162
1.971 -0.42840744460510705
1.972 -0.495134597470966
1.973 -0.4137069238449896
1.974 -0.41915100437067077
1.975 -0.3359877381591074
1.976 -0.3314458397784284
1.977 -0.27781486646781695
1.978 -0.2886812226107717
1.979 -0.35735178879842733
1.98 -0.4425234874949719
1.981 -0.3957136873714136
1.982 -0.40849640164977435
1.983 -0.3836309965455601
1.984 -0.3754449081508743
1.985 -0.4757369917969707
1.986 -0.5048970162277253
1.987 -0.4789255966091375
1.988 -0.5321624867069008
1.989 -0.5301285659813705
1.99 -0.6471417612529954
1.991 -0.5148511467699983
1.992 -0.4442544154289812
1.993 -0.39896548928198733
1.994 -0.3861068821950191
1.995 -0.32852789702163543
1.996 -0.34981647972620983
1.997 -0.2706908399635233
1.998 -0.24691935895350184
1.999 -0.27034367420475147
2.0 -0.26105957435594757
2.001 -0.3069202466396448
2.0020000000000002 -0.23259693717658037
2.003 -0.15505315086989435
2.004 -0.15633297690025272
2.005 -0.07719035874410465
2.0060000000000002 -0.08525929570909083
2.007 -0.10657434744124722
2.008 -0.09599893901362355
2.009 -0.026957625071654487
2.0100000000000002 0.050162106111638835
2.011 -0.01426788314294783
2.012 -0.13851765119885973
2.013 -0.14676915016662673
2.0140000000000002 -0.05792216945141018
2.015 -0.03365322175867814
2.016 0.0015350100928240087
2.017 -0.045152344078287505
2.0180000000000002 -0.18557612549113697
2.019 -0.16538777640678443
2.02 -0.19031490472605916
2.021 -0.1936939038607929
2.0220000000000002 -0.2925047011333404
2.023 -0.2597947371528982
2.024 -0.3320028960845215
2.025 -0.29679757256840594
2.0260000000000002 -0.37968131503622915
2.027 -0.37365948409710653
2.028 -0.45603112404566704
2.029 -0.3855326631736363
2.0300000000000002 -0.3260394106585143
2.031 -0.2543275560976253
2.032 -0.1678245929966226
2.033 -0.24457363007353589
2.0340000000000003 -0.29479543859376056
2.035 -0.2963712342930023
2.036 -0.2698308029813605
2.037 -0.25749890482739496
2.0380000000000003 -0.3025817513262329
2.039 -0.3621605990305386
2.04 -0.30549719830663374
2.041 -0.26921247607107057
2.0420000000000003 -0.3018836348075328
2.043 -0.4415160029893155
2.044 -0.3555761311173705
2.045 -0.3565278733105198
2.0460000000000003 -0.32625933446829103
2.047 -0.3297706250880191
2.048 -0.3311769931279297
2.049 -0.3130673249438878
2.05 -0.33025725724733285
2.051 -0.2824306780059691
2.052 -0.2430346188449877
2.053 -0.23880287418873605
2.054 -0.2841436049627758
2.055 -0.26327701583801705
2.056 -0.23340942547950627
2.057 -0.2593143925024832
2.058 -0.21435105823044567
2.059 -0.2946123792552209
2.06 -0.2724902881157056
2.061 -0.3247067850435832
2.062 -0.30566856860013863
2.063 -0.3798995353327273
2.064 -0.3595848768153229
2.065 -0.20678160255779934
2.066 -0.2786899600924997
2.067 -0.33673544961312896
2.068 -0.36449992460222735
2.069 -0.3879945487272957
2.07 -0.41614686128993716
2.071 -0.3645163619852546
2.072 -0.40835925477603346
2.073 -0.3417581225987551
2.074 -0.26414508486648974
2.075 -0.23058673919138756
2.076 -0.24800809948721217
2.077 -0.2611138679016267
2.078 -0.23068889643074417
2.079 -0.11165313623026532
2.08 -0.12801489042820716
2.081 -0.16015510664209956
2.082 -0.1503030027985634
2.083 -0.22069938668082334
2.084 -0.255265599940396
2.085 -0.14938908400576315
2.086 -0.1946054856130291
2.087 -0.16977510861331122
2.088 -0.11570590831245695
2.089 -0.13433500569563994
2.09 -0.17404255450575373
2.091 -0.19869573567782176
2.092 -0.26665666021739415
2.093 -0.25739173485272954
2.094 -0.19990651024747633
2.095 -0.2284164917755165
2.096 -0.11928018845599184
2.097 -0.1383095998110296
2.098 -0.17978321735486685
2.099 -0.10072413285390103
2.1 -0.1281507830020433
2.101 -0.12302950973232299
2.102 -0.14965926466264529
2.103 -0.2843468465650679
2.104 -0.2999830215986437
2.105 -0.25569262558503303
2.106 -0.2979675734952411
2.107 -0.2865947795971386
2.108 -0.17081421662898705
2.109 -0.038708431611365224
2.11 -0.0256063583626764
2.111 -0.04066392693272308
2.112 -0.026151417140714187
2.113 -0.034871179229777866
2.114 0.010691563545499438
2.115 -0.13262027486611155
2.116 -0.15401750453640628
2.117 -0.1311549219705805
2.118 -0.07088702438376027
2.119 -0.03468808904319007
2.12 -0.12288934703918826
2.121 -0.15753112732935548
2.122 -0.2622631097183778
2.123 -0.25742587136899486
2.124 -0.21629403500227734
2.125 -0.3529034485281797
2.126 -0.48083052456439723
2.1270000000000002 -0.4521557533280766
2.128 -0.3612251711866623
2.129 -0.36490180771584313
2.13 -0.38858777758284985
2.1310000000000002 -0.35602216306250056
2.132 -0.44150233479338097
2.133 -0.4261205199100529
2.134 -0.3200199447288764
2.1350000000000002 -0.3231935430068656
2.136 -0.27737271825139254
2.137 -0.15926549915226415
2.138 -0.1400626790877192
2.1390000000000002 -0.09271032924835505
2.14 0.013739490436408583
2.141 -0.0452906021011
2.142 -0.0790012710097389
2.1430000000000002 -0.07756340180397887
2.144 0.01437649819138101
2.145 0.07229997198032492
2.146 0.11655740054115646
2.1470000000000002 0.08690236918302807
2.148 0.07244441630994214
2.149 0.055959294983410506
2.15 -0.021522950893256405
2.1510000000000002 -0.051326635880799415
2.152 0.008373283861977159
2.153 0.0057375994471253935
2.154 -0.018075039942450244
2.1550000000000002 0.003609567519628369
2.156 9.918234609780944e-5
2.157 -0.12312938543596187
2.158 -0.1413894192998057
2.1590000000000003 -0.15706389746822164
2.16 -0.2533168335968403
2.161 -0.21696773929280797
2.162 -0.2038732467383524
2.1630000000000003 -0.23677022998796665
2.164 -0.24651149546424767
2.165 -0.28562942871649977
2.166 -0.14237063370900976
2.1670000000000003 -0.11145194543210021
2.168 -0.12157766465214674
2.169 -0.18722779599276412
2.17 -0.15495720456417028
2.1710000000000003 -0.13228832607871566
2.172 -0.08912520516802158
2.173 -0.00673148502429638
2.174 0.0368419935902299
2.1750000000000003 0.004877342145802696
2.176 0.10168315088669104
2.177 0.022319114527548936
2.178 0.06924929736103523
2.179 0.18714865354063398
2.18 0.2760032999326838
2.181 0.28310150449875204
2.182 0.3627518950019333
2.183 0.3669998066268765
2.184 0.2415430226144083
2.185 0.29126665488451636
2.186 0.3302048391384333
2.187 0.3981952491269487
2.188 0.33118829190582944
2.189 0.4382461519772036
2.19 0.42782528091038097
2.191 0.44676511317552026
2.192 0.47570516669123525
2.193 0.36050457351369936
2.194 0.45649666036644826
2.195 0.42162199746827644
2.196 0.34745753253390377
2.197 0.4257443497817307
2.198 0.2970534754083942
2.199 0.27273349640471556
2.2 0.29798158071244846
2.201 0.2435657035988042
2.202 0.2307377307549989
2.203 0.15415549155845945
2.204 0.11012782254936324
2.205 0.043518058575518034
2.206 -0.010874856631445426
2.207 -0.014358164340992408
2.208 -0.054614621699930095
2.209 0.030419128856589213
2.21 -0.08426809329748006
2.211 -0.08270824036569371
2.212 -0.14510475134424863
2.213 -0.10866575350176841
2.214 -0.07034493415506832
2.215 -0.08372138854216413
2.216 -0.1096873241870043
2.217 -0.10535108289156504
2.218 -0.09948161731190848
2.219 -0.19587757270768508
2.22 -0.15402237591588752
2.221 -0.10004869621210734
2.222 -0.016704491566723628
2.223 0.07354590586084125
2.224 0.07799906026365638
2.225 0.010680142702429785
2.226 -0.0005133799792356696
2.227 0.05557090701460632
2.228 0.07484309185866844
2.229 0.15522276586635725
2.23 0.18358637537260247
2.231 0.1974345815035205
2.232 0.15630607621190282
2.233 0.14237360120565912
2.234 0.20949196639419537
2.235 0.080363452957423
2.236 0.10041923502738401
2.237 0.1894042645935774
2.238 0.040010073741518715
2.239 0.006730633551822511
2.24 0.07661526810851768
2.241 0.07291613129418507
2.242 0.00012583243687384893
2.243 -0.11833757138427645
2.244 -0.11353854359428395
2.245 -0.07062104851222165
2.246 -0.05644574643489879
2.247 0.057271791023701335
2.248 0.0626445756787011
2.249 0.13724938852684188
2.25 0.16671559927996177
2.251 0.12648680464546241
2.2520000000000002 0.1132118329235483
2.253 0.1450135509581122
2.254 0.11778515058594105
2.255 0.04375669748057459
2.2560000000000002 0.10094476608353711
2.257 -0.025021609730076583
2.258 -0.09577596282268322
2.259 -0.1767122465219229
2.2600000000000002 -0.2318486306590961
2.261 -0.33784877334869107
2.262 -0.363957998341998
2.263 -0.3485197230760433
2.2640000000000002 -0.3153940821666803
2.265 -0.36152689665122695
2.266 -0.3197669671270953
2.267 -0.41180577928890505
2.2680000000000002 -0.2828059967452801
2.269 -0.22313910283267496
2.27 -0.15850147144342613
2.271 -0.31966189765423214
2.2720000000000002 -0.2736308861308417
2.273 -0.22068571357620603
2.274 -0.11795726204187597
2.275 -0.03203792451010329
2.2760000000000002 -0.03984779867155651
2.277 -0.013407437827391594
2.278 0.048297727582673054
2.279 0.07982936880734333
2.2800000000000002 0.06259639977331158
2.281 0.09591867016726077
2.282 0.09510214410242747
2.283 -0.03787482637031074
2.2840000000000003 -0.12993976788410827
2.285 -0.1408924774406614
2.286 -0.12010165145906236
2.287 -0.11077260797458155
2.2880000000000003 -0.14030116813642282
2.289 -0.1461925884888306
2.29 -0.19066349603939212
2.291 -0.2592765112294157
2.2920000000000003 -0.18551190580995056
2.293 -0.19984641930696861
2.294 -0.20382322740837516
2.295 -0.2729748499843467
2.2960000000000003 -0.37460245744659715
2.297 -0.3941719719955568
2.298 -0.4808729530534085
2.299 -0.4643167196184415
2.3000000000000003 -0.5247132706499087
2.301 -0.5451037087301135
2.302 -0.6278767005974981
2.303 -0.6590852172191228
2.3040000000000003 -0.6756046719431978
2.305 -0.6788066034513239
2.306 -0.6347146538461603
2.307 -0.6822129725146079
2.308 -0.7367377039823847
2.309 -0.7448162254008202
2.31 -0.8038181239875068
2.311 -0.7057355547710152
2.312 -0.7932899022246377
2.313 -0.8069658419610721
2.314 -0.7244615628167977
2.315 -0.7012941034958811
2.316 -0.7301096424151846
2.317 -0.697936946662336
2.318 -0.692417458000862
2.319 -0.8261683228129781
2.32 -0.7849077276080753
2.321 -0.7573699550480497
2.322 -0.7816520708995737
2.323 -0.8131034344209085
2.324 -0.9558947621885824
2.325 -0.9252661009482812
2.326 -0.7737878171829394
2.327 -0.7404849241498878
2.328 -0.6531233039673183
2.329 -0.6056548071724505
2.33 -0.5974919007710372
2.331 -0.6832083411228957
2.332 -0.7130864069613062
2.333 -0.6589882795893672
2.334 -0.723271657429691
2.335 -0.8133102487324999
2.336 -0.8431593222154162
2.337 -0.781482135577855
2.338 -0.8221455081958289
2.339 -0.913755289651845
2.34 -0.868139813804536
2.341 -0.9553307798425349
2.342 -1.0280373827269464
2.343 -1.0515502412402493
2.344 -1.0609431170306054
2.345 -1.0031844604604765
2.346 -0.9520755741077074
2.347 -0.9525163056939725
2.348 -0.9784909290957826
2.349 -0.9715422906434714
2.35 -1.0287512802532517
2.351 -1.0511982644595292
2.352 -1.018562715364986
2.353 -1.0394869360933032
2.354 -0.933375564400539
2.355 -0.934293052714141
2.356 -1.023814801023587
2.357 -1.00481642206389
2.358 -1.0196189665622908
2.359 -1.226230362432064
2.36 -1.1962212785769288
2.361 -1.2516898445995497
2.362 -1.2503686179195106
2.363 -1.2780627057380076
2.364 -1.349880546195753
2.365 -1.2563173326124382
2.366 -1.2678346045788558
2.367 -1.3637427508122704
2.368 -1.3227611064369809
2.369 -1.273934839486124
2.37 -1.309072611751052
2.371 -1.2196121102628261
2.372 -1.2708884379454957
2.373 -1.2441169523536086
2.374 -1.170101241496736
2.375 -1.2220123522452713
2.376 -1.2646318889839188
2.3770000000000002 -1.2779099064592585
2.378 -1.3506293252602783
2.379 -1.3355246596993224
2.38 -1.3220658607477793
2.3810000000000002 -1.2590697114646143
2.382 -1.306027038140315
2.383 -1.301368566958998
2.384 -1.2816201704359294
2.3850000000000002 -1.1877323485818638
2.386 -1.0471347506864879
2.387 -1.0587956616409375
2.388 -1.0927866986898622
2.3890000000000002 -1.0452038651961417
2.39 -1.0971622993909582
2.391 -0.9868276513333797
2.392 -1.0540617362562668
2.3930000000000002 -1.1563109474619762
2.394 -1.1084737163038723
2.395 -1.0895349574980868
2.396 -1.1608028683812717
2.3970000000000002 -1.1652180914673727
2.398 -1.0587105586085
2.399 -1.090819343351804
2.4 -1.1486428551217507
2.4010000000000002 -1.0197633161475137
2.402 -0.9631401053413183
2.403 -0.9678943514274738
2.404 -0.9927092002359668
2.4050000000000002 -1.0447265794620124
2.406 -1.1106433987229487
2.407 -1.0374050523607354
2.408 -0.9976294057899272
2.4090000000000003 -0.9608500560631148
2.41 -0.9056530409887656
2.411 -1.0988194222709393
2.412 -1.0135617958623389
2.4130000000000003 -1.0185844791859104
2.414 -1.0691826738315775
2.415 -0.9842677459056546
2.416 -0.8785260961573519
2.4170000000000003 -0.9044284543307485
2.418 -0.9328251751988128
2.419 -0.930023568146443
2.42 -0.8944057201878843
2.4210000000000003 -0.9485468401979691
2.422 -0.9520610863030025
2.423 -1.051934334804063
2.424 -0.9954116207343741
2.4250000000000003 -0.9527009185162474
2.426 -0.9508607372131931
2.427 -0.909002359441754
2.428 -0.991368860003623
2.4290000000000003 -1.0648542997711428
2.43 -0.9990539822438014
2.431 -1.0129502940072497
2.432 -1.063556344542248
2.433 -1.094404798121955
2.434 -1.0187608658660137
2.435 -1.1792041994044475
2.436 -1.2366230044807094
2.437 -1.2282642310433043
2.438 -1.1997112344852552
2.439 -1.1859503236464697
2.44 -1.1581665214984214
2.441 -1.2141903545466999
2.442 -1.2303542987942466
2.443 -1.1482944039330858
2.444 -1.1913708069388682
2.445 -1.1937411445632922
2.446 -1.195062983018959
2.447 -1.1254825794951535
2.448 -1.1484044610837498
2.449 -1.0971074012523845
2.45 -1.1609781393850847
2.451 -1.2136699952960461
2.452 -1.20345612638385
2.453 -1.159231304902427
2.454 -1.2292683970216485
2.455 -1.125065418618548
2.456 -1.0465970780850227
2.457 -1.099497974781111
2.458 -1.0573272962360347
2.459 -1.0382924438217058
2.46 -1.163313102338504
2.461 -1.1683230065164665
2.462 -1.2104724881392315
2.463 -1.1972730754301932
2.464 -1.2083345948261093
2.465 -1.238427101278033
2.466 -1.2980444785606107
2.467 -1.261364502847111
2.468 -1.2604003042193759
2.469 -1.1979821296009852
2.47 -1.2049046060815987
2.471 -1.2324149002220592
2.472 -1.12476759296009
2.473 -1.126420428604337
2.474 -1.1407359484678177
2.475 -1.1823050458714934
2.476 -1.155441922486363
2.477 -1.1907668691353874
2.478 -1.1858284039708133
2.479 -1.2117884758765403
2.48 -1.1593693962791012
2.481 -1.2425846980589825
2.482 -1.3406271054945438
2.483 -1.2117604834233588
2.484 -1.181778736210457
2.485 -1.0814965806593826
2.486 -1.1142807407708846
2.487 -1.0729131846979516
2.488 -1.0791584798820324
2.489 -1.1220733750829448
2.49 -1.1541240935366959
2.491 -1.1932634146709054
2.492 -1.222954890767297
2.493 -1.1873266157351414
2.494 -1.2734839794218669
2.495 -1.2005200614962357
2.496 -1.1658314785324273
2.497 -1.1103726902188908
2.498 -1.1188884103243442
2.499 -1.23165172279658
2.5 -1.347318117372988
2.501 -1.3326181199275393
2.5020000000000002 -1.320120596699582
2.503 -1.366078646107518
2.504 -1.4427875159491215
2.505 -1.5113100222312696
2.5060000000000002 -1.4256501610460592
2.507 -1.6005856021978504
2.508 -1.63331433893983
2.509 -1.6440886454433068
2.5100000000000002 -1.7409773219333813
2.511 -1.6643745851299911
2.512 -1.6429831889247817
2.513 -1.6674108733265178
2.5140000000000002 -1.6134248129730528
2.515 -1.5853790800854264
2.516 -1.5026098308305158
2.517 -1.4779935841494483
2.5180000000000002 -1.4295700192530874
2.519 -1.4908728601740353
2.52 -1.5670104378574128
2.521 -1.5856983812983307
2.5220000000000002 -1.5459166599084535
2.523 -1.5017170193322973
2.524 -1.5333869471411041
2.525 -1.5023281080203683
2.5260000000000002 -1.4560725594660173
2.527 -1.5158052286430916
2.528 -1.4966542186028309
2.529 -1.4676447217463429
2.5300000000000002 -1.6039936980006027
2.531 -1.5902192421631707
2.532 -1.5884042309458446
2.533 -1.6353491559156612
2.5340000000000003 -1.6054102244202735
2.535 -1.688470991236556
2.536 -1.7453792416972835
2.537 -1.7141992365738417
2.5380000000000003 -1.7223250700213533
2.539 -1.8433306640345026
2.54 -1.8423370938755175
2.541 -1.9005573509021478
2.5420000000000003 -2.0050972066615698
2.543 -1.930301958002565
2.544 -1.9294877478876273
2.545 -1.8554987263967808
2.5460000000000003 -1.8704536631837119
2.547 -1.9343210910184694
2.548 -1.9130622241068118
2.549 -1.86952622385834
2.5500000000000003 -1.9444638863671089
