0.0 -0.05218370880736045
0.001 -0.06285996959821175
0.002 -0.06869472803227845
0.003 0.03252429641109614
0.004 0.09632044592002803
0.005 0.07281924073551223
0.006 0.012559947348413265
0.007 0.20336038157936598
0.008 0.2779516888158504
0.009000000000000001 0.18404859977415572
0.01 0.1235743156075805
0.011 0.0937456208767864
0.012 0.13324318023543408
0.013000000000000001 0.158085756932989
0.014 0.09147633250628462
0.015 0.01055719983825465
0.016 0.08406796053754072
0.017 0.09973656421956183
0.018000000000000002 0.17986313179877017
0.019 0.18354226474720242
0.02 0.24211671208790678
0.021 0.25674640530825865
0.022 0.21311385799036103
0.023 0.13971964436630352
0.024 0.04438791955624993
0.025 -0.009287600811869287
0.026000000000000002 -0.07394605722446429
0.027 -0.03972555141111404
0.028 -0.16071254340800506
0.029 -0.15110525741798253
0.03 -0.1258237745437189
0.031 -0.12152186407918737
0.032 -0.27684647368037807
0.033 -0.21284122673936123
0.034 -0.15748444506378756
0.035 -0.02515181683361567
0.036000000000000004 -0.0060322277610891165
0.037 0.00671702869265693
0.038 0.053407864760449876
0.039 0.07566807040709023
0.04 0.18523582412101902
0.041 0.08800520055015591
0.042 0.11803566748222402
0.043000000000000003 0.14225518762767478
0.044 0.17240147776063094
0.045 0.22882725716836652
0.046 0.18691864450509307
0.047 0.19474851358461218
0.048 0.17645043360205043
0.049 0.17239975571448007
0.05 0.1646311838000634
0.051000000000000004 0.1909034415543208
0.052000000000000005 0.22974142447086493
0.053 0.20280819289280372
0.054 0.23323605543020487
0.055 0.26285985142044865
0.056 0.248002119150629
0.057 0.22772915269155658
0.058 0.23267878902249672
0.059000000000000004 0.24276367578289818
0.06 0.23587568101350664
0.061 0.1772379237661813
0.062 0.02668195769053988
0.063 -0.035640519894307957
0.064 0.04210342961437109
0.065 -0.01961846742218947
0.066 -0.08806428069478245
0.067 -0.07195245610461175
0.068 -0.03649672179299524
0.069 -0.01944115663390485
0.07 -0.11503777258694017
0.07100000000000001 -0.15333783054939532
0.07200000000000001 -0.12421740300433742
0.073 -0.13393035099732487
0.074 -0.15313150705369
0.075 -0.19480954599711328
0.076 -0.09403696492570576
0.077 -0.14696201561088743
0.078 -0.1461101221412304
0.079 -0.10590144745070146
0.08 -0.06138710464071361
0.081 0.0020252147451629773
0.082 0.06658851751926792
0.083 0.04622944098304603
0.084 0.10287792772920291
0.085 0.1136747828875456
0.08600000000000001 0.04001225542806068
0.08700000000000001 0.1119855782039247
0.088 0.10153823073468086
0.089 0.15136951377540547
0.09 0.32053839484246255
0.091 0.4016368510331487
0.092 0.354910653960469
0.093 0.23182361004461707
0.094 0.24019957530577496
0.095 0.21027893849381057
0.096 0.350646046300776
0.097 0.3764175555121413
0.098 0.4323122465913089
0.099 0.3623651485536725
0.1 0.3859622041281612
0.101 0.2810884947270097
0.10200000000000001 0.20982794499433544
0.10300000000000001 0.17916741752226725
0.10400000000000001 0.0657962635285142
0.105 0.06697991792972056
0.106 -0.15099011850397404
0.107 -0.0790124021775097
0.108 -0.023751207974810146
0.109 -0.07523050321390398
0.11 -0.20884685000707587
0.111 -0.23215188987821764
0.112 -0.22597143148886853
0.113 -0.2996907108903909
0.114 -0.2519767057343151
0.115 -0.20116630844869915
0.116 -0.19784057778926634
0.117 -0.22819000960248453
0.11800000000000001 -0.2889152652780964
0.11900000000000001 -0.3349140725246404
0.12 -0.36366412617618016
0.121 -0.40353061186731526
0.122 -0.4265885648138583
0.123 -0.4208977684895222
0.124 -0.4950709478774062
0.125 -0.6579492731289888
0.126 -0.5826157301464528
0.127 -0.6375188968048247
0.128 -0.6117321325588718
0.129 -0.665009355472838
0.13 -0.6705305455618283
0.131 -0.7220040372455745
0.132 -0.701280106794005
0.133 -0.7040880283386557
0.134 -0.7520006197889555
0.135 -0.6895677339697847
0.136 -0.6673218301674719
0.137 -0.7182653118565049
0.138 -0.7449969237782876
0.139 -0.7789628530163123
0.14 -0.6836118815359202
0.14100000000000001 -0.7148307593546291
0.14200000000000002 -0.702528277064178
0.14300000000000002 -0.6818296626179664
0.14400000000000002 -0.7572243781108862
0.145 -0.7431734088362583
0.146 -0.6575369969668992
0.147 -0.7389635746122979
0.148 -0.7078758070581793
0.149 -0.7808743245915475
0.15 -0.7397887497042915
0.151 -0.7329725516963208
0.152 -0.8193011197753013
0.153 -0.7975607595213997
0.154 -0.8403232471080616
0.155 -0.8049743426721216
0.156 -0.7247147497174307
0.157 -0.7122963594645514
0.158 -0.7744340070807202
0.159 -0.7186814593762171
0.16 -0.6551883354311067
0.161 -0.7288291529359561
0.162 -0.8237173928704051
0.163 -0.8899495613200641
0.164 -0.9330079288201636
0.165 -0.952178925447652
0.166 -0.8842134352994001
0.167 -0.8750619332819858
0.168 -0.8285017559220231
0.169 -0.837945362941037
0.17 -0.8813937038613664
0.171 -0.9666756438660697
0.17200000000000001 -0.9831757377616117
0.17300000000000001 -0.9202045000540081
0.17400000000000002 -0.848888227213918
0.17500000000000002 -0.8120381056327093
0.176 -0.7409157102366295
0.177 -0.7773106458759143
0.178 -0.8116141251564066
0.179 -0.8463492149471128
0.18 -0.8953706408337968
0.181 -0.8735498496717816
0.182 -0.7640203914957389
0.183 -0.7368336336867727
0.184 -0.70127321776632
0.185 -0.6786165184689129
0.186 -0.6800114924381315
0.187 -0.6312780836027472
0.188 -0.599674202025588
0.189 -0.6224609731595016
0.19 -0.5933302175431332
0.191 -0.7040781751382075
0.192 -0.7047532606864734
0.193 -0.8636120449209608
0.194 -0.8239620049327534
0.195 -0.8796324611229928
0.196 -0.7779086758586135
0.197 -0.6762801170950324
0.198 -0.6353459784598653
0.199 -0.5556788285767493
0.2 -0.6093087790198315
0.201 -0.6305873824924981
0.202 -0.578200564632355
0.203 -0.5632493229198332
0.20400000000000001 -0.4950405820799607
0.20500000000000002 -0.41246377183184174
0.20600000000000002 -0.49252865899104054
0.20700000000000002 -0.4953109320106064
0.20800000000000002 -0.5293274160216201
0.209 -0.5644201792671448
0.21 -0.5603567581641924
0.211 -0.502632113467136
0.212 -0.4958141150176088
0.213 -0.45231261229496267
0.214 -0.4116548394566306
0.215 -0.4366707291625874
0.216 -0.4525769874119356
0.217 -0.3949301893923704
0.218 -0.44104612123174686
0.219 -0.31935557746619697
0.22 -0.43023004554260846
0.221 -0.45799709638617475
0.222 -0.45843156104139327
0.223 -0.5957442397902644
0.224 -0.5459451541208233
0.225 -0.5746757323689228
0.226 -0.43633885568829445
0.227 -0.39112780727399704
0.228 -0.37947677558090664
0.229 -0.3729666337382923
0.23 -0.47679253634433927
0.231 -0.5154871478093496
0.232 -0.45598612616065126
0.233 -0.3897901726392798
0.234 -0.43379057684784916
0.23500000000000001 -0.4815919652935966
0.23600000000000002 -0.45871168628017
0.23700000000000002 -0.48841721853981507
0.23800000000000002 -0.3990536641390128
0.23900000000000002 -0.31763174126656046
0.24 -0.34426918171221543
0.241 -0.4088098714459163
0.242 -0.4429941957459963
0.243 -0.4074215295842646
0.244 -0.4595522162901269
0.245 -0.46593173401112215
0.246 -0.4707491334201886
0.247 -0.4754701190975708
0.248 -0.5049705964715249
0.249 -0.4122059175210431
0.25 -0.39201918112072043
0.251 -0.41309525735802627
0.252 -0.41987435204958296
0.253 -0.3797463062105803
0.254 -0.33174697875924897
0.255 -0.3679349332423506
0.256 -0.3313068484516203
0.257 -0.4162679173059234
0.258 -0.4399812586236646
0.259 -0.44255640724490103
0.26 -0.3238692721329214
0.261 -0.22163005694625532
0.262 -0.16118633175472377
0.263 -0.22775210576884225
0.264 -0.10306846304403061
0.265 -0.15069339295382853
0.266 -0.1953535071699019
0.267 -0.25505672673383245
0.268 -0.31808006955404866
0.269 -0.39815531224790657
0.27 -0.4718398747844296
0.271 -0.4973047233862182
0.272 -0.479854163335776
0.273 -0.48294912102331533
0.274 -0.4013388504254035
0.275 -0.3400779093750437
0.276 -0.38775072162216834
0.277 -0.33496923656958666
0.278 -0.2822765877060796
0.279 -0.21050533807475758
0.28 -0.22036549916757736
0.281 -0.2449147472510762
0.28200000000000003 -0.2910749002585354
0.28300000000000003 -0.3240680206186943
0.28400000000000003 -0.36661442899242924
0.28500000000000003 -0.47250762829427423
0.28600000000000003 -0.4633041397866869
0.28700000000000003 -0.5672642307562923
0.28800000000000003 -0.5195053135507899
0.289 -0.5650570510887624
0.29 -0.4741906061398816
0.291 -0.5219381137515544
0.292 -0.5381212655889467
0.293 -0.5321390317618132
0.294 -0.5368738374638347
0.295 -0.4882198375794159
0.296 -0.47756312335710294
0.297 -0.4589385668504023
0.298 -0.37444799438227006
0.299 -0.3615267651708691
0.3 -0.33445384941259715
0.301 -0.30681263833117145
0.302 -0.37219851394593484
0.303 -0.473204028650107
0.304 -0.41756352800353824
0.305 -0.379092959612218
0.306 -0.45295753141815526
0.307 -0.5207838705169746
0.308 -0.4521144251158567
0.309 -0.4143880046932741
0.31 -0.35601628125814205
0.311 -0.2586701470826326
0.312 -0.318131129624646
0.313 -0.311990023912739
0.314 -0.1727488804451322
0.315 -0.19126979614793144
0.316 -0.10186922463136107
0.317 -0.06557966917078165
0.318 0.03338351060283021
0.319 0.0038187249290733694
0.32 0.1048881539000348
0.321 0.1927785176494176
0.322 0.17111533175145602
0.323 0.21529632363336088
0.324 0.2645951330281176
0.325 0.3010368628328923
0.326 0.294604850229103
0.327 0.22469824201285765
0.328 0.10886737011567642
0.329 0.14153712396554097
0.33 0.3032434043610613
0.331 0.36956509768367135
0.332 0.2490233456419032
0.333 0.21893688241314635
0.334 0.17471584195499307
0.335 0.15276436367734836
0.336 0.154010853797839
0.337 0.13435609419654512
0.338 0.17024121279497992
0.339 0.15523336692963624
0.34 0.10783163647923312
0.341 0.09884232905169894
0.342 0.09598455974859249
0.343 0.12362425339909228
0.34400000000000003 0.18049588868705416
0.34500000000000003 0.19058297832554816
0.34600000000000003 0.27205192350783003
0.34700000000000003 0.1749352453117532
0.34800000000000003 0.24960243310354685
0.34900000000000003 0.29659510429583674
0.35000000000000003 0.19202225269637566
0.35100000000000003 0.19353783864011684
0.352 0.024575350548784153
0.353 0.04508028809571396
0.354 0.028117257082433175
0.355 0.04626825852215712
0.356 0.09360952646726169
0.357 0.0678182370612997
0.358 0.05514132465760569
0.359 0.06098086783584582
0.36 0.07037490640173388
0.361 0.02436932535133634
0.362 -0.00524917413955877
0.363 0.10387066701740605
0.364 0.2629121095023148
0.365 0.26084953269925043
0.366 0.26150614267244304
0.367 0.25927985903415346
0.368 0.24514218850985983
0.369 0.19302519965684628
0.37 0.22238210108803338
0.371 0.2685429017367256
0.372 0.16653404988359946
0.373 0.08247256736046063
0.374 0.045750111824042324
0.375 0.13678762227208754
0.376 0.08756258482124962
0.377 0.0841315024046315
0.378 0.15347860465169502
0.379 0.16011557669389653
0.38 0.08472512437273917
0.381 0.08797078831152351
0.382 0.0625417360212645
0.383 0.17677663777914612
0.384 0.17285577769972965
0.385 0.1123681123149664
0.386 0.10852462581874978
0.387 0.1302258739741153
0.388 0.1479355728859016
0.389 0.1546890900174196
0.39 0.15429973239087735
0.391 0.19331630589063997
0.392 0.22953389626834692
0.393 0.24265360218102652
0.394 0.16186389352398345
0.395 0.21363035979560369
0.396 0.20824680549851113
0.397 0.18481443208185722
0.398 0.16509256415910728
0.399 0.19938487372060432
0.4 0.34606513277577533
0.401 0.42324074341233686
0.402 0.45141673876511196
0.403 0.5168455173313468
0.404 0.5441376855425157
0.405 0.5773814950548448
0.406 0.6409149418930372
0.40700000000000003 0.6864901744474623
0.40800000000000003 0.6598312459069055
0.40900000000000003 0.6217889841033841
0.41000000000000003 0.5528978748060629
0.41100000000000003 0.5759754455926126
0.41200000000000003 0.5300313241122272
0.41300000000000003 0.6356738817256894
0.41400000000000003 0.6567959251479982
0.41500000000000004 0.5514985423123032
0.41600000000000004 0.5654142234678252
0.417 0.5343926130913638
0.418 0.522041667136516
0.419 0.38622711189374553
0.42 0.4532866785418545
0.421 0.42259638819262196
0.422 0.2950983449269926
0.423 0.4131005551973858
0.424 0.4356410419725811
0.425 0.4071586938356449
0.426 0.4249971340827322
0.427 0.3626422017896903
0.428 0.420181879993327
0.429 0.511171748485132
0.43 0.532466940382831
0.431 0.5703044269674925
0.432 0.496292617542685
0.433 0.46882552367510505
0.434 0.39848880529559283
0.435 0.4087574892331287
0.436 0.41657213946476973
0.437 0.3527830125793404
0.438 0.39360071438899763
0.439 0.3843121092778144
0.44 0.4680329700923031
0.441 0.41410099984227894
0.442 0.4824683770616063
0.443 0.5403425651623716
0.444 0.5286235366212142
0.445 0.594964788948577
0.446 0.6669243395998822
0.447 0.7071501029641696
0.448 0.6999512119404828
0.449 0.7777579034135494
0.45 0.6778451189720033
0.451 0.6695342977680118
0.452 0.688085636518069
0.453 0.6610177650565848
0.454 0.5598348763213189
0.455 0.46013836270534336
0.456 0.47478128712878936
0.457 0.48678749757488243
0.458 0.518387210140366
0.459 0.5303203308304308
0.46 0.5244344840206447
0.461 0.5786141694798741
0.462 0.5875452937571534
0.463 0.5918324477674894
0.464 0.5628877532398266
0.465 0.610960719751395
0.466 0.5887384229558675
0.467 0.7147735468300185
0.468 0.783657600877771
0.46900000000000003 0.7968217964981308
0.47000000000000003 0.8831070407788771
0.47100000000000003 0.7768472228295937
0.47200000000000003 0.784332458260711
0.47300000000000003 0.7201721053713463
0.47400000000000003 0.7193069644375406
0.47500000000000003 0.7382133732703169
0.47600000000000003 0.7919172009802055
0.47700000000000004 0.7755674087347757
0.47800000000000004 0.8169345195849884
0.47900000000000004 0.8195816845271661
0.48 0.8202504867026585
0.481 0.9385115852874786
0.482 0.8156939936938062
0.483 0.8423781046555461
0.484 0.7970692051779127
0.485 0.8611368146426848
0.486 0.8248060250683558
0.487 0.7610437445941844
0.488 0.6348954008231956
0.489 0.6031063873185538
0.49 0.6321192532842885
0.491 0.6787544209537836
0.492 0.5557670039220436
0.493 0.532090513433277
0.494 0.5997667994179553
0.495 0.6693256380758016
0.496 0.6491513655534707
0.497 0.738272809465208
0.498 0.93168761650439
0.499 0.9273312709460204
0.5 0.8572498849528073
0.501 0.7324660161069472
0.502 0.6758971242122159
0.503 0.6240752288070452
0.504 0.6538335388759662
0.505 0.66300828865993
0.506 0.6181941723351855
0.507 0.5786944738848836
0.508 0.512139937404571
0.509 0.5202340305289656
0.51 0.4732120523341431
0.511 0.46827696277872083
0.512 0.40724752902295946
0.513 0.47201799284271084
0.514 0.5257420307219133
0.515 0.47498064047058963
0.516 0.5327785127738435
0.517 0.6057672430994526
0.518 0.6449346686277154
0.519 0.7210513196984645
0.52 0.6649685520800334
0.521 0.6146082289498065
0.522 0.6048957007250428
0.523 0.6436578480809317
0.524 0.558720099403264
0.525 0.6384166729576132
0.526 0.5745093355751658
0.527 0.699932120392124
0.528 0.6761023040713162
0.529 0.7426903416062455
0.53 0.770093533283159
0.531 0.7742414251246178
0.532 0.8439668963081361
0.533 0.882526363579487
0.534 0.7967197583358988
0.535 0.736782998394302
0.536 0.6188914794624205
0.537 0.5718504925963254
0.538 0.5782428017787786
0.539 0.6102402761510465
0.54 0.48318046557883865
0.541 0.5129022788947177
0.542 0.3924072241224859
0.543 0.33060324325158075
0.544 0.42838501381771965
0.545 0.5034852822176499
0.546 0.5579053257863724
0.547 0.4571487859714313
0.548 0.4265322985605452
0.549 0.3919397081610367
0.55 0.3096885908277118
0.551 0.2950964669054581
0.552 0.1432141393857868
0.553 0.15855433202103114
0.554 0.06758912360923883
0.555 0.054853789855014747
0.556 0.16688029299903182
0.557 0.10950970558500345
0.558 0.1101771209866192
0.559 0.10078509785164777
0.56 0.08324774091880793
0.561 0.04859776141203199
0.562 0.0363886044270991
0.5630000000000001 0.17724827686869676
0.5640000000000001 0.17677445427097238
0.5650000000000001 0.17449891525431846
0.5660000000000001 0.18604457046059153
0.5670000000000001 0.148996358408632
0.5680000000000001 0.25303090623289176
0.5690000000000001 0.28559859382736147
0.5700000000000001 0.21937575914813473
0.5710000000000001 0.3072882164130127
0.5720000000000001 0.2584819266491796
0.5730000000000001 0.21841079769672778
0.5740000000000001 0.23798533769955996
0.5750000000000001 0.33090494796215875
0.5760000000000001 0.3446089455641509
0.577 0.20705575867165596
0.578 0.13576546658282979
0.579 0.14245314578247906
0.58 0.2161982244627854
0.581 0.1756707555554952
0.582 0.1413403688314928
0.583 0.17399693839899222
0.584 0.11875913556635821
0.585 -0.047344811013561985
0.586 -0.08493609644828928
0.587 -0.005311617375470784
0.588 -0.025978289761908847
0.589 -0.05489631535136817
0.59 -0.08280877054011629
0.591 -0.22565819681735677
0.592 -0.35029524331123474
0.593 -0.1970877450678201
0.594 -0.22269149859162188
0.595 -0.23824191808422737
0.596 -0.1804682216314164
0.597 -0.22355532434889785
0.598 -0.22338546128772493
0.599 -0.2608572523721723
0.6 -0.363037816754156
0.601 -0.36446204197296267
0.602 -0.3273715368285501
0.603 -0.1639899386735111
0.604 -0.2122136343444087
0.605 -0.2541133774461805
0.606 -0.16171091491554618
0.607 -0.14766432737987709
0.608 -0.1429265370110481
0.609 -0.1129395482346435
0.61 -0.11569739873447614
0.611 -0.15580938721987525
0.612 -0.22293075165784304
0.613 -0.3356493810750207
0.614 -0.4363438488970459
0.615 -0.41173595697929954
0.616 -0.37154622622020417
0.617 -0.23245433223545456
0.618 -0.11564699908250071
0.619 -0.03803188318338081
0.62 -0.09322056728734668
0.621 -0.07136260115972498
0.622 -0.12820728676877038
0.623 -0.21688087789972937
0.624 -0.17185481491452193
0.625 -0.13019079502532216
0.626 -0.1803422017351756
0.627 -0.08078939248722013
0.628 -0.14419568664441546
0.629 -0.1327247728288126
0.63 -0.12046489434557814
0.631 -0.01654778261798244
0.632 0.08472306862702009
0.633 -0.046899449524358205
0.634 -0.07454054627321417
0.635 -0.10424694799751412
0.636 -0.1294355354756298
0.637 -0.186490371926726
0.638 -0.28007895212109923
0.639 -0.27032375322890845
0.64 -0.26892493418127617
0.641 -0.18230440104212894
0.642 -0.06837950799763057
0.643 -0.040511413143819605
0.644 0.007075985626717685
0.645 -0.05194770356282693
0.646 -0.10080860135774554
0.647 -0.06347164107930547
0.648 -0.07465033211060469
0.649 -0.005205665320208136
0.65 0.03688966471585257
0.651 0.04725149801562445
0.652 0.03682949037967169
0.653 -0.0017390031212752774
0.654 0.07786629664309766
0.655 0.045090411290776636
0.656 0.05295066546272815
0.657 0.20172738087360145
0.658 0.10136137117512904
0.659 0.07717452344690694
0.66 0.2500679553310385
0.661 0.31844376957584586
0.662 0.40860301614071887
0.663 0.31174171017941554
0.664 0.3955730907698113
0.665 0.3090260429717804
0.666 0.3717018303531723
0.667 0.412802920371132
0.668 0.34647748960488667
0.669 0.3630723105824528
0.67 0.40226783366823377
0.671 0.3544806759891036
0.672 0.3582663995912636
0.673 0.3448133748642356
0.674 0.3883219094202731
0.675 0.5250221093567943
0.676 0.6111054240803605
0.677 0.6397327987391417
0.678 0.5678688413580917
0.679 0.5498927122493614
0.68 0.5888264687120716
0.681 0.5499082187337998
0.682 0.5920852871242556
0.683 0.5793433299180859
0.684 0.5360658293989887
0.685 0.4768511879131367
0.686 0.4347017487250215
0.687 0.35529141379538065
0.6880000000000001 0.346993761066642
0.6890000000000001 0.3969852025347604
0.6900000000000001 0.3143138327231105
0.6910000000000001 0.25004619040654597
0.6920000000000001 0.16000855575792816
0.6930000000000001 0.19173800906971766
0.6940000000000001 0.30360712254996863
0.6950000000000001 0.23278286189793357
0.6960000000000001 0.21343225063661828
0.6970000000000001 0.3004681987858077
0.6980000000000001 0.3448311875077257
0.6990000000000001 0.2567928227981622
0.7000000000000001 0.24112467590258374
0.7010000000000001 0.25816073496417796
0.7020000000000001 0.2862071526441202
0.7030000000000001 0.3741988208283217
0.704 0.3899957627097041
0.705 0.421184557633741
0.706 0.52252623874346
0.707 0.5031753631372191
0.708 0.39697780163889873
0.709 0.29080218912312894
0.71 0.3508663318546101
0.711 0.3414159246832312
0.712 0.3474466862759212
0.713 0.41518001628029483
0.714 0.48110886241164846
0.715 0.4880141431947331
0.716 0.5718324569921059
0.717 0.4724723337074319
0.718 0.4733472078397878
0.719 0.3656154911957257
0.72 0.35389939048082314
0.721 0.41041051250410737
0.722 0.2699025590781454
0.723 0.2655212292350035
0.724 0.2000854004484538
0.725 0.1232573443442476
0.726 -0.04620121450771614
0.727 -0.0318301637780383
0.728 -0.17777225483430967
0.729 -0.2006901275266486
0.73 -0.17007009479094823
0.731 -0.0675168478773702
0.732 -0.16793282533416876
0.733 -0.06889352152491222
0.734 -0.1286801661231022
0.735 -0.08111342166028429
0.736 -0.08362800244080515
0.737 0.045116673917103584
0.738 0.08022067062516292
0.739 0.13839503269911743
0.74 0.12146559142446775
0.741 0.2899630149742049
0.742 0.35902492044876555
0.743 0.37322370821494605
0.744 0.32802872639080494
0.745 0.32362592648648
0.746 0.3882172314955627
0.747 0.42585282062534774
0.748 0.44014093119713427
0.749 0.42215864525573865
0.75 0.41808228291142124
0.751 0.39918571244632545
0.752 0.4354583719199462
0.753 0.4728557253498107
0.754 0.4128316736891127
0.755 0.23586022278075278
0.756 0.3361113409149294
0.757 0.4580443560375884
0.758 0.4410585036424783
0.759 0.44344252208241164
0.76 0.43028076243780483
0.761 0.3687233222702677
0.762 0.3314635297535238
0.763 0.35702977362068616
0.764 0.30127839173077275
0.765 0.26147128095698974
0.766 0.3334425515920004
0.767 0.3554478781720463
0.768 0.28480749856399534
0.769 0.21854960477601348
0.77 0.24382804936915478
0.771 0.23783181101450185
0.772 0.2233169827840175
0.773 0.15447233513579706
0.774 0.1456813578973585
0.775 0.15885168462376004
0.776 0.14942865685004042
0.777 0.2084011117610878
0.778 0.23322778417629159
0.779 0.25275855520536883
0.78 0.12172504865152323
0.781 0.13096173783917286
0.782 0.1954116750279301
0.783 0.04704138088235951
0.784 -0.020654517688077287
0.785 0.01834134835754199
0.786 0.0574469004565191
0.787 0.2440426285848426
0.788 0.24325752694733913
0.789 0.26915159926957916
0.79 0.22685868398266235
0.791 0.24947449763270402
0.792 0.07894668831328727
0.793 0.11247307581484017
0.794 0.07970558807280209
0.795 0.03441909768580058
0.796 0.158892298173793
0.797 0.14891379736193533
0.798 0.2617959598372447
0.799 0.3232517887113673
0.8 0.3520585990433015
0.801 0.2164211021560203
0.802 0.12780925741064442
0.803 0.03988018091489079
0.804 0.053368217286943714
0.805 0.03198234662741335
0.806 -0.04528209172837129
0.807 -0.10450358874990376
0.808 -0.11467767142016722
0.809 0.014166024372249758
0.81 -0.16902343679523218
0.811 -0.16584370189555442
0.812 -0.14261396978835683
0.8130000000000001 -0.10806571095015066
0.8140000000000001 -0.19057009709335407
0.8150000000000001 -0.16150927036445917
0.8160000000000001 -0.17772490962130608
0.8170000000000001 -0.11613936461480753
0.8180000000000001 -0.08851572650567405
0.8190000000000001 -0.027552973125853704
0.8200000000000001 -0.005467240520400134
0.8210000000000001 -0.045582324930210014
0.8220000000000001 0.004485271702378613
0.8230000000000001 0.039198779537518734
0.8240000000000001 0.04019326125086075
0.8250000000000001 0.01737835641114498
0.8260000000000001 0.015957920467561088
0.8270000000000001 0.03354338568059572
0.8280000000000001 0.03903692298649129
0.8290000000000001 0.028317671278069542
0.8300000000000001 -0.07580479266987517
0.8310000000000001 -0.10871591566046815
0.8320000000000001 -0.05605449327906144
0.833 -0.0466555429345879
0.834 -0.08003417734080742
0.835 -0.08065549584737344
0.836 -0.1334983979409124
0.837 -0.23609366787047145
0.838 -0.10615245695468878
0.839 -0.11919991131551656
0.84 -0.13331026718486516
0.841 0.008492443538950845
0.842 0.020238286703165284
0.843 0.034031401483396895
0.844 -0.042297145591921506
0.845 -0.0734316547118468
0.846 0.023491202792167473
0.847 0.009707333590488405
0.848 0.02776934648439522
0.849 -0.026174014760988427
0.85 -0.036289706962073814
0.851 -0.08265313653543982
0.852 -0.08951011550639049
0.853 -0.2056233432855667
0.854 -0.2606572888147106
0.855 -0.16861960710309892
0.856 -0.17145425392739239
0.857 -0.2701093860885433
0.858 -0.1869545493649872
0.859 -0.19003903374992515
0.86 -0.24581069058841934
0.861 -0.2036113698366066
0.862 -0.21700298687235264
0.863 -0.1095062256688067
0.864 -0.048189859099954366
0.865 0.012938842147877598
0.866 -0.03274562417814977
0.867 -0.05807815743157721
0.868 -0.07062230656739055
0.869 -0.1286106500351423
0.87 -0.2392220678368706
0.871 -0.22589494719719874
0.872 -0.29078038301473996
0.873 -0.2260166111172102
0.874 -0.2003969216217982
0.875 -0.21775650906255764
0.876 -0.26453231359317014
0.877 -0.15535159121233488
0.878 -0.2495280239733219
0.879 -0.2594477856262555
0.88 -0.34271405095841834
0.881 -0.30919409327161995
0.882 -0.21623457527581913
0.883 -0.1759511458632344
0.884 -0.1458685423773585
0.885 -0.06565838103978282
0.886 -0.04933959815797108
0.887 -0.01848296895062457
0.888 -0.08418015483338816
0.889 -0.1562568047319842
0.89 -0.13519419882748512
0.891 -0.09509967201324714
0.892 -0.08972157877526307
0.893 -0.0092553136012445
0.894 -0.016764175284572087
0.895 0.05067637239619247
0.896 -0.036070260352272614
0.897 -0.06593166833967194
0.898 -0.12517905355326742
0.899 -0.11155330788566759
0.9 -0.09341206420219578
0.901 -0.055242072850660184
0.902 -0.1409285670890058
0.903 -0.028541665214256037
0.904 -0.05111606673076338
0.905 -0.12039380408921058
0.906 -0.09079011212829993
0.907 -0.1148053755728475
0.908 -0.07730284517533285
0.909 -0.03535762105987191
0.91 -0.12463172566444
0.911 -0.13137005422048334
0.912 -0.18996459755776007
0.913 -0.2218564571503312
0.914 -0.2093784986792229
0.915 -0.19363003059016576
0.916 -0.2164939201486222
0.917 -0.2569222412592431
0.918 -0.20505632526956985
0.919 -0.1372965843506619
0.92 -0.18843037508783958
0.921 -0.18782027717079108
0.922 -0.23355956849757226
0.923 -0.2576063217873484
0.924 -0.24359485279130233
0.925 -0.24488013448410267
0.926 -0.28690431407185535
0.927 -0.26309203982515894
0.928 -0.27942684279511076
0.929 -0.3510127584819663
0.93 -0.28028182719732386
0.931 -0.23538237932935183
0.932 -0.21838170587516936
0.933 -0.17095177791880517
0.934 -0.1168884576794279
0.935 -0.20079121126503374
0.936 -0.2049275506791939
0.937 -0.22004489297384752
0.9380000000000001 -0.21088212515576493
0.9390000000000001 -0.15709496392577765
0.9400000000000001 -0.19953350432953912
0.9410000000000001 -0.1284990584546275
0.9420000000000001 -0.080234096083498
0.9430000000000001 -0.1331695782398051
0.9440000000000001 -0.16658384798045126
0.9450000000000001 -0.2429658750769269
0.9460000000000001 -0.297157863290214
0.9470000000000001 -0.2878593372119289
0.9480000000000001 -0.364668233433981
0.9490000000000001 -0.4453098510189073
0.9500000000000001 -0.564112535062047
0.9510000000000001 -0.5413002938497805
0.9520000000000001 -0.6659019346801172
0.9530000000000001 -0.6331750306727703
0.9540000000000001 -0.6402376293441062
0.9550000000000001 -0.6334167714812299
0.9560000000000001 -0.7596481221380174
0.9570000000000001 -0.699963343933106
0.9580000000000001 -0.7929255247221775
0.9590000000000001 -0.7480568053788962
0.96 -0.891531024537719
0.961 -1.0006903525220274
0.962 -0.9408041533032852
0.963 -0.8451907854726124
0.964 -0.8849215327756125
0.965 -0.8455312235609188
0.966 -0.7804621529304726
0.967 -0.8283115188668944
0.968 -0.8561705156049709
0.969 -0.8499179871548397
0.97 -0.7997126918298738
0.971 -0.8055259905544594
0.972 -0.832029611594371
0.973 -0.7761612421136606
0.974 -0.7751171676813132
0.975 -0.7829806787982612
0.976 -0.8068094125831244
0.977 -0.842370851093421
0.978 -0.7378873362579855
0.979 -0.6967177692476593
0.98 -0.6862799536446967
0.981 -0.6767548670479266
0.982 -0.715246335960911
0.983 -0.6531147200669969
0.984 -0.5733847993974585
0.985 -0.6705754052201204
0.986 -0.6905924352253435
0.987 -0.6292192051449833
0.988 -0.6867700074067988
0.989 -0.6191993120537332
0.99 -0.5203200721308192
0.991 -0.6521938527931586
0.992 -0.5994615499511238
0.993 -0.5106394463681865
0.994 -0.5766214297551697
0.995 -0.6606853103632716
0.996 -0.7009079024400998
0.997 -0.7382663187164198
0.998 -0.8157220029255836
0.999 -0.760617124017262
1.0 -0.8459384185448285
1.0010000000000001 -1.1334236748298938
1.002 -1.3716017925116246
1.0030000000000001 -1.700335420665549
1.004 -2.020292148063229
1.0050000000000001 -2.4140399023809715
1.006 -2.638851111785718
1.0070000000000001 -2.900767479519317
1.008 -3.1380311997069503
1.0090000000000001 -3.352587536247981
1.01 -3.5629572784265853
1.0110000000000001 -3.8577058676800764
1.012 -4.143776086858665
1.0130000000000001 -4.349871562536084
1.014 -4.595043017193166
1.0150000000000001 -4.764412964025874
1.016 -4.9279899198973816
1.0170000000000001 -5.025324986701051
1.018 -5.140897856332453
1.0190000000000001 -5.193027417456627
1.02 -5.360193656917185
1.0210000000000001 -5.517149438900024
1.022 -5.457900782744357
1.0230000000000001 -5.5432191826143375
1.024 -5.578925275818197
1.025 -5.631319045344987
1.026 -5.761165063108345
1.027 -5.873697705681633
1.028 -5.899513570281797
1.029 -5.8692344494765285
1.03 -5.927329819579508
1.031 -6.056906908136195
1.032 -6.083491371361676
1.033 -6.019621533583667
1.034 -5.945074341462095
1.035 -5.9733690423225845
1.036 -5.911569690452978
1.037 -5.826061144183616
1.038 -5.765526796127735
1.039 -5.709783949481654
1.04 -5.6355676794073934
1.041 -5.520605719725985
1.042 -5.432556943560016
1.043 -5.308326116488422
1.044 -5.090054975461674
1.045 -5.053621693357794
1.046 -4.961005502696193
1.047 -4.809756362803319
1.048 -4.713821137382346
1.049 -4.572437430187556
1.05 -4.527032359046737
1.051 -4.4091018868319996
1.052 -4.304811003163418
1.053 -4.270480145575184
1.054 -4.138549845259884
1.055 -3.990266175381398
1.056 -3.803356850170972
1.057 -3.5471488900279238
1.058 -3.3524215590398643
1.059 -3.238222886993582
1.06 -3.139316983184292
1.061 -2.987248548083949
1.062 -2.845988056359224
1.063 -2.656831480339026
1.064 -2.473356725241816
1.065 -2.2932143459896897
1.066 -2.0686883180068607
1.067 -1.88427903174476
1.068 -1.741774397441193
1.069 -1.522313333428995
1.07 -1.2740988961891673
1.071 -1.0881483610670895
1.072 -1.0225705465643875
1.073 -0.8635852252646041
1.074 -0.7518048571378488
1.075 -0.5993451159493166
1.076 -0.4647553519378821
1.077 -0.39755541158693
1.078 -0.20274978290647472
1.079 -0.05677884677066536
1.08 0.03386956216134007
1.081 0.17101539962447354
1.082 0.3478886811952496
1.083 0.47476884023251764
1.084 0.687037193433436
1.085 0.8126051173818066
1.086 0.9671692408402909
1.087 1.0396572415387457
1.088 1.2485934184033272
1.089 1.3442077928957037
1.09 1.3412377667966617
1.091 1.5195053320736283
1.092 1.5710166689940006
1.093 1.687486456960558
1.094 1.8643592076023996
1.095 2.0683357577877697
1.096 2.2902732885449524
1.097 2.4520571449475486
1.098 2.5294283713964596
1.099 2.646136239981824
1.1 2.629986356482462
1.101 2.669839207508084
1.102 2.8403537174482603
1.103 2.9289165640478365
1.104 2.95104190531064
1.105 2.9762879631224872
1.106 2.988068794491207
1.107 3.045078217059747
1.108 3.2330107082175177
1.109 3.2152779380124406
1.11 3.1329096188669534
1.111 3.168540791865086
1.112 3.207385451454262
1.113 3.1929020830107295
1.114 3.130989184629438
1.115 3.2189691784013643
1.116 3.1600289606998957
1.117 3.065104267068492
1.118 3.051260690500495
1.119 2.960239482618804
1.12 2.945576736712935
1.121 2.8468708180214626
1.122 2.82464502396312
1.123 2.636011273586356
1.124 2.5525044931100824
1.125 2.40361401567972
1.1260000000000001 2.2737397565976076
1.127 2.2345713410976686
1.1280000000000001 2.0211104180265442
1.129 1.8678997251427756
1.1300000000000001 1.8081312609641809
1.131 1.768822353274922
1.1320000000000001 1.6452214906013425
1.133 1.387605240175509
1.1340000000000001 1.3691081098058957
1.135 1.1508926764417
1.1360000000000001 1.088400567784448
1.137 0.9451866583984027
1.1380000000000001 0.9423831525386975
1.139 0.8748286072746079
1.1400000000000001 0.7758539324496998
1.141 0.5789246912531116
1.1420000000000001 0.4821148834906879
1.143 0.3784299153526054
1.1440000000000001 0.15956052418674121
1.145 -0.004829627507685341
1.1460000000000001 -0.10585728544672074
1.147 -0.23545334452512634
1.1480000000000001 -0.3834780713094314
1.149 -0.440085303088654
1.1500000000000001 -0.5686155468036761
1.151 -0.810670838536621
1.1520000000000001 -0.7944909812973545
1.153 -0.9399025128687344
1.154 -1.1136537479568722
1.155 -1.259091833887371
1.156 -1.282507040573212
1.157 -1.2788775745010896
1.158 -1.3999988419060567
1.159 -1.6233938969619877
1.16 -1.7878925802233123
1.161 -1.781989150443202
1.162 -1.854526570655506
1.163 -1.906187455488598
1.164 -2.018424622056224
1.165 -2.0904092836520265
1.166 -2.16365460345778
1.167 -2.222052099644429
1.168 -2.3468616968393423
1.169 -2.396057647291668
1.17 -2.49044961520708
1.171 -2.53913586234972
1.172 -2.6130887698195107
1.173 -2.676360918660764
1.174 -2.7716028387459177
1.175 -2.793559043774868
1.176 -2.7152432019958184
1.177 -2.7663350380249825
1.178 -2.8615375336069837
1.179 -2.9499261318971266
1.18 -2.920681927135857
1.181 -2.9389859771337057
1.182 -2.9912844106553957
1.183 -3.037838929145841
1.184 -3.084094797168977
1.185 -3.1293264947005874
1.186 -3.158678905859665
1.187 -3.190777376848155
1.188 -3.227787980807425
1.189 -3.2739040944392204
1.19 -3.308246481984047
1.191 -3.321449533569157
1.192 -3.397032369037633
1.193 -3.3142918771847407
1.194 -3.1836830955909647
1.195 -3.154231124668191
1.196 -3.107333494482415
1.197 -3.2073680130314153
1.198 -3.1712156237983877
1.199 -3.133156906269398
1.2 -3.114733107656169
1.201 -3.0656801127242295
1.202 -2.9820568465348405
1.203 -2.928234653532553
1.204 -2.995308725700331
1.205 -3.018916225264811
1.206 -2.9829973105552123
1.207 -3.0203549987222384
1.208 -2.8965245101687263
1.209 -2.7708410873385816
1.21 -2.759770320930724
1.211 -2.8325635615899536
1.212 -2.801787327333986
1.213 -2.686976927294135
1.214 -2.566452814794334
1.215 -2.3862243507254304
1.216 -2.3261891845832294
1.217 -2.2141655450484397
1.218 -2.1655301085449192
1.219 -2.2031978474517353
1.22 -2.281450689402689
1.221 -2.17606519241642
1.222 -2.2160537939088374
1.223 -2.1286991203996064
1.224 -2.191564659650203
1.225 -2.175808808354872
1.226 -2.177254520235861
1.227 -2.2012258168752936
1.228 -2.152214421231002
1.229 -2.157721624016223
1.23 -2.1342560848939116
1.231 -2.1646634864577576
1.232 -2.1216576991718608
1.233 -2.0795283872712744
1.234 -1.9218961828936
1.235 -1.9389450237702905
1.236 -1.9735738280309234
1.237 -1.8504613665947653
1.238 -1.8065231430926798
1.239 -1.7360693528637765
1.24 -1.7727582317737034
1.241 -1.8420633046709605
1.242 -1.763017695563882
1.243 -1.7823313785391428
1.244 -1.6928473803116344
1.245 -1.6431246675363043
1.246 -1.583847433285796
1.247 -1.444778848467727
1.248 -1.3408553079569816
1.249 -1.4085458780352227
1.25 -1.317117999166121
1.2510000000000001 -1.3073185663982025
1.252 -1.2662886025486455
1.2530000000000001 -1.2177916908069024
1.254 -1.1261710103243185
1.2550000000000001 -1.0742595319288737
1.256 -0.9879532111495253
1.2570000000000001 -0.9365787785938036
1.258 -0.7456680447006158
1.2590000000000001 -0.6642730159577286
1.26 -0.578882564848759
1.2610000000000001 -0.5929931410616542
1.262 -0.5841316696621162
1.2630000000000001 -0.6327731761367333
1.264 -0.6461583575340328
1.2650000000000001 -0.5327918794795361
1.266 -0.6523606339234276
1.2670000000000001 -0.7356257245381067
1.268 -0.7874699141326278
1.2690000000000001 -0.6917346346331656
1.27 -0.7152509696011349
1.2710000000000001 -0.6462240590326457
1.272 -0.6752789153303106
1.2730000000000001 -0.6915618979827138
1.274 -0.7141814170445306
1.2750000000000001 -0.5974383044606998
1.276 -0.6956281995634126
1.2770000000000001 -0.6483420030832272
1.278 -0.5539638740155195
1.2790000000000001 -0.5896457270353692
1.28 -0.6547152652918607
1.281 -0.6800243223559931
1.282 -0.5896826648078385
1.283 -0.6099399706282288
1.284 -0.5295298797708251
1.285 -0.5620899228766676
1.286 -0.5400532175876906
1.287 -0.5992932038523768
1.288 -0.5609819754366568
1.289 -0.5230958207084243
1.29 -0.5586988068901851
1.291 -0.6082105296444221
1.292 -0.5365397219191345
1.293 -0.5564904411036983
1.294 -0.6363730917710044
1.295 -0.6962475090879346
1.296 -0.712456272208
1.297 -0.7666435851767156
1.298 -0.8072485490103256
1.299 -0.7497129780755487
1.3 -0.7985527976588533
1.301 -0.7704662438168706
1.302 -0.7605232693400688
1.303 -0.9219442537360542
1.304 -0.8018391766826841
1.305 -0.7697235781925542
1.306 -0.7719126641091296
1.307 -0.7969634578303101
1.308 -0.7832249948673015
1.309 -0.7916779326518013
1.31 -0.8067441168843741
1.311 -0.7045906925248459
1.312 -0.7472639953189902
1.313 -0.7668237536375412
1.314 -0.8020510483218914
1.315 -0.8314083999056593
1.316 -0.8873013632298082
1.317 -0.9345327366657215
1.318 -0.9831670236466531
1.319 -1.0029991426499856
1.32 -1.0906351477550031
1.321 -1.088024281172061
1.322 -1.0935033865022767
1.323 -1.0665905970909322
1.324 -1.1103235813780175
1.325 -1.1874240298411984
1.326 -1.2621333618667665
1.327 -1.2627293171635277
1.328 -1.3159359533782813
1.329 -1.2571719061124411
1.33 -1.2646836734997873
1.331 -1.201627928189302
1.332 -1.3050946272117694
1.333 -1.3270054713279447
1.334 -1.3284943638659654
1.335 -1.3354875945797695
1.336 -1.387641731651867
1.337 -1.4261630795306144
1.338 -1.4243514337425287
1.339 -1.457789979281603
1.34 -1.5262886962201667
1.341 -1.579410199158198
1.342 -1.6005289713690396
1.343 -1.7620748477885346
1.344 -1.7140898022641853
1.345 -1.6679972265798577
1.346 -1.693197488434335
1.347 -1.7628716369260606
1.348 -1.8740171192804196
1.349 -1.9423550600016384
1.35 -1.9605851571721713
1.351 -1.961331253713467
1.352 -1.9721631685290149
1.353 -2.056089565207073
1.354 -2.0178337535090787
1.355 -1.970566142910505
1.356 -2.0554214086174087
1.357 -2.053895355724044
1.358 -2.1552764117588668
1.359 -2.17940965999962
1.36 -2.2428734184120387
1.361 -2.26393460341602
1.362 -2.343672948878484
1.363 -2.47597322020466
1.364 -2.437068309343711
1.365 -2.5152259870757874
1.366 -2.5132670342418466
1.367 -2.6089134450089166
1.368 -2.6137453470703917
1.369 -2.711546929638641
1.37 -2.5939128819468706
1.371 -2.5428703356469295
1.372 -2.416918059928796
1.373 -2.4089270824667235
1.374 -2.3797259078875026
1.375 -2.412241370732081
1.3760000000000001 -2.545627291268487
1.377 -2.5676549513557587
1.3780000000000001 -2.6329750268191545
1.379 -2.6528988482983022
1.3800000000000001 -2.5922697696583596
1.381 -2.6605293227473985
1.3820000000000001 -2.819994108468685
1.383 -2.830443860354216
1.3840000000000001 -2.8250407832236903
1.385 -2.9358170374204713
1.3860000000000001 -2.9525480817554697
1.387 -2.978893479687857
1.3880000000000001 -3.0753005455293354
1.389 -3.097382932853096
1.3900000000000001 -3.210194405559669
1.391 -3.2177123704704598
1.3920000000000001 -3.2095593674216185
1.393 -3.356564650855584
1.3940000000000001 -3.4278241037087325
1.395 -3.411771558487473
1.3960000000000001 -3.3935842655579487
1.397 -3.4685852838735376
1.3980000000000001 -3.478547756851302
1.399 -3.4096928297662457
1.4000000000000001 -3.4297574837237392
1.401 -3.4499975520990893
1.4020000000000001 -3.504379274708182
1.403 -3.5155519284072136
1.4040000000000001 -3.5834009513734553
1.405 -3.6676693830599745
1.4060000000000001 -3.689957838139167
1.407 -3.6672053953900323
1.408 -3.730316075599304
1.409 -3.7779711947268986
1.41 -3.8380450266516437
1.411 -3.8797324550468666
1.412 -4.011877007801353
1.413 -4.1738435817556585
1.414 -4.203922273061325
1.415 -4.290582128192476
1.416 -4.314977685333108
1.417 -4.385315320786557
1.418 -4.3303545919609014
1.419 -4.377208609505567
1.42 -4.373925747165991
1.421 -4.2744624878802355
1.422 -4.404900476024866
1.423 -4.427599245813695
1.424 -4.383408487071693
1.425 -4.452100458590966
1.426 -4.4389012299823705
1.427 -4.5334118400216035
1.428 -4.517173359588424
1.429 -4.542805104906794
1.43 -4.639778125639311
1.431 -4.711215107829234
1.432 -4.714756709311816
1.433 -4.71143054669264
1.434 -4.8026604953786185
1.435 -4.789672239483952
1.436 -4.8050269145227515
1.437 -4.832588456534297
1.438 -4.91619563172651
1.439 -4.94447768790827
1.44 -5.083744648101739
1.441 -5.18055789998519
1.442 -5.15108077202448
1.443 -5.2716961364654
1.444 -5.279143634265398
1.445 -5.306048436762186
1.446 -5.312015467295295
1.447 -5.4283811739266215
1.448 -5.543265870142476
1.449 -5.520399828121196
1.45 -5.4658808940794925
1.451 -5.554027027094293
1.452 -5.461205144155936
1.453 -5.526824775511578
1.454 -5.555786798638641
1.455 -5.554198153479968
1.456 -5.525748588470838
1.457 -5.562161806843191
1.458 -5.673952480054466
1.459 -5.873291398127259
1.46 -5.872895563062561
1.461 -6.002178328089301
1.462 -6.1533651729930785
1.463 -6.085091663016901
1.464 -6.192938320827877
1.465 -6.255824512212558
1.466 -6.330565508766146
1.467 -6.390872097586019
1.468 -6.468075365372799
1.469 -6.483845971323408
1.47 -6.615131592093727
1.471 -6.659519894262019
1.472 -6.623919819039207
1.473 -6.644756269757
1.474 -6.66771711445276
1.475 -6.762894971762745
1.476 -6.807137353660796
1.477 -6.736728798497044
1.478 -6.6705108869884215
1.479 -6.78671554061893
1.48 -6.828096954327669
1.481 -6.8264108677622115
1.482 -6.7180449045398465
1.483 -6.743628959172056
1.484 -6.7645420888255385
1.485 -6.715843622729277
1.486 -6.862094465252247
1.487 -6.9542537491305065
1.488 -6.974264631750568
1.489 -7.102685645714935
1.49 -7.098667493717657
1.491 -7.075935142089374
1.492 -7.024761432868754
1.493 -7.004037398681865
1.494 -7.054691880412827
1.495 -7.113558658993082
1.496 -7.151144763304352
1.497 -7.23846372489408
1.498 -7.1565915593066585
1.499 -7.2417563386993855
1.5 -7.300071967934871
1.5010000000000001 -7.337602210097986
1.502 -7.371734046944812
1.5030000000000001 -7.337222618897133
1.504 -7.392884572662621
1.5050000000000001 -7.419989298005685
1.506 -7.399676198314772
1.5070000000000001 -7.331291151267172
1.508 -7.350178303249965
1.5090000000000001 -7.374602218995065
1.51 -7.388403763286201
1.5110000000000001 -7.370768796127398
1.512 -7.393026962397173
1.5130000000000001 -7.431193842536748
1.514 -7.347230751508891
1.5150000000000001 -7.375510993952538
1.516 -7.426621110155142
1.5170000000000001 -7.448897269950429
1.518 -7.479524508056262
1.5190000000000001 -7.592562191029515
1.52 -7.583234970574686
1.5210000000000001 -7.546010201723899
1.522 -7.4864309448546145
1.5230000000000001 -7.5324817132863675
1.524 -7.624094357863136
1.5250000000000001 -7.665163951184354
1.526 -7.693039128385429
1.5270000000000001 -7.673443220220483
1.528 -7.740766820136713
1.5290000000000001 -7.772569284076577
1.53 -7.776307756377552
1.5310000000000001 -7.812303358269537
1.532 -7.860435849962478
1.5330000000000001 -7.899850386203623
1.534 -8.035043987606173
1.5350000000000001 -8.035125778965483
1.536 -7.960082229980085
1.537 -8.024072062205722
1.538 -8.040448074482184
1.539 -8.059660851834995
1.54 -7.932031116489923
1.541 -7.880349218999174
1.542 -7.836920199445679
1.543 -7.8809940429561856
1.544 -7.838210330771978
1.545 -7.834651975758591
1.546 -7.752386225683955
1.547 -7.7518559049941995
1.548 -7.7785283651672
1.549 -7.83151146300984
1.55 -7.740614877203508
1.551 -7.696778712950269
1.552 -7.730912758827666
1.553 -7.748290294922419
1.554 -7.656485714656136
1.555 -7.733524807520692
1.556 -7.883852643958482
1.557 -7.941128870010543
1.558 -7.933640702538642
1.559 -7.992613124292214
1.56 -7.953671620834187
1.561 -7.985593664547665
1.562 -7.906241889519227
1.563 -8.03482184906149
1.564 -7.984834225568459
1.565 -7.934267411019878
1.566 -7.935269276102802
1.567 -7.8747367272601725
1.568 -7.855275670832588
1.569 -7.954747965107019
1.57 -7.951959807526196
1.571 -7.96420982861353
1.572 -7.990944874752039
1.573 -8.05371429293336
1.574 -8.047869290519934
1.575 -8.07843267432477
1.576 -8.065763525304643
1.577 -8.028964879932627
1.578 -7.978599285939843
1.579 -8.021316932450699
1.58 -7.956931760723295
1.581 -7.9044041658311
1.582 -8.050007878674771
1.583 -7.929603199685319
1.584 -7.892474208331488
1.585 -7.923737006426601
1.586 -7.820434980809586
1.587 -7.816459109253169
1.588 -7.885988864884864
1.589 -7.779676263354755
1.59 -7.7055517409239815
1.591 -7.8811555411455725
1.592 -7.94156339640195
1.593 -8.001995051287478
1.594 -8.068128149315546
1.595 -8.010162412223503
1.596 -8.14591565891399
1.597 -8.125145746314475
1.598 -8.070356063505661
1.599 -8.049708327300117
1.6 -8.045154780381855
1.601 -8.185271993884504
1.602 -8.175676350158415
1.603 -8.095545928144183
1.604 -8.040806858353287
1.605 -7.944097550317249
1.606 -8.00916781001351
1.607 -8.025256109582836
1.608 -7.975670829865785
1.609 -7.992645992048869
1.61 -7.998660140857688
1.611 -7.952873289239139
1.612 -7.944970925023036
1.613 -8.007415088950447
1.614 -8.126296048435993
1.615 -8.115188415930623
1.616 -8.191130240784048
1.617 -8.165517862942435
1.618 -8.111780334096313
1.619 -8.13692700891805
1.62 -8.239683179784313
1.621 -8.330719648269824
1.622 -8.154830790437293
1.623 -8.096580861368887
1.624 -8.05859639645171
1.625 -8.06769529284897
1.6260000000000001 -8.153804619745236
1.627 -8.16337131314597
1.6280000000000001 -8.032967403438084
1.629 -7.9710350159092
1.6300000000000001 -7.9318451515907995
1.631 -7.9259500829992175
1.6320000000000001 -7.817068495433927
1.633 -7.818479692021538
1.6340000000000001 -7.701897616834755
1.635 -7.768224201152258
1.6360000000000001 -7.712693755801074
1.637 -7.562065237963071
1.6380000000000001 -7.62770418133657
1.639 -7.549665038981527
1.6400000000000001 -7.627967553332186
1.641 -7.477966821297519
1.6420000000000001 -7.352581783772856
1.643 -7.37040976826371
1.6440000000000001 -7.343588238822302
1.645 -7.35823371233408
1.6460000000000001 -7.3317435508075866
1.647 -7.301455097880152
1.6480000000000001 -7.3160653564771465
1.649 -7.193756683314551
1.6500000000000001 -7.134524957801278
1.651 -6.9794135098036545
1.6520000000000001 -7.0598083468960455
1.653 -6.957495345835222
1.6540000000000001 -6.967413516985802
1.655 -6.951632667230265
1.6560000000000001 -6.774954368530734
1.657 -6.807966173513278
1.6580000000000001 -6.814508544074629
1.659 -6.796785129814139
1.6600000000000001 -6.698459786861968
1.661 -6.58081125691957
1.6620000000000001 -6.542308808958905
1.663 -6.563269204431427
1.6640000000000001 -6.574721874019874
1.665 -6.5193244320993315
1.666 -6.514700287330607
1.667 -6.480938605452064
1.668 -6.425042138806625
1.669 -6.342451567625189
1.67 -6.35091145861713
1.671 -6.412189573639801
1.672 -6.356248072792461
1.673 -6.244711037934524
1.674 -6.077000969792757
1.675 -5.979863152660167
1.676 -5.941534752033675
1.677 -5.923629790643003
1.678 -5.806947101056212
1.679 -5.787516244507129
1.68 -5.668010424057088
1.681 -5.7088788424503
1.682 -5.728755179776945
1.683 -5.713452626038418
1.684 -5.583181025171997
1.685 -5.517136817430064
1.686 -5.520222258930904
1.687 -5.372381266421375
1.688 -5.287032064655135
1.689 -5.25233696626498
1.69 -5.200806097731815
1.691 -5.226224268488006
1.692 -5.119597618965647
1.693 -5.111359928928278
1.694 -5.090857003953841
1.695 -4.909597106981864
1.696 -4.876631297022773
1.697 -4.789801204202712
1.698 -4.840886385417138
1.699 -4.77849718940483
1.7 -4.678280969537076
1.701 -4.588054111100747
1.702 -4.590013789714452
1.703 -4.4646632616200295
1.704 -4.28612770448965
1.705 -4.397917945101884
1.706 -4.234691917527024
1.707 -4.061698266832461
1.708 -4.043927354226593
1.709 -3.941358396775178
1.71 -3.9179510075815327
1.711 -3.8836432716813065
1.712 -3.851702183606666
1.713 -3.820415103695645
1.714 -3.8337928636042427
1.715 -3.753597622158409
1.716 -3.674094646197213
1.717 -3.4351748829147257
1.718 -3.313659057365244
1.719 -3.3245662926866926
1.72 -3.14321343072872
1.721 -3.0606850331214135
1.722 -2.9930868836867988
1.723 -2.9534142227426377
1.724 -2.880513449257357
1.725 -2.7316099298608476
1.726 -2.6607968252540255
1.727 -2.591993111818676
1.728 -2.5274279960960584
1.729 -2.4107365674592245
1.73 -2.314220408278766
1.731 -2.2979202237037315
1.732 -2.140725408180504
1.733 -2.0603855778466587
1.734 -2.1097188117724697
1.735 -1.9562505162449613
1.736 -1.8852068447540127
1.737 -1.7904043855484495
1.738 -1.6844676450222786
1.739 -1.5035611835863543
1.74 -1.527705831146319
1.741 -1.3643519328210771
1.742 -1.192042319286493
1.743 -1.1417516258359623
1.744 -1.0962740645474238
1.745 -0.9522461238690736
1.746 -0.9156880669049683
1.747 -0.7888035611024531
1.748 -0.7004653694970276
1.749 -0.656938025166905
1.75 -0.5451251004520501
1.7510000000000001 -0.5590916704065731
1.752 -0.5859993808873746
1.7530000000000001 -0.6001964274401539
1.754 -0.6200487196342508
1.7550000000000001 -0.6327735225123369
1.756 -0.5644875228985753
1.7570000000000001 -0.6014215911816078
1.758 -0.6418747444431833
1.7590000000000001 -0.4370837993979953
1.76 -0.4680445295986899
1.7610000000000001 -0.4530910147157331
1.762 -0.513924901978076
1.7630000000000001 -0.5649169073620552
1.764 -0.5163517872095491
1.7650000000000001 -0.5735025276793225
1.766 -0.5677065763455653
1.7670000000000001 -0.4859418330146189
1.768 -0.48492668499729774
1.7690000000000001 -0.558757979327388
1.77 -0.4497454453093775
1.7710000000000001 -0.3264850433624201
1.772 -0.2565099747700499
1.7730000000000001 -0.23228990816842593
1.774 -0.23911906234390926
1.7750000000000001 -0.2992550408708261
1.776 -0.23886782829733147
1.7770000000000001 -0.22542063985621186
1.778 -0.23433192460387492
1.7790000000000001 -0.32324405803745554
1.78 -0.38082488402278547
1.7810000000000001 -0.4015664946661079
1.782 -0.3597442250339399
1.7830000000000001 -0.42378630771477976
1.784 -0.516718609189208
1.7850000000000001 -0.40038326552335163
1.786 -0.418844304607578
1.7870000000000001 -0.5194681531424965
1.788 -0.47235134740635615
1.7890000000000001 -0.47690692987426025
1.79 -0.46967812578981416
1.7910000000000001 -0.4741215304898033
1.792 -0.30022656602510567
1.793 -0.30702821417639825
1.794 -0.24382027044892995
1.795 -0.12442459427025793
1.796 -0.09192503119946922
1.797 -0.13257085984733571
1.798 -0.08131652327913635
1.799 -0.0718239757589393
1.8 -0.1189120477425587
1.801 -0.08485120922209242
1.802 -0.13807485832164695
1.803 -0.1754950390339097
1.804 -0.1323112076242431
1.805 -0.245826973398949
1.806 -0.2623727088273975
1.807 -0.29265662285224725
1.808 -0.26357260829312246
1.809 -0.35924457386825376
1.81 -0.35932562864687145
1.811 -0.2972199571257663
1.812 -0.25389305827852515
1.813 -0.34599451796533576
1.814 -0.257978106873972
1.815 -0.2687974968270853
1.816 -0.36019512119726954
1.817 -0.34202216163880556
1.818 -0.2814392013548689
1.819 -0.23920848635426675
1.82 -0.29221370900001786
1.821 -0.29597445198370037
1.822 -0.33694284873821734
1.823 -0.42070641525561
1.824 -0.42193459045317877
1.825 -0.39143441237951515
1.826 -0.4128485166105472
1.827 -0.5035263611726298
1.828 -0.3964119060043848
1.829 -0.28063872393363687
1.83 -0.13821496388623097
1.831 -0.2367386615972527
1.832 -0.27235623663679254
1.833 -0.18640340114461926
1.834 -0.17241986178400204
1.835 -0.128845742827909
1.836 -0.16564228103001147
1.837 -0.15088557809129666
1.838 -0.1052187436946358
1.839 -0.17595462002719364
1.84 -0.21467954853620663
1.841 -0.222516949126267
1.842 -0.17733308797327052
1.843 -0.22848193665377767
1.844 -0.26983227573301066
1.845 -0.2868912689475558
1.846 -0.2631738544711105
1.847 -0.2187492016880046
1.848 -0.192389466072784
1.849 -0.20679684921263736
1.85 -0.09280174410873812
1.851 -0.09647176312886416
1.852 -0.13121650301124493
1.853 -0.09127956281286334
1.854 -0.047240434819375746
1.855 -0.10064703828307367
1.856 -0.10695911156767313
1.857 -0.0865583642214797
1.858 -0.17275317457679445
1.859 -0.2197796365980672
1.86 -0.19840031158687338
1.861 -0.24614303135870214
1.862 -0.12760488568743988
1.863 -0.10188002621022765
1.864 0.0060839044834095635
1.865 0.061381766139696405
1.866 0.07808921014191054
1.867 0.0233642471530629
1.868 0.048155812291897485
1.869 -0.0563806545962241
1.87 -0.040793209197862466
1.871 0.031899082642404646
1.872 0.1022373826652874
1.873 0.07337080762051133
1.874 0.16290933618779574
1.875 0.26277603001741767
1.8760000000000001 0.22219730546136496
1.877 0.2119264892906572
1.8780000000000001 0.23989552139887638
1.879 0.07633664918497518
1.8800000000000001 0.03453852202796095
1.881 -0.022434801887518695
1.8820000000000001 -0.055945262804155835
1.883 -0.02050447167209906
1.8840000000000001 -0.08370076120074652
1.885 -0.10794716638428759
1.8860000000000001 -0.07543899705872778
1.887 -0.1535086512289054
1.8880000000000001 -0.15689411875558285
1.889 -0.19498879789057283
1.8900000000000001 -0.19072652445524302
1.891 -0.25438785346537285
1.8920000000000001 -0.19900537963915668
1.893 -0.28534578156528023
1.8940000000000001 -0.2205071280292567
1.895 -0.1464109730242099
1.8960000000000001 -0.14186917941877772
1.897 -0.2054378273727784
1.8980000000000001 -0.2231908615196732
1.899 -0.2988057778522334
1.9000000000000001 -0.20569454426222988
1.901 -0.14388647786898484
1.9020000000000001 -0.11784729237249406
1.903 -0.06830711324389853
1.9040000000000001 -0.0767480600611119
1.905 -0.058653540887782324
1.9060000000000001 -0.12123440366871376
1.907 -0.13176163094377355
1.9080000000000001 -0.10300912147116455
1.909 -0.033449619203875
1.9100000000000001 -0.016841398225472783
1.911 -0.10238900404088155
1.9120000000000001 0.0012468180471258972
1.913 -0.005821079053609639
1.9140000000000001 -0.024506218937083303
1.915 -0.12510933815432293
1.9160000000000001 -0.17916325661762092
1.917 -0.09604896385599722
1.9180000000000001 -0.0798487267343275
1.919 -0.13215961638038015
1.92 -0.16725103573247196
1.921 -0.17986059294280182
1.922 -0.15541956466353674
1.923 -0.19442308378943735
1.924 -0.2560123594085433
1.925 -0.18237800102710167
1.926 -0.22950340462490265
1.927 -0.32060641258292705
1.928 -0.48829948265173756
1.929 -0.42516799883355977
1.93 -0.4682891371459802
1.931 -0.5659015575379315
1.932 -0.5144961514572723
1.933 -0.634197521080683
1.934 -0.6118179260944424
1.935 -0.6636201381019525
1.936 -0.7323923097530254
1.937 -0.6689397293333761
1.938 -0.6329300185151959
1.939 -0.6169704619538785
1.94 -0.5376244111619094
1.941 -0.4556154009927661
1.942 -0.5534511271112449
1.943 -0.5757327347093968
1.944 -0.572382339003029
1.945 -0.6061447657632721
1.946 -0.7650772528085752
1.947 -0.7749007637416079
1.948 -0.6540714872498645
1.949 -0.6727578783444991
1.95 -0.707739700629008
1.951 -0.7644776963559357
1.952 -0.8623481954182052
1.953 -0.8518058195039591
1.954 -0.8796250253725673
1.955 -0.887024635525645
1.956 -0.9234234773273237
1.957 -0.86894776961758
1.958 -0.927341026946328
1.959 -0.9626420100792741
1.96 -0.9067709854272517
1.961 -0.9194216661042037
1.962 -0.9163133552549213
1.963 -0.8303311138460919
1.964 -0.7884375339803223
1.965 -0.8437434155934377
1.966 -0.9203048987992122
1.967 -0.9167265601137551
1.968 -0.9289396716125073
1.969 -0.8469080700567894
1.97 -0.7859707314841229
1.971 -0.7589777211876568
1.972 -0.746811569177596
1.973 -0.7424104359026469
1.974 -0.7217483050799846
1.975 -0.7809265291174577
1.976 -0.8004420534995372
1.977 -0.7367578826823569
1.978 -0.594963904987013
1.979 -0.6672872208036975
1.98 -0.7046531518494088
1.981 -0.6388342487230831
1.982 -0.7030663055177592
1.983 -0.7640493383738617
1.984 -0.849516110281249
1.985 -0.842398961921854
1.986 -0.8030431595402716
1.987 -0.7136677333282486
1.988 -0.7612167741846976
1.989 -0.8282572347119093
1.99 -0.7501119707131924
1.991 -0.6370104344143123
1.992 -0.48995268985581375
1.993 -0.48920727123335955
1.994 -0.5092449029800312
1.995 -0.3550791498993611
1.996 -0.26560386269023106
1.997 -0.28442431633892207
1.998 -0.3239695269132792
1.999 -0.25595076939413736
2.0 -0.3331964694867702
2.001 -0.3722337268314498
2.0020000000000002 -0.30747574734183536
2.003 -0.3020748823265284
2.004 -0.30358545037341916
2.005 -0.22147132666755637
2.0060000000000002 -0.2751848156210212
2.007 -0.3018398282761481
2.008 -0.2134259146615124
2.009 -0.1638506810978402
2.0100000000000002 -0.14020666350910146
2.011 -0.10798069944314978
2.012 -0.03955619152868636
2.013 0.01175708005005753
2.0140000000000002 -0.02896572529604654
2.015 0.04466610775950549
2.016 0.007651122720093481
2.017 0.03579866272668519
2.0180000000000002 -0.0030056588292921155
2.019 -0.10431116654222142
2.02 -0.0930013812770387
2.021 -0.05297447742240465
2.0220000000000002 0.05512191955876649
2.023 0.07000929964641221
2.024 0.05022750732780476
2.025 -0.021050198223838773
2.0260000000000002 -0.017911427495119175
2.027 -0.020179121743486367
2.028 0.0762566835277256
2.029 0.04651224993553221
2.0300000000000002 0.00734543169416807
2.031 0.053859357365953035
2.032 0.101173338821696
2.033 0.10216962164427641
2.0340000000000003 0.08727469188962284
2.035 0.10759736946101199
2.036 0.0918832173852712
2.037 -0.009124357075945541
2.0380000000000003 0.07705733137621888
2.039 0.09951890411815059
2.04 0.10512940954693405
2.041 0.06229898179948874
2.0420000000000003 0.09801603882709944
2.043 0.17219003027831353
2.044 0.11667525251110439
2.045 0.0952969345274865
2.0460000000000003 0.06863608863679765
2.047 0.023039714817145444
2.048 0.07767656900921135
2.049 0.032295285910141296
2.05 0.04918824436006507
2.051 -0.03200232304366525
2.052 -0.059223955578251816
2.053 -0.13213084108849316
2.054 -0.13794502058800248
2.055 -0.18835937556690002
2.056 -0.2526671111107003
2.057 -0.36201991295333813
2.058 -0.4354553936537161
2.059 -0.41846488758857486
2.06 -0.5049565749705672
2.061 -0.4904217553748986
2.062 -0.4915802840727653
2.063 -0.4311832952247915
2.064 -0.26688665529341526
2.065 -0.3334520204713973
2.066 -0.2858793266366409
2.067 -0.3538795366815134
2.068 -0.44971940021911655
2.069 -0.37621057291986837
2.07 -0.2829929990593253
2.071 -0.4723462090947379
2.072 -0.561240524817909
2.073 -0.5191319719352323
2.074 -0.5115579166954468
2.075 -0.5678227536832079
2.076 -0.5254040834468677
2.077 -0.5495420081975569
2.078 -0.5130259654601531
2.079 -0.4014497393208204
2.08 -0.44166349885023504
2.081 -0.515260743965505
2.082 -0.4545611154949637
2.083 -0.4577440099386773
2.084 -0.47383943217286967
2.085 -0.5310081501926255
2.086 -0.5538598627486145
2.087 -0.44743816505593
2.088 -0.5068875128217355
2.089 -0.42908068825272544
2.09 -0.5118075166410219
2.091 -0.5827274871848533
2.092 -0.7027702790863288
2.093 -0.6471015406835903
2.094 -0.6623229858676983
2.095 -0.663415166345783
2.096 -0.6780017364781428
2.097 -0.6510326251564068
2.098 -0.5593535836790169
2.099 -0.5499856909212676
2.1 -0.6055246703054363
2.101 -0.5498702411938572
2.102 -0.5021161283247026
2.103 -0.4537541462005619
2.104 -0.3035155801344987
2.105 -0.24369490798290083
2.106 -0.2385817223819479
2.107 -0.2737103516375632
2.108 -0.3003483902406705
2.109 -0.26387383258236713
2.11 -0.3507161944409311
2.111 -0.32565834405354127
2.112 -0.3518569807545247
2.113 -0.403216606671341
2.114 -0.4146196065459195
2.115 -0.4984484809197841
2.116 -0.5127819656163457
2.117 -0.39555026921605096
2.118 -0.324022587282712
2.119 -0.3132095399457189
2.12 -0.3623207964076624
2.121 -0.35614898275803303
2.122 -0.3276807852170298
2.123 -0.1845194721056289
2.124 -0.18209268493998312
2.125 -0.12573103308866995
2.126 -0.12358542197704087
2.1270000000000002 -0.13456092954742047
2.128 -0.1291795835205296
2.129 -0.1814608910535151
2.13 -0.2868608044718798
2.1310000000000002 -0.23971137461590103
2.132 -0.21835308885385588
2.133 -0.22176917944624902
2.134 -0.21003887872557708
2.1350000000000002 -0.20748513602237043
2.136 -0.22205958207871046
2.137 -0.2077396180742585
2.138 -0.14290728306513
2.1390000000000002 -0.1362947320519181
2.14 -0.19978926323640744
2.141 -0.2619314992901918
2.142 -0.26096834509950895
2.1430000000000002 -0.33329717407547826
2.144 -0.28155493137547716
2.145 -0.32446124401976784
2.146 -0.37001334928982177
2.1470000000000002 -0.34705282633008994
2.148 -0.3574262888798234
2.149 -0.318087727486221
2.15 -0.30905584232744404
2.1510000000000002 -0.4100356147454956
2.152 -0.3818982203516169
2.153 -0.39267013093473463
2.154 -0.40072398442679574
2.1550000000000002 -0.37379026731899245
2.156 -0.3513869441327465
2.157 -0.40402792951757016
2.158 -0.4451759700662659
2.1590000000000003 -0.5056022100248324
2.16 -0.5552873734144317
2.161 -0.5464690053515633
2.162 -0.5773430582720825
2.1630000000000003 -0.4501118991957602
2.164 -0.49595284519720306
2.165 -0.4765818556434639
2.166 -0.5044057760122043
2.1670000000000003 -0.6035058186318101
2.168 -0.49137104580573265
2.169 -0.42540806675132914
2.17 -0.551463346799929
2.1710000000000003 -0.501817804209297
2.172 -0.48720718320498846
2.173 -0.42488533782676025
2.174 -0.5111415825325497
2.1750000000000003 -0.4724900656545198
2.176 -0.3696915106843567
2.177 -0.3681807463053049
2.178 -0.35913449864034286
2.179 -0.35975327093955994
2.18 -0.3762540244339449
2.181 -0.27425091770374666
2.182 -0.26460958218806285
2.183 -0.31893888172825247
2.184 -0.3620573706071555
2.185 -0.3949977637191874
2.186 -0.3242830232967977
2.187 -0.2726333236625412
2.188 -0.20396494088108708
2.189 -0.18986145401678817
2.19 -0.13011511022630137
2.191 -0.1501996073691728
2.192 -0.09736757874396557
2.193 -0.06671629304428281
2.194 -0.06517278373256333
2.195 -0.051164020116572166
2.196 -0.014567763126817887
2.197 -0.046943015191305525
2.198 -0.15193033024062544
2.199 -0.13827796391045125
2.2 -0.08339915657199565
2.201 -0.06712477582513465
2.202 -0.08163080135414999
2.203 -0.06819729105649126
2.204 0.03668502812790515
2.205 -0.03442724012071062
2.206 0.10107552514079797
2.207 0.1830858465054025
2.208 0.13163277369028667
2.209 0.2614386595380942
2.21 0.21285848573389732
2.211 0.13412671540258067
2.212 0.12623259844807072
2.213 0.13127476197233015
2.214 0.06880736790371095
2.215 0.10383742181427788
2.216 0.10828389794492586
2.217 0.18979673937687624
2.218 0.24358661975210344
2.219 0.23759002599448026
2.22 0.24674164629547776
2.221 0.10097142501438006
2.222 0.13796063252991594
2.223 0.13072873925856643
2.224 0.10425699103463539
2.225 0.11582229701117575
2.226 0.1993615938002955
2.227 0.3222286291570976
2.228 0.38008249481520384
2.229 0.2878501861541194
2.23 0.3959243553493823
2.231 0.312096008073464
2.232 0.2466429024299071
2.233 0.22079502566797582
2.234 0.20759932134565773
2.235 0.162607218006159
2.236 0.06631485258782896
2.237 0.1441037477536531
2.238 0.07934721686584575
2.239 0.10156760244115846
2.24 0.1041343162745815
2.241 0.1664235052007771
2.242 0.2090710691926383
2.243 0.08431485616340714
2.244 0.12186452294850356
2.245 0.1882581373915716
2.246 0.32849813074690404
2.247 0.39580831958534896
2.248 0.3670680447956874
2.249 0.46082072118370204
2.25 0.47365094820765663
2.251 0.44122467633716655
2.2520000000000002 0.3592413443867493
2.253 0.42499729220511084
2.254 0.49037505150447436
2.255 0.48181878217187557
2.2560000000000002 0.5091521511490895
2.257 0.564528255834464
2.258 0.48000272392804616
2.259 0.5056584088101929
2.2600000000000002 0.4269110011764652
2.261 0.40233945179290914
2.262 0.3529471309763466
2.263 0.35898833597220714
2.2640000000000002 0.37539757324909667
2.265 0.2866840035251262
2.266 0.295092582925038
2.267 0.2888029735072166
2.2680000000000002 0.28233969567164163
2.269 0.29662495683612705
2.27 0.37216350528778486
2.271 0.2698216943480826
2.2720000000000002 0.09427872987558272
2.273 0.18489344781816566
2.274 0.24084752280956975
2.275 0.1635791250011283
2.2760000000000002 0.074678354278404
2.277 0.17847371941085616
2.278 0.11433972216097349
2.279 0.13662645764170797
2.2800000000000002 0.09926186560271369
2.281 0.022512666364964892
2.282 0.07759429309217061
2.283 -0.03801076858392406
2.2840000000000003 -0.06685857682380841
2.285 -0.029237964245309223
2.286 -0.03213673842825505
2.287 0.046810932111766644
2.2880000000000003 0.017883821769857696
2.289 0.010619721156371845
2.29 0.0721863332564609
2.291 0.09909729205664287
2.2920000000000003 0.08762157680452079
2.293 -0.020416913741121034
2.294 -0.10567275277078612
2.295 -0.08446776038375492
2.2960000000000003 -0.01793926293849947
2.297 -0.03800038230965325
2.298 -0.0110759121564553
2.299 0.03434770536263284
2.3000000000000003 0.025322979086496958
2.301 0.10094553991571419
2.302 0.06316574304790176
2.303 0.042810891623379685
2.3040000000000003 0.0508853196274313
2.305 0.11106904480030544
2.306 0.2488785453852752
2.307 0.24271724409749418
2.308 0.33407147478475896
2.309 0.35515136072494546
2.31 0.38921803964730134
2.311 0.33876352638328294
2.312 0.31320867098542415
2.313 0.4111509992929273
2.314 0.40411829702229873
2.315 0.3867997315701823
2.316 0.29838043930899616
2.317 0.19737336266430908
2.318 0.17893231038111704
2.319 0.1459304615592929
2.32 0.16136211654810528
2.321 0.07060337824690144
2.322 0.057308190694410406
2.323 -0.0350050606518592
2.324 -0.022715558677624887
2.325 -0.05860122666041283
2.326 -0.02421879574965445
2.327 -0.11281991494081832
2.328 -0.017254025126596254
2.329 0.0008266349268454369
2.33 -0.07681210364231861
2.331 -0.10709206180965705
2.332 -0.08431984590809603
2.333 -0.12784745711780016
2.334 -0.0637782328772999
2.335 -0.13891957446161018
2.336 -0.1272737316377691
2.337 -0.16549102208669764
2.338 -0.1821127647092591
2.339 -0.13272001862918303
2.34 -0.19991525656990478
2.341 -0.2361653646636661
2.342 -0.21179443351868155
2.343 -0.16098696836555
2.344 -0.19904333444890154
2.345 -0.1898569022096661
2.346 -0.18833467785984692
2.347 -0.25294211140026446
2.348 -0.27092121021527316
2.349 -0.3807908254015101
2.35 -0.4278634898865602
2.351 -0.42897034065180134
2.352 -0.46450501463277605
2.353 -0.4639189372420586
2.354 -0.5448165253185734
2.355 -0.5882542035986265
2.356 -0.5433390552495742
2.357 -0.5596206566572515
2.358 -0.5037798856763448
2.359 -0.6043261863661054
2.36 -0.6336708864973342
2.361 -0.5922072295117083
2.362 -0.5383739877141224
2.363 -0.31769322304478975
2.364 -0.3368938826039102
2.365 -0.388801399681811
2.366 -0.4066235568290019
2.367 -0.4517695688675072
2.368 -0.4972748348268094
2.369 -0.43681713901420566
2.37 -0.47201281104274134
2.371 -0.527108913852926
2.372 -0.6547681793353299
2.373 -0.6250023549117103
2.374 -0.5616859871882144
2.375 -0.5606866707665685
2.376 -0.4779259669614218
2.3770000000000002 -0.5539372257057933
2.378 -0.5701411509125338
2.379 -0.6480683267413155
2.38 -0.6417517812267787
2.3810000000000002 -0.6397956106728399
2.382 -0.6751614024978934
2.383 -0.6246120650955008
2.384 -0.6623371723935122
2.3850000000000002 -0.700434726760106
2.386 -0.7692798767546793
2.387 -0.733983383658562
2.388 -0.6633220765409101
2.3890000000000002 -0.620865337053003
2.39 -0.5836548034440143
2.391 -0.6602043271321509
2.392 -0.6316180466132902
2.3930000000000002 -0.6966833608280123
2.394 -0.7069293770146958
2.395 -0.7128049531041322
2.396 -0.7599591126153388
2.3970000000000002 -0.7715099205442805
2.398 -0.7664953100258598
2.399 -0.8015752207332151
2.4 -0.7101559199072824
2.4010000000000002 -0.6984096591515537
2.402 -0.7105717113487571
2.403 -0.6942499346419886
2.404 -0.6623678504096565
2.4050000000000002 -0.5681048060829217
2.406 -0.6319835132902739
2.407 -0.6789234673904773
2.408 -0.6589640122268592
2.4090000000000003 -0.631182317967726
2.41 -0.5662068802192741
2.411 -0.5151307344751233
2.412 -0.510128109432816
2.4130000000000003 -0.48359702136307425
2.414 -0.39303076499050127
2.415 -0.46989229310819003
2.416 -0.45307461298611007
2.4170000000000003 -0.5251402027456017
2.418 -0.4162661943013243
2.419 -0.3118811398835124
2.42 -0.3870818960123294
2.4210000000000003 -0.35927730481417364
2.422 -0.40443071811102244
2.423 -0.370716716972695
2.424 -0.3818266664517845
2.4250000000000003 -0.3074208155947825
2.426 -0.3544846293637365
2.427 -0.4656931146110871
2.428 -0.5266177584671985
2.4290000000000003 -0.6273558653205964
2.43 -0.650304528515867
2.431 -0.6251299027726482
2.432 -0.5909297863524695
2.433 -0.6479271420026362
2.434 -0.6783293444058014
2.435 -0.5896118749243928
2.436 -0.6833959866550806
2.437 -0.5874581717621252
2.438 -0.5547563777372971
2.439 -0.5282891953984649
2.44 -0.5339484534506317
2.441 -0.4822459285765949
2.442 -0.5408323914296441
2.443 -0.4783809230102258
2.444 -0.4768351608572412
2.445 -0.49827408322498834
2.446 -0.5114789918815964
2.447 -0.450992420624958
2.448 -0.4814671551045917
2.449 -0.39581417213075737
2.45 -0.6062517662455035
2.451 -0.6544819000450878
2.452 -0.6404263896204686
2.453 -0.5555255547284755
2.454 -0.6839338657887426
2.455 -0.6895807829397286
2.456 -0.6805325169774914
2.457 -0.7157614248314625
2.458 -0.63161416492272
2.459 -0.7142981323179327
2.46 -0.6352817540085656
2.461 -0.7001631392987921
2.462 -0.6526451403969858
2.463 -0.6857304347170089
2.464 -0.6977230473639087
2.465 -0.6730113134190453
2.466 -0.7221836216754665
2.467 -0.7202116238866889
2.468 -0.5449420403093242
2.469 -0.5874255287277341
2.47 -0.5821837993912857
2.471 -0.6057949541631963
2.472 -0.5940746401587338
2.473 -0.5243232534607717
2.474 -0.6031741524968605
2.475 -0.5882396569725954
2.476 -0.5538823525553708
2.477 -0.6086397933519383
2.478 -0.642877126837859
2.479 -0.6670782794690319
2.48 -0.843486865847898
2.481 -0.8441801751890653
2.482 -0.7935274310579826
2.483 -0.8453135451377294
2.484 -0.877681600139116
2.485 -0.7692822566501438
2.486 -0.6252645291263434
2.487 -0.623143315526119
2.488 -0.6105147406051223
2.489 -0.6348679834643811
2.49 -0.6565348296901454
2.491 -0.6295728538920229
2.492 -0.6421318674214667
2.493 -0.7337698287606838
2.494 -0.7207848981523499
2.495 -0.7699413125973965
2.496 -0.7303791679941662
2.497 -0.8082622581442962
2.498 -0.9817321185972344
2.499 -0.9368080878478968
2.5 -0.9745567282110758
2.501 -1.0110649940837968
2.5020000000000002 -1.0245979495169903
2.503 -1.030580068720626
2.504 -1.07870145813874
2.505 -1.0384246601002394
2.5060000000000002 -1.1354274559540058
2.507 -1.1598652889068177
2.508 -1.0829271691208635
2.509 -1.1008321806238675
2.5100000000000002 -1.1043202583972933
2.511 -1.204001136211327
2.512 -1.0985065897116775
2.513 -1.140888785227894
2.5140000000000002 -1.1458287002477268
2.515 -1.1603817794311289
2.516 -1.2140748332811195
2.517 -1.2117590367022504
2.5180000000000002 -1.3613924016159031
2.519 -1.3968843139283957
2.52 -1.3888485391990704
2.521 -1.3321113777138662
2.5220000000000002 -1.224184029603715
2.523 -1.2462295536297998
2.524 -1.2907072989705146
2.525 -1.315335406146972
2.5260000000000002 -1.3771764431427211
2.527 -1.4427207265646131
2.528 -1.475130602265951
2.529 -1.4724453801023427
2.5300000000000002 -1.430019162286877
2.531 -1.382056617973155
2.532 -1.4247932050699377
2.533 -1.4803380970874676
2.5340000000000003 -1.5672079841030675
2.535 -1.5989838500992564
2.536 -1.5663445532275346
2.537 -1.701133474852763
2.5380000000000003 -1.8714577737787599
2.539 -1.9868983491309296
2.54 -2.0518825874738975
2.541 -2.060154704660006
2.5420000000000003 -2.0570397626004073
2.543 -2.0357021215389133
2.544 -1.9772462871014975
2.545 -1.9984799211854885
2.5460000000000003 -1.8873339816094614
2.547 -1.9005867775713736
2.548 -1.9788275564240831
2.549 -1.9114364961019756
2.5500000000000003 -2.0443268794613045
