0.0 -0.06866083617129873 -0.06849027243555914
0.001 -0.06743326932832255 -0.06710635550148833
0.002 -0.0670875259757382 -0.06661729123206724
0.003 -0.06677059456920253 -0.06616898231843123
0.004 -0.06648007411321151 -0.06575803248093155
0.005 -0.06621376369521974 -0.06538132846322352
0.006 -0.06596964581206062 -0.06503601644699115
0.007 -0.06580327947837887 -0.06471948043211148
0.008 -0.06565077700583727 -0.06442932241847178
0.009000000000000001 -0.06551098307267414 -0.06416334423930206
0.010000000000000002 -0.06538283863394126 -0.06411868687339077
0.011000000000000003 -0.06526537289843612 -0.06407775095463875
0.012000000000000004 -0.06515769597422308 -0.0640402263624494
0.013000000000000005 -0.06505899212702779 -0.06400582881960916
0.014000000000000005 -0.06496851360043211 -0.06397429773867228
0.015000000000000006 -0.06488557495105274 -0.06394539424781347
0.016000000000000007 -0.06480954785578831 -0.06391889938119288
0.017000000000000008 -0.06473985635179592 -0.06389461242012402
0.01800000000000001 -0.06467597247313624 -0.06387234937247756
0.01900000000000001 -0.06461741225103151 -0.06385194157880164
0.02000000000000001 -0.06456373204743553 -0.0638332344345987
0.02100000000000001 -0.06384829179612661 -0.06314985282106676
0.022000000000000013 -0.0631924715657601 -0.06252341967532914
0.023000000000000013 -0.06258768931577312 -0.06194918929173632
0.024000000000000014 -0.06203330558661838 -0.06142281144010957
0.025000000000000015 -0.06152512050155987 -0.060858851873011724
0.026000000000000016 -0.06105928417358957 -0.06040853223952552
0.027000000000000017 -0.0606322675396168 -0.059995739242163164
0.028000000000000018 -0.06024083562514176 -0.05961734566124767
0.02900000000000002 -0.05988202303687297 -0.0592704848787418
0.03000000000000002 -0.05955311149762658 -0.05895252916144476
0.03100000000000002 -0.059251609253317385 -0.05866106975392246
0.03200000000000002 -0.058975232196033955 -0.05839389863036036
0.03300000000000002 -0.05872188656019081 -0.0581489917670951
0.03400000000000002 -0.05848965306066793 -0.057924493809101946
0.035000000000000024 -0.05827677235277196 -0.05771870401427489
0.036000000000000025 -0.05808163170386732 -0.057530063369016754
0.037000000000000026 -0.05789949932464507 -0.05735714277753013
0.03800000000000003 -0.05773254464369134 -0.05719863223533406
0.03900000000000003 -0.057640972078605 -0.05705333090498766
0.04000000000000003 -0.05755703056060919 -0.056920138018836795
0.04100000000000003 -0.057410183201121706 -0.05678421409091961
0.04200000000000003 -0.057275573121591504 -0.05665961715699553
0.04300000000000003 -0.05715218054868882 -0.05654540330089845
0.04400000000000003 -0.0570390706901947 -0.0564407072661428
0.04500000000000003 -0.05693538665324175 -0.05634473590095012
0.046000000000000034 -0.056840342952701545 -0.05625676214952349
0.047000000000000035 -0.05675321956053969 -0.05617611954404909
0.048000000000000036 -0.05667335645105799 -0.056102197155697545
0.04900000000000004 -0.05660014860069977 -0.0560344349663753
0.05000000000000004 -0.05653304140453806 -0.055972319626163246
0.05100000000000004 -0.056471526474723165 -0.055915380564302196
0.05200000000000004 -0.05641513778905951 -0.0558631864242629
0.05300000000000004 -0.05636344816053449 -0.05581534179589354
0.05400000000000004 -0.056316066001053225 -0.0557714842198883
0.05500000000000004 -0.056272632354862066 -0.05573128144188349
0.05600000000000004 -0.056232818179186836 -0.05569442889537908
0.057000000000000044 -0.05619632185148454 -0.05566064739441671
0.058000000000000045 -0.05616286688442411 -0.055629681018534535
0.059000000000000045 -0.056132199831285375 -0.05560129517397588
0.060000000000000046 -0.0561040883659082 -0.05557527481646377
0.06100000000000005 -0.056078319522645796 -0.05555142282207767
0.06200000000000005 -0.05605469808298859 -0.05552955849389042
0.06300000000000004 -0.05603304509663615 -0.055509516193052104
0.06400000000000004 -0.056013196525813075 -0.05549114408395031
0.06500000000000004 -0.055995002002558594 -0.055474302983940335
0.06600000000000004 -0.055978323689575324 -0.05545886530893119
0.06700000000000005 -0.05596303523600732 -0.055531265068888815
0.06800000000000005 -0.05594902082023665 -0.05559763151551664
0.06900000000000005 -0.055936174272446876 -0.05565846742492547
0.07000000000000005 -0.05592439827030624 -0.055714233675216905
0.07100000000000005 -0.05591360360167733 -0.05576535273798405
0.07200000000000005 -0.055903708488767495 -0.05581221187885394
0.07300000000000005 -0.05589463796860015 -0.055855166091318006
0.07400000000000005 -0.05588632332511341 -0.05589454078607673
0.07500000000000005 -0.055878701568583905 -0.055930634256272226
0.07600000000000005 -0.05587171495843186 -0.055963719937284766
0.07700000000000005 -0.05586531056579248 -0.055994048478212925
0.07800000000000006 -0.05585943987253971 -0.056021849640730405
0.07900000000000006 -0.05599750507813178 -0.05619078071411187
0.08000000000000006 -0.056124064849924514 -0.05634563419804488
0.08100000000000006 -0.056240077974067854 -0.05648758322498347
0.08200000000000006 -0.056346423337865915 -0.05661770316634385
0.08300000000000006 -0.05644390658801414 -0.05673697977925752
0.08400000000000006 -0.056533266233983345 -0.05684631667442839
0.08500000000000006 -0.05661517924278845 -0.056946542161668355
0.08600000000000006 -0.05669026616752646 -0.05703841552497166
0.08700000000000006 -0.056759095848536306 -0.05712263277466635
0.08800000000000006 -0.05682218972279533 -0.05719983192021982
0.08900000000000007 -0.056880025774199434 -0.05727059780364383
0.09000000000000007 -0.056933042154653196 -0.0571732482694046
0.09100000000000007 -0.05698164050340248 -0.05708401119635197
0.09200000000000007 -0.05702618898975599 -0.05700221054605373
0.09300000000000007 -0.057067025102246705 -0.056927226616613674
0.09400000000000007 -0.057104458205363195 -0.05685849134796029
0.09500000000000007 -0.057138771883219974 -0.056795484018361354
0.09600000000000007 -0.05717022608792202 -0.05673772729956233
0.09700000000000007 -0.057723095650193554 -0.05720882018195787
0.09800000000000007 -0.05822989274894246 -0.05764065532415379
0.09900000000000007 -0.05889546749563992 -0.058237514944011005
0.10000000000000007 -0.059441136709335304 -0.058784636262213454
0.10100000000000008 -0.05995402414159165 -0.05928616413723236
0.10200000000000008 -0.0604241709544933 -0.05974589802266636
0.10300000000000008 -0.06085513886631982 -0.060167320750980864
0.10400000000000008 -0.06125019278549412 -0.060553624918602486
0.10500000000000008 -0.06161232554473724 -0.06090773707225564
0.10600000000000008 -0.06194428057404343 -0.06123233987977104
0.10700000000000008 -0.06224913524349626 -0.06152053873085681
0.10800000000000008 -0.06252858535716137 -0.06178472101101878
0.10900000000000008 -0.06278474796135437 -0.062026888101167243
0.11000000000000008 -0.06301956368186463 -0.06224887460047
0.11100000000000008 -0.0632348114256657 -0.06245236222483087
0.11200000000000009 -0.0634893346340441 -0.06263889254716166
0.11300000000000009 -0.06372264757505763 -0.0628098786759649
0.11400000000000009 -0.0639365177709867 -0.06296661596070119
0.11500000000000009 -0.06413256545058835 -0.06311029180504278
0.11600000000000009 -0.06431227582355653 -0.06324199466235592
0.11700000000000009 -0.06447701033211069 -0.06324915076828093
0.11800000000000009 -0.064628016964952 -0.06325571053204553
0.11900000000000009 -0.0647664397117232 -0.06326172364882975
0.12000000000000009 -0.06489332722959681 -0.0632672356725486
0.1210000000000001 -0.06460783720694503 -0.06287048478025498
0.1220000000000001 -0.06434613801951423 -0.06250679646231916
0.1230000000000001 -0.06410624709770267 -0.06217341550421132
0.1240000000000001 -0.06388634708604207 -0.06186781629261247
0.12500000000000008 -0.06368477207535318 -0.061587683681980185
0.12600000000000008 -0.06349999498222171 -0.06133089545556726
0.12700000000000009 -0.06333061598018452 -0.06109550624802208
0.12800000000000009 -0.06317535189498377 -0.060879732807772334
0.1290000000000001 -0.06303302648354975 -0.0606819404875434
0.1300000000000001 -0.06290256152306856 -0.06050063086066687
0.1310000000000001 -0.06278296864262746 -0.06033443036936339
0.1320000000000001 -0.06267334183555646 -0.06018207991900187
0.1330000000000001 -0.06257285059574139 -0.06022876299702473
0.1340000000000001 -0.062480733625910896 -0.06027155581854569
0.1350000000000001 -0.06239629307023294 -0.06031078257160657
0.1360000000000001 -0.06231888922752815 -0.060346740428579036
0.1370000000000001 -0.06224793570504876 -0.060379701797470466
0.1380000000000001 -0.06218289497610932 -0.060409916385620946
0.1390000000000001 -0.06212327430791483 -0.060437613091425556
0.1400000000000001 -0.06206862202873655 -0.06046300173841311
0.1410000000000001 -0.062018524106156464 -0.060486274664818374
0.1420000000000001 -0.061972601010458046 -0.06050760818068986
0.1430000000000001 -0.061930504839401164 -0.06052716390357206
0.1440000000000001 -0.061891916682599024 -0.06054508998288074
0.1450000000000001 -0.0618565442055304 -0.060561522222247026
0.1460000000000001 -0.06182411943488415 -0.06060423034245061
0.1470000000000001 -0.06179439672845843 -0.06064337945263723
0.1480000000000001 -0.06176715091423485 -0.06067926613697496
0.1490000000000001 -0.0617421755845299 -0.06071216226428455
0.1500000000000001 -0.061719281532300364 -0.06074231704765168
0.1510000000000001 -0.06169829531775663 -0.060769958932404874
0.1520000000000001 -0.06167905795442486 -0.06079529732676197
0.1530000000000001 -0.06166142370470408 -0.06081852418825598
0.1540000000000001 -0.061645258975793364 -0.06083981547795882
0.1550000000000001 -0.061630441307625204 -0.060859332493519755
0.1560000000000001 -0.06161685844513773 -0.06087722309111728
0.1570000000000001 -0.06160440748785754 -0.06089362280558168
0.1580000000000001 -0.0615929941103507 -0.06090865587717404
0.1590000000000001 -0.061582531847636096 -0.060922436192800376
0.16000000000000011 -0.06157294144014771 -0.06093506814879118
0.16100000000000012 -0.061564150233283356 -0.060946647441782756
0.16200000000000012 -0.061556091626991036 -0.060957261793691694
0.16300000000000012 -0.06154870457122307 -0.06096699161627489
0.16400000000000012 -0.061541933103435774 -0.060975910620309486
0.16500000000000012 -0.061535725924630746 -0.060984086374007866
0.16600000000000012 -0.06153003601072614 -0.06099158081489805
0.16700000000000012 -0.06152482025631358 -0.06099845071904738
0.16800000000000012 -0.06152003914810207 -0.06100474813118427
0.16900000000000012 -0.06151565646557485 -0.061010520758976415
0.17000000000000012 -0.06151163900659157 -0.06101581233445255
0.17100000000000012 -0.06150795633585689 -0.06102066294530568
0.17200000000000013 -0.06150458055435011 -0.06102510933858771
0.17300000000000013 -0.06150148608796889 -0.06102918519909623
0.17400000000000013 -0.061498649493786105 -0.06096502266344229
0.17500000000000013 -0.061496049282451885 -0.06090620700575951
0.17600000000000013 -0.06149366575539552 -0.060852292652883624
0.17700000000000013 -0.06149148085559385 -0.06080287116274739
0.17800000000000013 -0.061489478030775646 -0.060757568130122515
0.17900000000000013 -0.06148764210802563 -0.06071604035021638
0.18000000000000013 -0.06148595917883812 -0.06067797321863576
0.18100000000000013 -0.06148441649374956 -0.060643078348020185
0.18200000000000013 -0.06148300236575172 -0.060611091383289246
0.18300000000000013 -0.061481706081753705 -0.06058176999895255
0.18400000000000014 -0.061480517821422186 -0.06055489206331058
0.18500000000000014 -0.06147942858278496 -0.06053025395563877
0.18600000000000014 -0.06147843011403417 -0.06050766902360628
0.18700000000000014 -0.06147751485101261 -0.060486966169243164
0.18800000000000014 -0.06147667585990951 -0.06046798855274364
0.18900000000000014 -0.06147590678473168 -0.06045059240428575
0.19000000000000014 -0.061475201799151995 -0.06047599014110688
0.19100000000000014 -0.061474555562370616 -0.06049927139985959
0.19200000000000014 -0.061473963178654355 -0.06052061255371624
0.19300000000000014 -0.06147342016024778 -0.060540175278084835
0.19400000000000014 -0.06147292239337509 -0.06055810777542271
0.19500000000000015 -0.06147246610707512 -0.06057454589798243
0.19600000000000015 -0.06147204784463348 -0.06058961417699551
0.19700000000000015 -0.06147166443739532 -0.06060342676609083
0.19800000000000015 -0.06147131298076033 -0.06061608830609488
0.19900000000000015 -0.06147099081217826 -0.06062769471776525
0.20000000000000015 -0.06147069549097803 -0.060638333928463094
0.20100000000000015 -0.06147042477987782 -0.06064808653826945
0.20200000000000015 -0.06147017662803596 -0.06065702643059194
0.20300000000000015 -0.06146994915551425 -0.06066522133188756
0.20400000000000015 -0.06146974063903602 -0.06067273332474187
0.20500000000000015 -0.06146954949893098 -0.060679619318191665
0.20600000000000016 -0.06146937428716802 -0.060685931478853976
0.20700000000000016 -0.061469213676385304 -0.06069171762612776
0.20800000000000016 -0.06142025174479607 -0.06069702159446206
0.20900000000000016 -0.0613753699741726 -0.06070188356543517
0.21000000000000016 -0.06133422835110109 -0.060706340372160515
0.21100000000000016 -0.06129651519661887 -0.060710425778325416
0.21200000000000016 -0.06126194480501017 -0.06071417073397658
0.21300000000000016 -0.06123025527936886 -0.060717603609990144
0.21400000000000016 -0.061201206547530994 -0.06072075041300258
0.21500000000000016 -0.061174578543346285 -0.06072363498243064
0.21600000000000016 -0.0611501695395103 -0.06072627917107304
0.21700000000000016 -0.0611145439055562 -0.060715452296890786
0.21800000000000017 -0.06108188707443161 -0.060705527662223716
0.21900000000000017 -0.06105195164590073 -0.06069643008044557
0.22000000000000017 -0.061024510836414095 -0.06068809063048227
0.22100000000000017 -0.060999356761051345 -0.06068044613468258
0.22200000000000017 -0.06097629885863549 -0.060673438680199525
0.22300000000000017 -0.06095516244808762 -0.06066701518025673
0.22400000000000017 -0.06093578740508541 -0.060661126971975836
0.22500000000000017 -0.060918026949000045 -0.06065572944771835
0.22600000000000017 -0.0609017465309218 -0.06065078171714898
0.22700000000000017 -0.060886822814350074 -0.0606462462974604
0.22800000000000017 -0.06087314274082599 -0.06064208882941253
0.22900000000000018 -0.06086060267342892 -0.06063827781703531
0.23000000000000018 -0.060849107611648266 -0.06063478438902287
0.23100000000000018 -0.06083857047168267 -0.06063158208001146
0.23200000000000018 -0.0608289114267142 -0.06062864663008433
0.23300000000000018 -0.06082005730215977 -0.06062595580098447
0.23400000000000018 -0.06081194102131821 -0.060623489207642926
0.23500000000000018 -0.06080450109721345 -0.060621228163746516
0.23600000000000018 -0.060797681166784086 -0.0606191555401748
0.23700000000000018 -0.060791429563890505 -0.06061725563523407
0.23800000000000018 -0.06078569892790472 -0.06061551405570506
0.23900000000000018 -0.06078044584491775 -0.06061391760780347
0.24000000000000019 -0.06077563051884636 -0.06061245419722701
0.2410000000000002 -0.060771216469947584 -0.06061111273753192
0.2420000000000002 -0.06076717025845704 -0.06060988306614476
0.2430000000000002 -0.06076346123125738 -0.060608755867373194
0.2440000000000002 -0.06076006128965769 -0.06060772260183259
0.2450000000000002 -0.06075694467652464 -0.060606775441753705
0.2460000000000002 -0.06022894784951548 -0.06008076728004419
0.2470000000000002 -0.05983784308627999 -0.05959859313181047
0.2480000000000002 -0.05947933038664747 -0.059156600162596225
0.2490000000000002 -0.05915069374531765 -0.058751439940816504
0.25000000000000017 -0.058849443490765325 -0.058380043070851755
0.25100000000000017 -0.058573297424092355 -0.05803959594005074
0.25200000000000017 -0.05832016352964213 -0.05772751940348314
0.25300000000000017 -0.05808812412639609 -0.05744144924496284
0.25400000000000017 -0.057875421340087226 -0.057179218266319234
0.25500000000000017 -0.057680443785970766 -0.05693883986922926
0.25600000000000017 -0.05750171436136401 -0.056732049004330355
0.2570000000000002 -0.05733787905547449 -0.056542490711506355
0.2580000000000002 -0.05718769669174242 -0.056368728943084354
0.2590000000000002 -0.05705002952498803 -0.056209447322030856
0.2600000000000002 -0.05692383462212983 -0.05606343916939848
0.2610000000000002 -0.05680815596117649 -0.05592959836281881
0.2620000000000002 -0.05670211718863592 -0.055806910956787435
0.2630000000000002 -0.056604914980473736 -0.05581132928567941
0.2640000000000002 -0.056515812956325066 -0.05581537942049705
0.2650000000000002 -0.05643413610085545 -0.05581909204407989
0.2660000000000002 -0.0563592656500083 -0.05582249528236416
0.2670000000000002 -0.05629063440339842 -0.05582561491745807
0.2680000000000002 -0.05622560575686207 -0.05582847458296082
0.2690000000000002 -0.05616599616420375 -0.05583109594300501
0.2700000000000002 -0.056111354037600286 -0.05583349885637885
0.2710000000000002 -0.056061265421547116 -0.05583570152697154
0.2720000000000002 -0.05601535085683171 -0.0558377206416815
0.2730000000000002 -0.055973262505842586 -0.0558395714968323
0.2740000000000002 -0.055934681517435886 -0.05584126811405387
0.2750000000000002 -0.05589931561139641 -0.055842823346506976
0.2760000000000002 -0.05586689686419356 -0.05584424897625565
0.2770000000000002 -0.055837179679257616 -0.05584555580352527
0.2780000000000002 -0.05580993892639967 -0.05584675372852243
0.2790000000000002 -0.05578496823627988 -0.055847851826436486
0.2800000000000002 -0.05576207843700341 -0.05584885841619104
0.2810000000000002 -0.05574109612099998 -0.055849781123466044
0.2820000000000002 -0.05572186233133016 -0.05585062693846813
0.2830000000000002 -0.05570423135746617 -0.05585140226888671
0.2840000000000002 -0.05568806963142417 -0.05585211298843708
0.2850000000000002 -0.05606675097661943 -0.056246260742092
0.2860000000000002 -0.056413875543048414 -0.05660756284960901
0.2870000000000002 -0.056732073062274985 -0.05693875644816627
0.2880000000000002 -0.05702375412156601 -0.05724235058017709
0.2890000000000002 -0.05729112842591611 -0.057520645201187014
0.2900000000000002 -0.057536221538237044 -0.057775748603779445
0.2910000000000002 -0.05776089022453123 -0.05800959338948917
0.2920000000000002 -0.0579668365203009 -0.05822395110972309
0.2930000000000002 -0.05815562062475643 -0.05842044568660418
0.2940000000000002 -0.05832867272050733 -0.0585937918088269
0.2950000000000002 -0.05848730380827899 -0.058752692420864394
0.2960000000000002 -0.058632715638736344 -0.0588983513152321
0.2970000000000002 -0.058766009816655584 -0.0590318719684025
0.2980000000000002 -0.05888819614641489 -0.05915426590047536
0.2990000000000002 -0.059230028387107385 -0.05949628844328861
0.3000000000000002 -0.05954337460774217 -0.05980980910753409
0.3010000000000002 -0.05983060864332406 -0.060097203049759115
0.3020000000000002 -0.060093906509274125 -0.060360647496798724
0.3030000000000002 -0.060335262886395014 -0.06060213823991836
0.3040000000000002 -0.06055650623208916 -0.060823504754444695
0.3050000000000002 -0.0607593126323088 -0.06102642405942717
0.3060000000000002 -0.0609452184991768 -0.06121243342232777
0.3070000000000002 -0.06111563221047247 -0.06138294200498665
0.3080000000000002 -0.06127896616468888 -0.06153924153909063
0.3090000000000002 -0.06142868895605392 -0.061682516112019276
0.3100000000000002 -0.06156593484813854 -0.06181385113720387
0.3110000000000002 -0.061411414094744446 -0.06173815461273253
0.3120000000000002 -0.06126977007079986 -0.06166876613196713
0.3130000000000002 -0.06113992971551732 -0.06160516002459885
0.3140000000000002 -0.061020909389841664 -0.0614282001352424
0.3150000000000002 -0.060911807424638975 -0.06126598690333233
0.3160000000000002 -0.060811797289869844 -0.06111729144074809
0.3170000000000002 -0.060720121332998145 -0.060980987266712534
0.3180000000000002 -0.06063608503919909 -0.06085604177384661
0.31900000000000023 -0.060559051769883285 -0.06074150840538618
0.32000000000000023 -0.06048843793967713 -0.060636519484297456
0.32100000000000023 -0.060423708595321486 -0.060540279639966124
0.32200000000000023 -0.06036437336299548 -0.0604520597826624
0.32300000000000023 -0.060309982733363306 -0.060371191580133994
0.32400000000000023 -0.06026012465620048 -0.06029706239448295
0.32500000000000023 -0.06021442141880123 -0.06023552558809846
0.32600000000000023 -0.06017252678451858 -0.06017911684891267
0.32700000000000023 -0.060134123369759485 -0.06012740883799236
0.32800000000000024 -0.06009892023956365 -0.06008000982798208
0.32900000000000024 -0.06006665070355079 -0.06003656073547266
0.33000000000000024 -0.060037070295539015 -0.05999673240067235
0.33100000000000024 -0.06000995492152821 -0.05996022309377207
0.33200000000000024 -0.059985099162018315 -0.05992675622911348
0.33300000000000024 -0.05996231471580091 -0.05989607826984311
0.33400000000000024 -0.05994142897343495 -0.0598679568071786
0.33500000000000024 -0.05992228370959949 -0.059842178799736134
0.33600000000000024 -0.059904733884416986 -0.05981854895958054
0.33700000000000024 -0.05988864654466636 -0.05979688827277124
0.33800000000000024 -0.05987389981656161 -0.05977703264319606
0.33900000000000025 -0.05986038198246559 -0.05975883164941881
0.34000000000000025 -0.05984799063454425 -0.05974214740512299
0.34100000000000025 -0.05983663189894968 -0.059726853514518494
0.34200000000000025 -0.05976203444056647 -0.059712834114797705
0.34300000000000025 -0.05969365343704853 -0.05969998299838698
0.34400000000000025 -0.05963097085049041 -0.05968820280834382
0.34500000000000025 -0.05957351181281214 -0.05967740430080425
0.34600000000000025 -0.05952084102827372 -0.059667505668892985
0.34700000000000025 -0.05947255947578017 -0.05965843192297432
0.34800000000000025 -0.05942830138599442 -0.05965011432254888
0.34900000000000025 -0.05938773147035748 -0.059642489855492226
0.35000000000000026 -0.05935054238102362 -0.05963550076069029
0.35100000000000026 -0.059316452382467584 -0.059629094090455186
0.35200000000000026 -0.05928520321712455 -0.05962322130940634
0.35300000000000026 -0.05925655814889343 -0.05961783792677823
0.35400000000000026 -0.0593004289964731 -0.05961290315936913
0.35500000000000026 -0.05934064394008779 -0.05960837962257745
0.35600000000000026 -0.05937750763840126 -0.05960423304718508
0.35700000000000026 -0.05941129936185527 -0.05960043201974208
0.35800000000000026 -0.05944227510835478 -0.05959694774458599
0.35900000000000026 -0.059470669542646 -0.05959375382569291
0.36000000000000026 -0.05949669777407962 -0.05959082606670758
0.36100000000000027 -0.0595205569862271 -0.0595881422876377
0.36200000000000027 -0.05954242793069563 -0.05961875531866819
0.36300000000000027 -0.059562476296458444 -0.059646817263779475
0.36400000000000027 -0.05958085396507436 -0.05967254071346482
0.36500000000000027 -0.05959770016130561 -0.05965249406454804
0.36600000000000027 -0.05961314250785093 -0.05963411796970766
0.36700000000000027 -0.059627297992184136 -0.05961727321610398
0.36800000000000027 -0.05964027385282291 -0.059601832191967276
0.36900000000000027 -0.059689875141334676 -0.059587677919841965
0.3700000000000003 -0.05973534298913713 -0.05957470317039376
0.3710000000000003 -0.05977702184962271 -0.05956280965006624
0.3720000000000003 -0.0598152274717345 -0.059551907256432675
0.3730000000000003 -0.05985024929200363 -0.059541913395601914
0.3740000000000003 -0.059882352627250335 -0.05953275235650705
0.3750000000000003 -0.059911780684559816 -0.059524354737336756
0.3760000000000003 -0.059938756403760174 -0.05951665691976399
0.3770000000000003 -0.059963484146360505 -0.059509600586988946
0.3780000000000003 -0.06034107762812716 -0.059858058666328186
0.3790000000000003 -0.060490626735600996 -0.060177478572389156
0.3800000000000003 -0.06062771341745201 -0.06047028015294505
0.3810000000000003 -0.06075337620914878 -0.06073868160178794
0.3820000000000003 -0.060868567101537485 -0.06098471626322726
0.3830000000000003 -0.060974158752893796 -0.061210248036213305
0.3840000000000003 -0.06107095109997041 -0.061416985494783846
0.3850000000000003 -0.061159677418123976 -0.06160649483180684
0.3860000000000003 -0.06124100987643141 -0.061780211724077924
0.3870000000000003 -0.061315564629879894 -0.06193945220865975
0.3880000000000003 -0.06138390648720767 -0.062085422652859754
0.3890000000000003 -0.061446553189758134 -0.06221922889337642
0.3900000000000003 -0.061503979333762726 -0.06234188461385004
0.3910000000000003 -0.06155661996576693 -0.06245431902428419
0.3920000000000003 -0.06160487387843745 -0.06255738390051549
0.3930000000000003 -0.06164910663171876 -0.06265186003706084
0.3940000000000003 -0.06168965332222663 -0.06273846316222742
0.3950000000000003 -0.061726821121858844 -0.06281784936029679
0.3960000000000003 -0.06176089160485504 -0.06289062004186037
0.3970000000000003 -0.061792122880934885 -0.06295732649996032
0.3980000000000003 -0.06182075155067475 -0.06301847408655194
0.3990000000000003 -0.061846994497936285 -0.06307452604092759
0.4000000000000003 -0.06187105053292603 -0.06311238327781578
0.4010000000000003 -0.06189310189833329 -0.06314708574496329
0.4020000000000003 -0.06191331564995661 -0.06317889633984851
0.4030000000000003 -0.061931844922278 -0.06320805605182662
0.4040000000000003 -0.0619488300885726 -0.06323478578780656
0.4050000000000003 -0.061964399824342646 -0.06325928804578816
0.4060000000000003 -0.06197867208213186 -0.06328174844893797
0.4070000000000003 -0.061991754985105306 -0.06330233715182529
0.4080000000000003 -0.0620037476461643 -0.063321210129472
0.4090000000000003 -0.06201474091880171 -0.0633385103589815
0.4100000000000003 -0.062024818085386 -0.06335436890269854
0.4110000000000003 -0.06203405548808827 -0.06336890590110582
0.4120000000000003 -0.06204252310723202 -0.06338223148297915
0.4130000000000003 -0.06205028509144712 -0.06339444659969638
0.4140000000000003 -0.06205740024364429 -0.0634056437900205
0.4150000000000003 -0.0620639224664917 -0.06341590788115095
0.4160000000000003 -0.06206990117076849 -0.06342531663135387
0.4170000000000003 -0.062075381649688885 -0.06343394131903987
0.4180000000000003 -0.06208040542203258 -0.06344184728275204
0.4190000000000003 -0.06208501054668097 -0.06344909441615486
0.4200000000000003 -0.06208923191094199 -0.06345573762177412
0.4210000000000003 -0.062093101494847924 -0.0634618272269251
0.4220000000000003 -0.06209664861342837 -0.06346740936498017
0.4230000000000003 -0.0623250336143714 -0.06347252632486398
0.4240000000000003 -0.06249027440351802 -0.06347721687142414
0.4250000000000003 -0.06264174512690242 -0.06348151653910429
0.4260000000000003 -0.06278059329000478 -0.06348545790114442
0.4270000000000003 -0.06290787077284862 -0.06348907081634787
0.4280000000000003 -0.0630245417987888 -0.06349238265528437
0.4290000000000003 -0.06313149023923398 -0.06349541850764283
0.4300000000000003 -0.06322952630964206 -0.06349820137230475
0.4310000000000003 -0.06329872394058281 -0.06350075233157818
0.43200000000000033 -0.0633621551022785 -0.06350309071091215
0.43300000000000033 -0.06342030033383288 -0.06350523422530162
0.43400000000000033 -0.06347360012942439 -0.06350719911349198
0.43500000000000033 -0.06352245827538328 -0.0635090002609998
0.43600000000000033 -0.06356724490917892 -0.06351065131288197
0.43700000000000033 -0.0636082993234916 -0.06351216477710729
0.43800000000000033 -0.06364593253661155 -0.06351355211931384
0.43900000000000033 -0.06368042964863817 -0.06351482384966985
0.44000000000000034 -0.06371205200132923 -0.06351598960249619
0.44100000000000034 -0.06374103915796271 -0.06351705820925366
0.44200000000000034 -0.06291602894901409 -0.06266645599625204
0.44300000000000034 -0.06215976959081119 -0.06188673730100054
0.44400000000000034 -0.06146653184579186 -0.061171995163686675
0.44500000000000034 -0.060831063912857475 -0.06051681487114896
0.44600000000000034 -0.06024855164100096 -0.05991623293632272
0.44700000000000034 -0.05971458205846582 -0.059365699496065336
0.44800000000000034 -0.05922510994114194 -0.05886104384249607
0.44900000000000034 -0.05877642716692838 -0.05839844282672424
0.45000000000000034 -0.05866127667530097 -0.058270533947001754
0.45100000000000035 -0.05855572205797585 -0.05815328414058947
0.45200000000000035 -0.05845896365876116 -0.058045805151378214
0.45300000000000035 -0.05835879205798378 -0.05794700069317044
0.45400000000000035 -0.05826696809060451 -0.057856429939813325
0.45500000000000035 -0.058182796120506856 -0.057773406749235964
0.45600000000000035 -0.058105638481250665 -0.05769730215787338
0.45700000000000035 -0.05803491064526583 -0.05764496799426533
0.45800000000000035 -0.05797007679561306 -0.05759699501095795
0.45900000000000035 -0.05791064576676468 -0.05755301977625951
0.46000000000000035 -0.05785616732365367 -0.05751270914445262
0.46100000000000035 -0.057806228750801915 -0.057475757731962965
0.46200000000000035 -0.057760451725687806 -0.05744188560384745
0.46300000000000036 -0.05771848945266654 -0.05741083615307489
0.46400000000000036 -0.05768002403573038 -0.05738237415653338
0.46500000000000036 -0.057644764070205565 -0.057356283993037
0.46600000000000036 -0.05761244243514115 -0.05733236800983198
0.46700000000000036 -0.05758281426966544 -0.05731044502522738
0.46800000000000036 -0.05755565511797937 -0.057290348956006494
0.46900000000000036 -0.0575307592289338 -0.057271927559220684
0.47000000000000036 -0.0575079379973087 -0.05725504127883369
0.47100000000000036 -0.057487018534985695 -0.05723956218847895
0.47200000000000036 -0.057467842361189604 -0.05722537302232043
0.47300000000000036 -0.05739680277715234 -0.05721236628667513
0.47400000000000037 -0.05733168315845152 -0.05720044344566693
0.47500000000000037 -0.05727199017464243 -0.05718951417474275
0.47600000000000037 -0.05721727160615076 -0.05717949567639558
0.47700000000000037 -0.057167112918366736 -0.05717031205291068
0.47800000000000037 -0.057121134121231376 -0.05716189373138285
0.47900000000000037 -0.057078986890523965 -0.05715417693664901
0.48000000000000037 -0.05704035192904217 -0.05714710320814299
0.48100000000000037 -0.05700493654768386 -0.057140618957012466
0.4820000000000004 -0.05697247244810541 -0.057134675060142824
0.4830000000000004 -0.05697400350872159 -0.057129226488012316
0.4840000000000004 -0.05697540698095308 -0.057124231963559355
0.4850000000000004 -0.05697669349716528 -0.05711965364947747
0.4860000000000004 -0.05697787280369313 -0.057208426966024725
0.4870000000000004 -0.05697895383467699 -0.05728980250619305
0.4880000000000004 -0.05697994477974554 -0.05736439675134734
0.4890000000000004 -0.056980853146058365 -0.05743277480940544
0.4900000000000004 -0.05698168581517846 -0.057495454695958695
0.4910000000000004 -0.05698244909520521 -0.057552911258632516
0.4920000000000004 -0.056983148768563065 -0.057605579774416854
0.4930000000000004 -0.05698379013580777 -0.057653859247219164
0.4940000000000004 -0.056984378055782076 -0.057698115430621276
0.4950000000000004 -0.05698491698242519 -0.05773868359873988
0.4960000000000004 -0.056985410998514716 -0.057775871086181936
0.4970000000000004 -0.05698586384659678 -0.057809959616337156
0.4980000000000004 -0.056986278957338675 -0.05784120743564611
0.4990000000000004 -0.056986659475518744 -0.057869851270012644
0.5000000000000003 -0.05692024463493479 -0.057896108118181966
0.5010000000000003 -0.05685936436439949 -0.057920176895670514
0.5020000000000003 -0.056803557449742144 -0.05794223994170168
0.5030000000000003 -0.056752401111306236 -0.05796246440056359
0.5040000000000003 -0.05675061262128084 -0.05802610830806118
0.5050000000000003 -0.056748973172090884 -0.05808444855660064
0.5060000000000003 -0.05674747034366676 -0.058137927117761806
0.5070000000000003 -0.056805767184944386 -0.05818694913215955
0.5080000000000003 -0.05719219893012691 -0.05856487895270219
0.5090000000000003 -0.05754642802987756 -0.058911314621532936
0.5100000000000003 -0.05787113803798233 -0.059228880651294454
0.5110000000000003 -0.05816878887874503 -0.059519982845242514
0.5120000000000003 -0.058441635482777504 -0.05978682652302824
0.5130000000000003 -0.05869174486980727 -0.06003143322766515
0.5140000000000003 -0.058921011807917895 -0.06025565604024899
0.5150000000000003 -0.05922246983880148 -0.06046119361845084
0.5160000000000003 -0.05949880636711143 -0.06064960306513587
0.5170000000000003 -0.05975211485139555 -0.06082231172459715
0.5180000000000003 -0.059984314295322666 -0.06098062799576999
0.5190000000000003 -0.06019716378558918 -0.06112575124434509
0.5200000000000004 -0.06039227581833349 -0.061258780888872266
0.5210000000000004 -0.06038711717378662 -0.06119671338845969
0.5220000000000004 -0.06038238841628532 -0.06113981817974816
0.5230000000000004 -0.06037805372190913 -0.061087664238429255
0.5240000000000004 -0.06032335441888185 -0.060989130625704484
0.5250000000000004 -0.060273213391106834 -0.060898808147373445
0.5260000000000004 -0.06022725078231307 -0.06081601254223666
0.5270000000000004 -0.06018511839091879 -0.06074011657086127
0.5280000000000004 -0.0601464970321407 -0.06067054526376717
0.5290000000000004 -0.060111094119927454 -0.06060677156559757
0.5300000000000004 -0.060078641450398644 -0.060548312342275444
0.5310000000000004 -0.06004889316999723 -0.06049472472089683
0.5320000000000004 -0.060021623912962604 -0.06044560273463309
0.5330000000000004 -0.059996627094014196 -0.06040057424722467
0.5340000000000004 -0.05997371334331149 -0.06035929813376695
0.5350000000000004 -0.059952709071834004 -0.060321461696430705
0.5360000000000004 -0.05993345515631298 -0.06028677829553915
0.5370000000000004 -0.05991580573375204 -0.06029340385815344
0.5380000000000004 -0.05989962709640451 -0.06029947729054987
0.5390000000000004 -0.05988479667883595 -0.06030504460357994
0.5400000000000004 -0.059871202129398095 -0.060310147973857496
0.5410000000000004 -0.05985874045908006 -0.06031482606327859
0.5420000000000004 -0.05984731726128853 -0.06004659527997346
0.5430000000000004 -0.05983684599664629 -0.05980071706194376
0.5440000000000004 -0.059827247337390914 -0.05957532869541653
0.5450000000000004 -0.059818448566406814 -0.059368722692766565
0.5460000000000004 -0.05981038302633805 -0.0591793338570041
0.5470000000000004 -0.05980298961460836 -0.05900572742422184
0.5480000000000004 -0.059796212320522804 -0.058846588194171434
0.5490000000000004 -0.05978999980094438 -0.05870071056662523
0.5500000000000004 -0.05978430499133082 -0.05856698940804121
0.5510000000000004 -0.05977908474918506 -0.05860317368553184
0.5520000000000004 -0.05977429952721811 -0.05863634260656492
0.5530000000000004 -0.059623660689354416 -0.058520495066451246
0.5540000000000004 -0.059485575087979366 -0.058414301488013715
0.5550000000000004 -0.059358996620052236 -0.05831695737444598
0.5560000000000004 -0.0592429663577857 -0.058227725270342215
0.5570000000000004 -0.05913660528404137 -0.05814592917491377
0.5580000000000004 -0.05903910763310907 -0.058070949420771026
0.5590000000000004 -0.05894973478642113 -0.05800221797947351
0.5600000000000004 -0.058867809676957185 -0.057939214158284125
0.5610000000000004 -0.058792711659948566 -0.057881460655527184
0.5620000000000004 -0.058723871811024 -0.05782851994466665
0.5630000000000004 -0.05866076861617648 -0.05777999095971117
0.5640000000000004 -0.05860292402089959 -0.057735506056835306
0.5650000000000004 -0.058705263329786955 -0.05785009175042362
0.5660000000000004 -0.0587035492576 -0.0579551286362129
0.5670000000000004 -0.05870197802476195 -0.058051412448186415
0.5680000000000004 -0.05870053772799374 -0.058139672609162134
0.5690000000000004 -0.058699217455956215 -0.05822057775672321
0.5700000000000004 -0.058698007206588486 -0.0582947408086542
0.5710000000000004 -0.05869689781133473 -0.0583627236062576
0.5720000000000004 -0.05869588086568546 -0.05842504117072739
0.5730000000000004 -0.05878912775247572 -0.05857634469179345
0.5740000000000004 -0.058874604065366785 -0.05871503958610401
0.5750000000000004 -0.0589529573521836 -0.05884217657255535
0.5760000000000004 -0.05902478119843235 -0.05895871881013576
0.5770000000000004 -0.05909061972416037 -0.059065549194584455
0.5780000000000004 -0.05915097170607772 -0.059026867080931876
0.5790000000000004 -0.05920629435616862 -0.05899140847675034
0.5800000000000004 -0.05925700678541862 -0.0589589047562506
0.5810000000000004 -0.059303493178897784 -0.058929109679125846
0.5820000000000004 -0.059346105706253684 -0.058901797525094814
0.5830000000000004 -0.05938516718966326 -0.0588767613838997
0.5840000000000004 -0.05942097354945537 -0.058853811587804186
0.5850000000000004 -0.05945379604593147 -0.05883277427471663
0.5860000000000004 -0.059483883334367896 -0.058813490071053035
0.5870000000000004 -0.05951146334876795 -0.058795812884361406
0.5880000000000004 -0.05953674502863467 -0.058779608796560745
0.5890000000000004 -0.05955991990184583 -0.05876475504941014
0.5900000000000004 -0.059581163535622726 -0.05875113911452209
0.5910000000000004 -0.05960063686658488 -0.0587386578408747
0.5920000000000004 -0.05961848741996685 -0.0587272166733646
0.5930000000000004 -0.05963485042723366 -0.05871672893648034
0.5940000000000004 -0.05964984985056157 -0.05870711517766977
0.5950000000000004 -0.05966359932194549 -0.05869830256542675
0.5960000000000004 -0.05967620300404741 -0.05869022433753731
0.5970000000000004 -0.05968775637930751 -0.058682819295305326
0.5980000000000004 -0.05969834697329593 -0.05867603133992601
0.5990000000000004 -0.05970805501778532 -0.05866980904749496
0.6000000000000004 -0.05971695405856726 -0.05866410527943317
0.6010000000000004 -0.05972511151261737 -0.05865887682537653
0.6020000000000004 -0.05973258917882997 -0.05865408407582461
0.6030000000000004 -0.05973944370619152 -0.05864969072206869
0.6040000000000004 -0.05974572702293961 -0.05864566348112575
0.6050000000000004 -0.05975148672995868 -0.05864197184359473
0.6060000000000004 -0.05975676646139284 -0.058638587842524625
0.6070000000000004 -0.059761606215207486 -0.0586354858415437
0.6080000000000004 -0.05976604265620424 -0.05863264234064451
0.6090000000000004 -0.059770109393784604 -0.058630035798153596
0.6100000000000004 -0.0597738372365666 -0.05862764646753692
0.6110000000000004 -0.05977725442578343 -0.05862545624780496
0.6120000000000004 -0.05978038684923219 -0.05862344854638401
0.6130000000000004 -0.059783258237393555 -0.0586216081534148
0.6140000000000004 -0.05975733451773327 -0.05861992112652636
0.6150000000000004 -0.05973357110804467 -0.05861837468521195
0.6160000000000004 -0.05971178798249679 -0.05861695711400708
0.6170000000000004 -0.059691820117411226 -0.058615657673735944
0.6180000000000004 -0.059673516241082795 -0.05861446652015407
0.6190000000000004 -0.059656737687781736 -0.05861337462937069
0.6200000000000004 -0.059641357347255765 -0.058612373729485925
0.6210000000000004 -0.05962725870177363 -0.05861145623792489
0.6220000000000004 -0.05944616797108439 -0.05844244823166333
0.6230000000000004 -0.059280168134619254 -0.058287524225923565
0.6240000000000004 -0.05912800161785955 -0.05814551055399545
0.6250000000000004 -0.05898851564416315 -0.058015331354728014
0.6260000000000004 -0.05886065350160812 -0.0578960004220662
0.6270000000000004 -0.058743446537599345 -0.05778661373379286
0.6280000000000004 -0.05873602703831847 -0.05768634260287564
0.6290000000000004 -0.058729225830644334 -0.05751782497469262
0.6300000000000004 -0.058722991390276376 -0.05736335048219152
0.6310000000000004 -0.05871727648660575 -0.057221748864065516
0.6320000000000005 -0.05871203782490767 -0.057091947380783346
0.6330000000000005 -0.058707235718351104 -0.056972962687774686
0.6340000000000005 -0.05840022779793088 -0.05656128739644004
0.6350000000000005 -0.058118803870879004 -0.05618391837938329
0.6360000000000005 -0.05786083193774812 -0.055837996780414595
0.6370000000000005 -0.05762435766571147 -0.05552090198135996
0.6380000000000005 -0.05740758958301122 -0.055230231748893216
0.6390000000000005 -0.05720888550720265 -0.07
0.6400000000000005 -0.057026740104378124 -0.07
0.6410000000000005 -0.05685977348512231 -0.07
0.6420000000000005 -0.05667314214307404 -0.07
0.6430000000000005 -0.05650206341286313 -0.06850273826597993
0.6440000000000005 -0.056345241243503125 -0.06713024834312818
0.6450000000000005 -0.05620148758825645 -0.06587213258051408
0.6460000000000005 -0.05606971340428034 -0.06471885979811783
0.6470000000000005 -0.05594892040230223 -0.06366169308092126
0.6480000000000005 -0.0558381934838223 -0.06269262359015773
0.6490000000000005 -0.05573669380854904 -0.06180430989029117
0.6500000000000005 -0.05564365243954854 -0.06099002233208015
0.6510000000000005 -0.05579637911823031 -0.060481606670652284
0.6520000000000005 -0.0559363785736886 -0.06001555898101007
0.6530000000000005 -0.0560647114078587 -0.05958834859883804
0.6540000000000005 -0.05618234983918129 -0.059196739081847013
0.6550000000000005 -0.05629018506789367 -0.0588377636912719
0.6560000000000005 -0.05638903402754668 -0.05850870291657805
0.6570000000000005 -0.056479645573895274 -0.05820706387310869
0.6580000000000005 -0.05656270615804815 -0.05793056141659511
0.6590000000000005 -0.056638845026854956 -0.057852140459213136
0.6600000000000005 -0.05670863898992786 -0.05778025458161299
0.6610000000000005 -0.056772616789411354 -0.057714359193812854
0.6620000000000005 -0.05683126310560456 -0.0576539550883294
0.6630000000000005 -0.05688502222878166 -0.0575985846583029
0.6640000000000005 -0.05693430142502734 -0.05754782843077861
0.6650000000000005 -0.05697947402158588 -0.05750130188888134
0.6660000000000005 -0.057020882235097874 -0.057458652558808845
0.6670000000000005 -0.057058839764150535 -0.057419557339575725
0.6680000000000005 -0.05709363416578214 -0.0573837200552787
0.6690000000000005 -0.057125529033944446 -0.05735086921133976
0.6700000000000005 -0.057154765996426556 -0.05732075593772906
0.6710000000000005 -0.05718156654536849 -0.057293152103585925
0.6720000000000005 -0.057206133715231935 -0.057267848588954715
0.6730000000000005 -0.05722865362094009 -0.05724465370054277
0.6740000000000005 -0.05724929686783923 -0.05722339171949849
0.6750000000000005 -0.05726821984416344 -0.057203901570207896
0.6760000000000005 -0.05728556590579397 -0.05718603560002485
0.6770000000000005 -0.057301466462288626 -0.057169658460690394
0.6780000000000005 -0.05731604197240873 -0.057154646082967143
0.6790000000000005 -0.05732940285668549 -0.05714088473672083
0.6800000000000005 -0.05734165033393918 -0.05712827016932838
0.6810000000000005 -0.0573528771880884 -0.05711670681588529
0.6820000000000005 -0.05736316847105852 -0.05710610707522913
0.6830000000000005 -0.0573750360792696 -0.05709639064629432
0.6840000000000005 -0.057385914720129765 -0.05708748391977074
0.6850000000000005 -0.05739588680758491 -0.05707931942045746
0.6860000000000005 -0.057405027887752126 -0.05707183529608695
0.6870000000000005 -0.05741340721123874 -0.05706497484874732
0.6880000000000005 -0.05742108825776814 -0.05705868610535266
0.6890000000000005 -0.05742812921708676 -0.057052921423907554
0.6900000000000005 -0.05743458342979549 -0.057047637132582873
0.6910000000000005 -0.05744049979144516 -0.05704279319886858
0.6920000000000005 -0.057445923122957356 -0.05703835292629715
0.6930000000000005 -0.05745089451017687 -0.05703428267644
0.6940000000000005 -0.05745545161512809 -0.057030551614070946
0.6950000000000005 -0.05745962896133338 -0.05702713147356598
0.6960000000000005 -0.057463458195354894 -0.05702399634476976
0.6970000000000005 -0.05746696832654128 -0.057021122476706564
0.6980000000000005 -0.05747018594679547 -0.05701848809764863
0.6990000000000005 -0.05747313543202847 -0.05701607325017886
0.7000000000000005 -0.05753501709251288 -0.057013859639998235
0.7010000000000005 -0.05759174194795692 -0.05701183049733266
0.7020000000000005 -0.05764373973211396 -0.05700997044988922
0.7030000000000005 -0.057691404367591244 -0.0570082654063994
0.7040000000000005 -0.057735096950112086 -0.05700670244986707
0.7050000000000005 -0.05777514848408953 -0.05700526973971243
0.7060000000000005 -0.057811862390235516 -0.05700395642207067
0.7070000000000005 -0.05784551680420267 -0.05700275254756573
0.7080000000000005 -0.05787636668367256 -0.057001648995936204
0.7090000000000005 -0.057904645739853294 -0.057000637406942466
0.7100000000000005 -0.05793056820801897 -0.05699971011703154
0.7110000000000005 -0.057954330470504176 -0.05699886010127986
0.7120000000000005 -0.05797611254444894 -0.05699808092017415
0.7130000000000005 -0.05799607944556498 -0.056997366670827256
0.7140000000000005 -0.05801438243825468 -0.05699671194225927
0.7150000000000005 -0.05803116018155357 -0.05699611177440528
0.7160000000000005 -0.058046539779577556 -0.05699556162053912
0.7170000000000005 -0.058060637744432875 -0.05699505731282847
0.7180000000000005 -0.05807356087888359 -0.05699459503076038
0.7190000000000005 -0.058085407085463406 -0.05699417127219797
0.7200000000000005 -0.05809626610816157 -0.05699378282684909
0.7210000000000005 -0.05810622021230156 -0.05699342675194595
0.7220000000000005 -0.05811534480776321 -0.0569931003499514
0.7230000000000005 -0.058123709020269726 -0.056992801148123065
0.7240000000000005 -0.058131376215067365 -0.056992526879780424
0.7250000000000005 -0.0581384044769652 -0.056992275467133
0.7260000000000005 -0.05814484705037155 -0.05699204500553953
0.7270000000000005 -0.0581507527426607 -0.05699183374907885
0.7280000000000005 -0.058156166293925754 -0.05699164009732323
0.7290000000000005 -0.05795268846199312 -0.05678302232928831
0.7300000000000005 -0.057766167116054874 -0.056591789375256295
0.7310000000000005 -0.05759518921561148 -0.05641649250072695
0.7320000000000005 -0.057438459473538366 -0.056255803699075055
0.7330000000000005 -0.057294790543304684 -0.056108505630894145
0.7340000000000005 -0.057163094023923805 -0.055973482401728315
0.7350000000000005 -0.057042372214491335 -0.0558497111083263
0.7360000000000005 -0.0569317105558449 -0.05573625408937446
0.7370000000000005 -0.05683027070208567 -0.05563225182200193
0.7380000000000005 -0.056737284169473046 -0.05553691641024378
0.7390000000000005 -0.05665204651457814 -0.055449525616132145
0.7400000000000005 -0.056573911997591146 -0.05536941738819648
0.7410000000000005 -0.056502288690353064 -0.055295984845922116
0.7420000000000005 -0.05643663399205149 -0.05522867168217062
0.7430000000000005 -0.05637645051860838 -0.05516696794873174
0.7440000000000005 -0.05632128233461886 -0.05511040619307944
0.7450000000000006 -0.056270711499295134 -0.055058557917064835
0.7460000000000006 -0.05622435490024839 -0.05501103033071811
0.7470000000000006 -0.0561818613511222 -0.07
0.7480000000000006 -0.05614290893108986 -0.07
0.7490000000000006 -0.05613130289903912 -0.07
0.7500000000000006 -0.05612066403632594 -0.07
0.7510000000000006 -0.056110911745505525 -0.06873349198735547
0.7520000000000006 -0.05610197214558681 -0.06757252630909798
0.7530000000000006 -0.05609377751232799 -0.06650830777069527
0.7540000000000006 -0.05608626576517407 -0.0655327741104928
0.7550000000000006 -0.056079379996949646 -0.06463853492197386
0.7560000000000006 -0.05607306804274392 -0.0638188156658315
0.7570000000000006 -0.05606728208472201 -0.063067406347701
0.7580000000000006 -0.056061978289868586 -0.06237861447274805
0.7590000000000006 -0.05605711647791962 -0.06174722192070784
0.7600000000000006 -0.056052659816966395 -0.06116844541467098
0.7610000000000006 -0.05604857454442594 -0.060637900284137194
0.7620000000000006 -0.05604482971126386 -0.060071206256553815
0.7630000000000006 -0.05605892351628916 -0.059569263300026265
0.7640000000000006 -0.056071842837562356 -0.05910914892320934
0.7650000000000006 -0.05608368554872945 -0.058687377411127166
0.7660000000000006 -0.05609454136729929 -0.05830075352505183
0.7670000000000006 -0.05610449253432165 -0.05794634829614945
0.7680000000000006 -0.05611361443742547 -0.05762147683632226
0.7690000000000006 -0.05612197618193731 -0.05732367799814734
0.7700000000000006 -0.05612964111440649 -0.05705069572982033
0.7710000000000006 -0.056136667302503246 -0.0568004619838539
0.7720000000000006 -0.05614310797492527 -0.05657108105005134
0.7730000000000006 -0.056149011924645456 -0.05636081519406566
0.7740000000000006 -0.056154423878555626 -0.056168071492745456
0.7750000000000006 -0.05615938483630662 -0.05599138976653527
0.7760000000000006 -0.0561639323809117 -0.05582943151750926
0.7770000000000006 -0.056168100963466354 -0.055680969789235424
0.7780000000000006 -0.05617192216414145 -0.05554487987165107
0.7790000000000006 -0.05617542493142696 -0.05542013078053208
0.7800000000000006 -0.05579782163486663 -0.05500939418510273
0.7810000000000006 -0.05545168527968633 -0.07
0.7820000000000006 -0.055134393620771056 -0.07
0.7830000000000006 -0.07 -0.07
0.7840000000000006 -0.07 -0.07
0.7850000000000006 -0.07 -0.06837427430294832
0.7860000000000006 -0.07 -0.06688402574731761
0.7870000000000006 -0.0684703487810586 -0.06551796457132279
0.7880000000000006 -0.06706816849702896 -0.06426574182666088
0.7890000000000006 -0.0657828365700018 -0.06311787097738746
0.7900000000000006 -0.06460461563689357 -0.062065656032220154
0.7910000000000006 -0.06352457978154435 -0.06110112566581679
0.7920000000000006 -0.06253454691414091 -0.06021697282994704
0.7930000000000006 -0.06162701678568776 -0.059406499397066444
0.7940000000000006 -0.060795114167939035 -0.05866356541692589
0.7950000000000006 -0.06003253676833604 -0.057982542601797055
0.7960000000000006 -0.05933350748536662 -0.05735827168792895
0.7970000000000006 -0.05869273064264466 -0.05678602335021653
0.7980000000000006 -0.05810535187014952 -0.05626146237398014
0.7990000000000006 -0.05756692132869565 -0.05578061481243011
0.8000000000000006 -0.0570733599990296 -0.055339837881009254
0.8010000000000006 -0.056620928780169055 -0.07
0.8020000000000006 -0.05620620016288022 -0.07
0.8030000000000006 -0.05582603226369879 -0.07
0.8040000000000006 -0.05547754502278248 -0.07
0.8050000000000006 -0.05515809838527586 -0.06842581500055252
0.8060000000000006 -0.07 -0.06698281208439233
0.8070000000000006 -0.07 -0.06566005941124549
0.8080000000000006 -0.07 -0.06444753612752754
0.8090000000000006 -0.07 -0.0633360564507861
0.8100000000000006 -0.0684703487810586 -0.062317200080439776
0.8110000000000006 -0.06706816849702896 -0.06138324840762231
0.8120000000000006 -0.0657828365700018 -0.06052712604087297
0.8130000000000006 -0.06460461563689357 -0.059742347204686075
0.8140000000000006 -0.06352457978154435 -0.0589670843454493
0.8150000000000006 -0.06253454691414091 -0.05825642672448225
0.8160000000000006 -0.06162701678568776 -0.057604990571929124
0.8170000000000006 -0.060795114167939035 -0.05700784076542209
0.8180000000000006 -0.06003253676833604 -0.056460453442790645
0.8190000000000006 -0.05933350748536662 -0.05595868173037848
0.8200000000000006 -0.05869273064264466 -0.055498724327334006
0.8210000000000006 -0.05810535187014952 -0.05507709670787657
0.8220000000000006 -0.05756692132869565 -0.07
0.8230000000000006 -0.0570733599990296 -0.07
0.8240000000000006 -0.056620928780169055 -0.07
0.8250000000000006 -0.05620620016288022 -0.07
0.8260000000000006 -0.05582603226369879 -0.06836993274115373
0.8270000000000006 -0.05547754502278248 -0.06687570442054465
0.8280000000000006 -0.05515809838527586 -0.06550599512665299
0.8290000000000006 -0.07 -0.06425042827391897
0.8300000000000006 -0.07 -0.06309949199224611
0.8310000000000006 -0.07 -0.06204446706737933
0.8320000000000006 -0.07 -0.061077360886251444
0.8330000000000006 -0.0684703487810586 -0.06019084688688422
0.8340000000000006 -0.06706816849702896 -0.05937820905413093
0.8350000000000006 -0.0657828365700018 -0.05863329104077375
0.8360000000000006 -0.06460461563689357 -0.057950449528529666
0.8370000000000006 -0.06352457978154435 -0.05732451147563925
0.8380000000000006 -0.06253454691414091 -0.05675073492715638
0.8390000000000006 -0.06162701678568776 -0.05622477309104707
0.8400000000000006 -0.060795114167939035 -0.05574264140794688
0.8410000000000006 -0.06003253676833604 -0.05530068736510504
0.8420000000000006 -0.05933350748536662 -0.07
0.8430000000000006 -0.05869273064264466 -0.07
0.8440000000000006 -0.05810535187014952 -0.07
0.8450000000000006 -0.05746735373390725 -0.07
0.8460000000000006 -0.05688252210901851 -0.06846719506131714
0.8470000000000006 -0.05634642645287049 -0.06706212386752451
0.8480000000000006 -0.0558550054347348 -0.06577414193988128
0.8490000000000006 -0.055404536168110426 -0.06459349183954165
0.8500000000000006 -0.07 -0.06351122924756365
0.8510000000000006 -0.07 -0.06251915520491715
0.8520000000000006 -0.07 -0.06160975399915786
0.8530000000000006 -0.07 -0.06077613622721184
0.8540000000000006 -0.0683707811862702 -0.06001198660292799
0.8550000000000006 -0.06687733060701788 -0.05931151611400113
0.8560000000000006 -0.06591852559107952 -0.05907960951419444
0.8570000000000007 -0.06503962099313602 -0.05886702846437165
0.8580000000000007 -0.06423395844502115 -0.05867216250203409
0.8590000000000007 -0.06349543444258252 -0.058493535369891325
0.8600000000000007 -0.06281845410701377 -0.058329793832093794
0.8610000000000007 -0.06219788879940909 -0.05817969742244605
0.8620000000000007 -0.061629037267438125 -0.058042109046935624
0.8630000000000007 -0.06110759002979808 -0.0579159863693844
0.8640000000000007 -0.060629596728628034 -0.05780037391496244
0.8650000000000007 -0.060191436202555494 -0.057694395831742316
0.8660000000000007 -0.059789789053655666 -0.0575972492554572
0.8670000000000007 -0.05942161250049749 -0.05750819822719584
0.8680000000000007 -0.05908411732676916 -0.05742656811795627
0.8690000000000007 -0.05877474675085152 -0.05735174051781999
0.8700000000000007 -0.05849115705626036 -0.057283148551028396
0.8710000000000007 -0.05823119983621846 -0.05722027258146944
0.8720000000000007 -0.05799290571784672 -0.057162636276040395
0.8730000000000007 -0.05777446944267262 -0.057109802996063774
0.8740000000000007 -0.0575742361904297 -0.05706137248941854
0.8750000000000007 -0.057390689042540355 -0.05701697785832707
0.8760000000000007 -0.057222437490308455 -0.05697628277982656
0.8770000000000007 -0.057068206900762544 -0.05693897895786776
0.8780000000000007 -0.05692682886034546 -0.056904783787738854
0.8790000000000007 -0.05679723232329647 -0.05687343821512069
0.8800000000000007 -0.056678435497668225 -0.05684470477355404
0.8810000000000007 -0.056569538407509 -0.05681836578545128
0.8820000000000007 -0.05646971607486305 -0.05679422171302375
0.8830000000000007 -0.05637821226993759 -0.05677208964663185
0.8840000000000007 -0.056294333782089256 -0.056599121830322986
0.8850000000000007 -0.05621744516822828 -0.056440567998706524
0.8860000000000007 -0.05614696393885572 -0.05629522698639144
0.8870000000000007 -0.05608235614526421 -0.05616199772510261
0.8880000000000007 -0.05602313233447199 -0.05603987090225451
0.8890000000000007 -0.055968843841245786 -0.05592792131464376
0.8900000000000007 -0.055919079389121766 -0.055825300859333904
0.8910000000000007 -0.05587346197467475 -0.0557312321086332
0.8920000000000007 -0.05583164601143165 -0.05564500242049089
0.8930000000000007 -0.05579331471179214 -0.055565958539693774
0.8940000000000007 -0.055758177687122594 -0.055493501648963085
0.8950000000000007 -0.05572596874784217 -0.05542708283245995
0.8960000000000007 -0.05569644388683512 -0.05536619891733208
0.8970000000000007 -0.055669379430911985 -0.055310388661798195
0.8980000000000007 -0.05564457034631578 -0.055259229260892134
0.8990000000000007 -0.05562182868543593 -0.05521233314339491
0.9000000000000007 -0.0552314189534574 -0.07
0.9010000000000007 -0.07 -0.07
0.9020000000000007 -0.07 -0.07
0.9030000000000007 -0.07 -0.07
0.9040000000000007 -0.07 -0.06835514311140513
0.9050000000000007 -0.06841140932514114 -0.06684735763019316
0.9060000000000007 -0.06735219817568522 -0.0658622179082469
0.9070000000000007 -0.06638125462201729 -0.06495917316312949
0.9080000000000007 -0.06549122303115502 -0.06413138214677187
0.9090000000000007 -0.06467536073953128 -0.06337257371511072
0.9100000000000007 -0.06392748697220951 -0.06267699931942133
0.9110000000000007 -0.06324193601883123 -0.062039389456706055
0.9120000000000007 -0.0626135143115678 -0.06145491374921705
0.9130000000000007 -0.06203746107990965 -0.06091914435068546
0.9140000000000007 -0.06150941228422302 -0.0604280224020315
0.9150000000000007 -0.061025367554843606 -0.05997782728243205
0.9160000000000007 -0.06058165988624581 -0.05956514842279921
0.9170000000000007 -0.060174927856697834 -0.059186859468135775
0.9180000000000007 -0.05980209016294552 -0.05884009459302763
0.9190000000000007 -0.0594603222770059 -0.058522226790845164
0.9200000000000007 -0.059147035048227915 -0.0582308479721779
0.9210000000000007 -0.05885985508851476 -0.05796375072173291
0.9220000000000007 -0.05859660679211104 -0.057718911575491666
0.9230000000000007 -0.05835529585374096 -0.057494475691437195
0.9240000000000007 -0.05813409416023505 -0.057288742797720595
0.9250000000000007 -0.057931325941187974 -0.057100154311813714
0.9260000000000007 -0.05774545507372815 -0.05692728153306574
0.9270000000000007 -0.057575073445223314 -0.05676881481921343
0.9280000000000007 -0.05741889028576055 -0.05662355366484881
0.9290000000000007 -0.057275722389586343 -0.056386052437308015
0.9300000000000007 -0.05714448515142666 -0.056168342978728955
0.9310000000000007 -0.05702418434978028 -0.055968775975031484
0.9320000000000007 -0.05691390861493777 -0.05578583955497547
0.9330000000000007 -0.05681282252466546 -0.05561814783659079
0.9340000000000007 -0.05672016027524918 -0.0554644304280715
0.9350000000000007 -0.056635219879950925 -0.05532352280359548
0.9360000000000007 -0.05655735785092752 -0.05519435748115913
0.9370000000000007 -0.05648598432432273 -0.05507595593559248
0.9380000000000007 -0.05642055859160168 -0.07
0.9390000000000007 -0.05642426672984145 -0.07
0.9400000000000007 -0.05642766585656125 -0.07
0.9410000000000007 -0.056430781722721056 -0.07
0.9420000000000007 -0.05643363793336755 -0.06869479154651598
0.9430000000000007 -0.05643625612646017 -0.06749835046415562
0.9440000000000007 -0.05643865613679507 -0.06640161280532528
0.9450000000000007 -0.05644085614626873 -0.06539626995139747
0.9460000000000007 -0.05644287282161958 -0.06447470566863031
0.9470000000000007 -0.0564447214406912 -0.06362993840942709
0.9480000000000007 -0.05644641600817352 -0.06285556842182413
0.9490000000000007 -0.05644796936169897 -0.06214572926652142
0.9500000000000007 -0.0564493932690973 -0.061495043374160605
0.9510000000000007 -0.05649378492475872 -0.06089858130616319
0.9520000000000007 -0.056447453080987274 -0.0603518244104989
0.9530000000000007 -0.056404982224196785 -0.05985063058947329
0.9540000000000007 -0.056366050605472166 -0.059391202920199816
0.9550000000000007 -0.056330363288307934 -0.05897006089003247
0.9560000000000007 -0.05629764991424072 -0.058584014029045735
0.9570000000000007 -0.05626766265467911 -0.05823013773980789
0.9580000000000007 -0.0562401743334143 -0.05790575114133987
0.9590000000000007 -0.05621497670558823 -0.057608396759410846
0.9600000000000007 -0.05619187888008099 -0.05733582190930924
0.9610000000000007 -0.05614055940797091 -0.05708596163004944
0.9620000000000007 -0.056093516558536664 -0.05685692304072796
0.9630000000000007 -0.056050393946555276 -0.0566469710005166
0.9640000000000007 -0.05601086488557234 -0.05645451496365619
0.9650000000000007 -0.05597462991300464 -0.056278096929867474
0.9660000000000007 -0.05594141452148425 -0.056204760783942216
0.9670000000000007 -0.05591096707925723 -0.056137535983510733
0.9680000000000007 -0.055883056923882464 -0.056075913249781874
0.9690000000000007 -0.055857472614788926 -0.05601942574386375
0.9700000000000008 -0.05583402033145318 -0.05596764553010548
0.9710000000000008 -0.055812522405062084 -0.05592018033416039
0.9720000000000008 -0.05579281597253691 -0.05575593976384811
0.9730000000000008 -0.055774751742722166 -0.05560538590772852
0.9740000000000008 -0.055758192865391985 -0.05546737820628556
0.9750000000000008 -0.055743013894505984 -0.05534087114662952
0.9760000000000008 -0.05572909983786049 -0.05522490634194482
0.9770000000000008 -0.05571634528593545 -0.055118605270983834
0.9780000000000008 -0.0557046536133375 -0.05502116262260293
0.9790000000000008 -0.05569393624678937 -0.07
0.9800000000000008 -0.05568411199412026 -0.07
0.9810000000000008 -0.055675106429173574 -0.07
0.9820000000000008 -0.055666851327972444 -0.07
0.9830000000000008 -0.05565928415187141 -0.0686624411242011
0.9840000000000008 -0.05565234757377879 -0.0674363454880521
0.9850000000000008 -0.05564598904386056 -0.06631242448824884
0.9860000000000008 -0.0550987457004415 -0.0647407488807685
0.9870000000000008 -0.07 -0.0633000462405782
0.9880000000000008 -0.07 -0.06197940215373708
0.9890000000000008 -0.07 -0.0607688117407994
0.9900000000000008 -0.07 -0.05965910386227319
0.9910000000000008 -0.06825239948864686 -0.058641871640290825
0.9920000000000008 -0.06665043235323982 -0.05770940877014033
0.9930000000000008 -0.0651819624791167 -0.05685465113916904
0.9940000000000008 -0.06383586509450384 -0.056071123310778695
0.9950000000000008 -0.06260194249194205 -0.05535288946808754
0.9960000000000008 -0.06147084677292708 -0.07
0.9970000000000008 -0.06116497760470568 -0.07
0.9980000000000008 -0.06088459753383606 -0.07
0.9990000000000008 -0.06062758246887224 -0.07
