0.0 -3.7869210003407626e-17 -2.754124363884191e-17 8.95090418262362e-17 8.262373091652572e-17 -4.131186545826286e-17 
0.001 -0.25461126768034875 -0.27702998247176264 -0.2463637427344728 -0.11381361827666812 -0.2638679996930027 
0.002 -0.4999727582024383 -0.5969361051990328 -0.483015029239133 -0.22280820956610004 -0.49980972840188753 
0.003 -0.6972177842624933 -0.8790270502191035 -0.7332712322069612 -0.31904920138965037 -0.7288415943719735 
0.004 -0.8704934312420589 -1.1300178900960807 -0.9889731186440263 -0.38162850776170365 -0.9231910025839831 
0.005 -1.0698273156152651 -1.407228151723979 -1.2509623646652663 -0.5130607707342901 -1.1183715719285303 
0.006 -1.2533936425327572 -1.6456930681527504 -1.4409218280810676 -0.5748095791670261 -1.2915450663412125 
0.007 -1.4713419687135532 -1.8722918560216195 -1.618949296719406 -0.6781878583000737 -1.4826040537117156 
0.008 -1.706136027294203 -2.105876153683372 -1.802702941681102 -0.8033763870780166 -1.7257746161162084 
0.009000000000000001 -1.7796334307154553 -2.301762680695581 -2.0020254346706268 -0.8608328234300779 -1.9254780752568437 
0.01 -1.9089928881425495 -2.4898313705793385 -2.1599704282419405 -0.9306505069705515 -2.018108367537894 
0.011 -2.0393575544689977 -2.6934461051903784 -2.2431724459865983 -0.9871924420926579 -2.0981548713369382 
0.012 -2.175460497190331 -2.8620339766656304 -2.398280880916254 -1.0397028318084862 -2.1733385006480805 
0.013000000000000001 -2.2468873634840056 -3.058292808877604 -2.5019366634458833 -1.1425768161114929 -2.2446627815526727 
0.014 -2.348433634260529 -3.1887127896865204 -2.6443831657581973 -1.1065565248836835 -2.360641678462817 
0.015 -2.429325116564163 -3.325736715590892 -2.7459137963735363 -1.1140162748688087 -2.4419061186726267 
0.016 -2.506815055783135 -3.501611973579652 -2.8809198120903443 -1.1475052868827498 -2.540419815314433 
0.017 -2.590558861113358 -3.606982211061333 -2.919479767341957 -1.1596524501794614 -2.601465912572145 
0.018000000000000002 -2.6394523524573086 -3.6635834628672344 -2.9464257786415873 -1.1819527727628891 -2.72657795115195 
0.019 -2.685725749665585 -3.6822621197428758 -2.9437758571759973 -1.1741712869359848 -2.8182951050737404 
0.02 -2.757631699013272 -3.77108843968934 -3.0129017013534765 -1.1261572681869196 -2.8315458137589617 
0.021 -2.7522849728362417 -3.870670054923966 -3.0400813621809513 -1.1562980166107082 -2.850433332259943 
0.022 -2.7717670699727455 -3.8840902281814906 -3.0415272987026634 -1.1483397987773818 -2.896878335646391 
0.023 -2.778149426663748 -3.9060159055739763 -3.0868058016474187 -1.1405836112110461 -2.9532745848296496 
0.024 -2.8053530155304554 -3.959922699502418 -3.061253267366471 -1.1745017352075975 -2.9327862149051165 
0.025 -2.7940720145768623 -3.955334157150303 -3.070919798524319 -1.1229865377111645 -2.9141353860064463 
0.026000000000000002 -2.781852470022167 -3.938659989555069 -3.0338659250609448 -1.098430881738548 -2.91240920865978 
0.027 -2.7808196869073707 -3.9805945790332062 -3.0125229659473276 -1.0669040187252126 -2.896056873119655 
0.028 -2.8273519732529095 -4.0059447359626725 -2.966358603546836 -1.1388353968710556 -2.8299383820906923 
0.029 -2.760581319985605 -3.9890193839126558 -2.951611957855582 -1.134468087365661 -2.7577740063190044 
0.03 -2.694184740382272 -3.9494742997342995 -2.9152360309708305 -1.1279293732346631 -2.712864239134481 
0.031 -2.651108665661439 -3.8516413753694487 -2.8889829065838484 -1.0766081286228377 -2.7285476294314615 
0.032 -2.6277000587060306 -3.748466381138281 -2.8316468681139915 -1.0275599587440605 -2.695492377970782 
0.033 -2.580506538313864 -3.7016657000475526 -2.7410958111034534 -0.9522970072221962 -2.654170849125756 
0.034 -2.541306333584831 -3.625065413039724 -2.7254646319058735 -0.8547137259887967 -2.567521992001618 
0.035 -2.537784172287192 -3.4745982226567502 -2.656433753154333 -0.8395304519863718 -2.476898426131343 
0.036000000000000004 -2.487760740765664 -3.374523680549536 -2.559174478185096 -0.7704933359898709 -2.466950081892547 
0.037 -2.38668755526062 -3.2290084000567347 -2.438979159549327 -0.6811615901215065 -2.37059307412376 
0.038 -2.3265150244789563 -3.134601274272234 -2.357700969471281 -0.6071563678829972 -2.3261675847650927 
0.039 -2.258663847587702 -3.057555319986626 -2.3372409927365574 -0.5514609829772011 -2.2774715402151635 
0.04 -2.16598185370188 -2.890481826164971 -2.2385533841933136 -0.47636031895211023 -2.217692274281789 
0.041 -2.0593052085790235 -2.733845557225224 -2.1625704958874428 -0.36640914026918625 -2.1419376829344805 
0.042 -2.0495888657428507 -2.5972846298162597 -2.016198624110202 -0.3373110692178149 -2.0442281410709477 
0.043000000000000003 -1.9997976070808536 -2.428178574188446 -1.8772909189166747 -0.2965369053546388 -1.9427587232291237 
0.044 -1.936671096540529 -2.2725738584542894 -1.7100850561378136 -0.18457144530651207 -1.8298862157902078 
0.045 -1.8575551546426676 -2.1815494236774384 -1.6386541608562033 -0.1281222524029641 -1.7401512903374143 
0.046 -1.7431471774614489 -2.0485104847542193 -1.5400469201812257 0.034084128225173316 -1.620284901398342 
0.047 -1.6659440014037954 -1.8721830550727805 -1.4167772886437897 0.12158524913475205 -1.5206474452519618 
0.048 -1.5858359251968346 -1.7167844767038802 -1.265792803489247 0.18392084141093756 -1.395322358753566 
0.049 -1.4793856454878218 -1.562093650157783 -1.1502171483637913 0.24973678523483622 -1.2935123823404893 
0.05 -1.4110979636549075 -1.4493835309767034 -1.0996484147217227 0.3604673569587742 -1.14935470558669 
0.051000000000000004 -1.3135318935334477 -1.2910577368216203 -0.8990538146866102 0.4694101967963128 -1.0646020347108607 
0.052000000000000005 -1.234939116504071 -1.1165002740026768 -0.7720831807055837 0.5654304659507234 -0.9378227267309389 
0.053 -1.124113896946441 -0.9106255579481508 -0.6012378010032453 0.6215339576217045 -0.8188615078592716 
0.054 -1.0479860080683723 -0.7108396309097389 -0.44848419912419735 0.7548159810203898 -0.713212047410761 
0.055 -0.9750137519008526 -0.5055248127564311 -0.268998229334928 0.8433341795621384 -0.5683829602709001 
0.056 -0.890255043592572 -0.3543251785390529 -0.0464022421331487 0.9660211443194562 -0.449208309528876 
0.057 -0.8269367422994451 -0.14996738510253027 0.09685076865845066 1.0967144954716148 -0.33655651050692376 
0.058 -0.7149252887268226 0.01940261749165119 0.2460566419866562 1.1917269645391482 -0.23427053634890269 
0.059000000000000004 -0.5445531013984701 0.24627842607278405 0.3945124699369692 1.275149976593366 -0.07403683145993573 
0.06 -0.39066344674241477 0.48755225720644785 0.5433780254851963 1.330690053437199 0.04583231791829109 
0.061 -0.2952555321403726 0.6794891660392676 0.7044292555312175 1.4588250715305604 0.1357206729371948 
0.062 -0.14010017235563033 0.8738821839689607 0.8858622910660311 1.5639987588090074 0.26921576226006155 
0.063 -0.0060036479699370204 1.0819243047684948 1.0337971299074156 1.6581650845331493 0.4417876518083933 
0.064 0.11279028764114013 1.2699447981674594 1.2182571228908496 1.715946749251283 0.5466651178676449 
0.065 0.28762486090987816 1.470132009133387 1.3944502911223045 1.8042166217519555 0.6471304997997865 
0.066 0.40196651332714767 1.662359531101471 1.517887652471793 1.8832143644747763 0.7720509675504428 
0.067 0.5646011292717544 1.8639224506932053 1.748625366591649 1.9511270337170996 0.9115148428644585 
0.068 0.6835429312060775 1.9730634568333525 1.9604526761306236 2.0213413319316835 1.052960114905481 
0.069 0.818846496797438 2.0843461150861056 2.139369892283625 2.1194223849434497 1.1855632661237971 
0.07 0.8340834323244667 2.246410510559323 2.2745296591820634 2.197325320223387 1.2941549067318412 
0.07100000000000001 0.9420891832380911 2.365283035411835 2.426452696712295 2.292218575371982 1.4255630291360046 
0.07200000000000001 1.0692287533730993 2.6193562318018295 2.5740178791037875 2.4260213274961435 1.5953927367262377 
0.073 1.25749420278572 2.7843843709846663 2.7296879011138837 2.479994302223864 1.7037671109431378 
0.074 1.4249061254370468 2.96137146648479 2.852471215271468 2.521903101729651 1.8823823735409089 
0.075 1.4750039196074087 3.1406532837754257 2.999556662079278 2.581126355669948 1.9305453762390885 
0.076 1.607870981597 3.326845597660461 3.1841070124458764 2.648925591687768 2.0275389914109407 
0.077 1.7025999727577688 3.51674519974611 3.3724133379049404 2.731233199172899 2.203060760882078 
0.078 1.7978671340516243 3.6765665566184857 3.4786945476248143 2.842494431674687 2.3658602048448363 
0.079 1.9111557696063701 3.8300888380845755 3.629670537220248 2.958153663567359 2.4677762329051336 
0.08 1.9679604648645768 3.9987039923864494 3.774215694684644 2.9982047559084495 2.636197692991042 
0.081 2.08410106174845 4.188743595869993 3.9407812574462837 3.0373687909602993 2.7225351028614106 
0.082 2.2358803107324925 4.338550468996104 4.06490492424647 3.040438779053808 2.842564907737239 
0.083 2.3381756144943666 4.477781168325285 4.19902498005181 3.086220061212803 2.9730541944922373 
0.084 2.502378350108648 4.598765717065403 4.260753459284511 3.133178845416205 3.046128083254901 
0.085 2.5862664419439447 4.74546577375224 4.376920488606938 3.168704733375418 3.0927022912938904 
0.08600000000000001 2.7110722745711824 4.8311084833862195 4.495598060885077 3.2199669005539673 3.1653535645538207 
0.08700000000000001 2.8275341660075988 4.941771246050655 4.544092528215027 3.2257013468692715 3.1230625033054484 
0.088 2.8620407738417026 5.0507040423056475 4.596053365750437 3.256749604346736 3.1658357895197993 
0.089 2.9391555568191423 5.157220254896115 4.661983579220416 3.268530017105675 3.230482834774246 
0.09 3.028625809588841 5.259586006375449 4.756101927143156 3.2370688016369185 3.3462512013199266 
0.091 3.0660511655334464 5.335925526515851 4.833660301605697 3.3091265675047 3.3928969112988496 
0.092 3.1251438479052083 5.46952322438897 4.84121182957739 3.285800722133329 3.4417857660937345 
0.093 3.1784134524388103 5.553380374468204 4.895344560634365 3.3071219451988507 3.4844111173237824 
0.094 3.2177278557742723 5.620238001094306 4.940305571235255 3.324454980800235 3.55701924821513 
0.095 3.2184804167587924 5.669954547774452 5.012937002581808 3.315518919632971 3.584133973733929 
0.096 3.27079740759631 5.722221253170356 5.027753888805155 3.3309292085006934 3.6367949071984964 
0.097 3.265272042650205 5.666432199840073 5.024311123163586 3.303972308373407 3.69237610613245 
0.098 3.317998567859199 5.7296452318643105 5.038032849764493 3.2871168650437146 3.7098032453560106 
0.099 3.2948768062243574 5.735679114764534 4.976409236205337 3.195485961376593 3.6874570177950035 
0.1 3.319044067386085 5.771853319484993 5.014838370528588 3.179388937085718 3.6941028971857177 
0.101 3.3097321174514787 5.753526106856142 4.9823461621491125 3.0863091646494802 3.6543561093212036 
0.10200000000000001 3.334870952025989 5.758430171562538 4.978744672153182 3.059412528619061 3.626308482775322 
0.10300000000000001 3.2845163675581435 5.7576161956936485 4.966952458213757 3.0354858056655214 3.5509106509581168 
0.10400000000000001 3.2873954368606957 5.7317557993260255 4.961930195504993 3.0178118074083966 3.4769957633399673 
0.105 3.262530177524206 5.7008551636997815 4.921957143066269 2.939777349296837 3.4303578676254447 
0.106 3.21656139347289 5.650281902664098 4.879890543094978 2.8684606438608364 3.344156180872102 
0.107 3.1467111607545823 5.667234090048614 4.859476188101584 2.7930052764726234 3.2251672611543696 
0.108 3.078357188795909 5.5930991667927525 4.858622964650415 2.656360552235735 3.1498412909757185 
0.109 3.015905816759186 5.522635591723818 4.741029118876796 2.629241993420596 3.0352100152545485 
0.11 2.9686994247826433 5.418496863209283 4.679371333435414 2.54046838794966 2.9439215424444143 
0.111 2.859654371680606 5.321786167249504 4.679721049721059 2.4388981161154404 2.8501090076925255 
0.112 2.7459220788174985 5.195419437183921 4.655961745182909 2.4042435894970895 2.7358550705922564 
0.113 2.6696301036260635 5.140540085439249 4.605651693574402 2.27752525022883 2.646691259578747 
0.114 2.601287679074503 5.109932722616516 4.538349629578276 2.222876530999513 2.54506177215082 
0.115 2.5302072234686537 5.038650443080775 4.397072520263074 2.096845593473671 2.4429174220790095 
0.116 2.5366011851109485 4.924574648219069 4.274889380873031 1.947734004557449 2.345348492524373 
0.117 2.430591483199351 4.798858707666936 4.157023156454956 1.8785383366303579 2.2262283680523507 
0.11800000000000001 2.340958699370571 4.654223214264462 4.064114214597321 1.7270361574649733 2.1351880102230827 
0.11900000000000001 2.2626774623647403 4.498171414539263 3.9332020122399554 1.6131465058496839 2.0100161801403513 
0.12 2.121981947422274 4.336830402073232 3.841740570009316 1.454672130893729 1.9018429045811638 
0.121 2.009314914848953 4.214235935715992 3.718955520392827 1.338826726606146 1.792604985288206 
0.122 1.8798278461461528 4.021335273271936 3.5703139320633523 1.2165896049888738 1.6374639438451037 
0.123 1.8094126913156283 3.8787754762119784 3.406392178552927 1.0834305107550233 1.570769253736558 
0.124 1.6996597770904516 3.7708240259493238 3.289566364253359 0.9516819837101969 1.4485298312448682 
0.125 1.5470530958305002 3.6124667151642353 3.169118620571603 0.8827472380184356 1.295225327989944 
0.126 1.4038853399966151 3.4887954644549284 3.0247144367105823 0.7609837512535852 1.1651275684055433 
0.127 1.295658361424593 3.3764606289651473 2.8678053217333552 0.5989078990892795 1.0270672327109853 
0.128 1.1725218093723808 3.226189524039649 2.791667254699794 0.47225676264202565 0.8516004616962293 
0.129 0.9877771956184659 2.999509555821321 2.5809785368385296 0.33793824893881486 0.7040545118677266 
0.13 0.8747030313133539 2.8508172118778923 2.413014466725755 0.2807258585942192 0.4917224375564108 
0.131 0.8068280115492563 2.675594315089999 2.2813916827353804 0.14667082309410706 0.3092060505708921 
0.132 0.7891957709960169 2.4501954064514546 2.1067593198371277 0.07281252618581469 0.1458161854484143 
0.133 0.6817254156344545 2.259382569152171 1.9521203215631888 -0.07974325796147609 -0.03654016344407063 
0.134 0.5939311827618441 2.0843340515663358 1.7493773328148083 -0.23080831976245464 -0.22855137255448174 
0.135 0.4678639986991463 1.8316231242639307 1.5401116790598728 -0.3652857845182532 -0.41615754642046027 
0.136 0.34883904716808783 1.6377884601312562 1.3925994938723236 -0.511381118166729 -0.5254964291929242 
0.137 0.2522119212459421 1.4127946415346662 1.2681259611301883 -0.6602822354494154 -0.7192131050428001 
0.138 0.08040943134789019 1.1634488709255506 1.0795891908509003 -0.8432297634247367 -0.8552721435859141 
0.139 -0.06536803216875137 0.967868182113247 0.9161076971727702 -0.9820881948106795 -0.993413505116304 
0.14 -0.21098474363963424 0.7328145523493732 0.7131630479168249 -1.1566761140526143 -1.1779874545076454 
0.14100000000000001 -0.3761448800865476 0.5254135002192175 0.608823862184642 -1.3089144259819938 -1.3401652855866488 
0.14200000000000002 -0.5340775215525652 0.2997860993555749 0.4060529214459556 -1.4850451459583696 -1.4954252996129416 
0.14300000000000002 -0.6352440255163433 0.05295845740645774 0.29168854560740326 -1.6348970396325977 -1.6864820031638925 
0.14400000000000002 -0.7950871843042338 -0.10539761664756114 0.15565666288335117 -1.8054660460130747 -1.8345355634095415 
0.145 -0.9735018471163202 -0.2978328684059443 0.018196613354420632 -1.9213085193850785 -1.9683830410663918 
0.146 -1.1467377325532575 -0.5065891240000142 -0.12043798699725977 -2.059194855908398 -2.1001455632005044 
0.147 -1.2726160493063048 -0.6324963330586331 -0.32491228589584914 -2.186362040686225 -2.2780386919124846 
0.148 -1.3606610463610664 -0.8058196664372949 -0.5036661585347063 -2.331010242699544 -2.408404842155475 
0.149 -1.5349995458183554 -1.0380406032316012 -0.6058049593696775 -2.451259157232687 -2.539732597297603 
0.15 -1.683791252189545 -1.2175438856305247 -0.7079190345168607 -2.6276249382908032 -2.6726164068858527 
0.151 -1.8286817939138604 -1.3961558780287064 -0.9208592910151763 -2.7134882353246232 -2.771917228239598 
0.152 -1.9015733330212374 -1.5351252056978368 -1.070214028354689 -2.8009635754411866 -2.919397067889341 
0.153 -2.0366344884744114 -1.6981800166899987 -1.2494012993003838 -2.9200321328050034 -3.069082216034019 
0.154 -2.164090370006395 -1.880160123175374 -1.4247971754456734 -3.056016084368421 -3.1490798421825454 
0.155 -2.309674561476879 -2.10755542631441 -1.576175112023052 -3.1413684045292487 -3.260953691166753 
0.156 -2.405152898925045 -2.27402285957948 -1.7614527921551681 -3.2567974389640955 -3.423000871693265 
0.157 -2.5326969371803547 -2.444145862735594 -1.951998950660619 -3.378049308114696 -3.5444049461610154 
0.158 -2.6318748528581275 -2.6315810668360187 -2.12069209225038 -3.509608890959288 -3.669166559085497 
0.159 -2.7728750355797684 -2.7871286478997837 -2.2977948063629334 -3.618774784072173 -3.804271447884525 
0.16 -2.9307266200134063 -2.9882558994125787 -2.4528984288124245 -3.7361522678434045 -3.883517727879096 
0.161 -3.031390927460684 -3.134349473428357 -2.5552842243195153 -3.8325041043237222 -3.9611957100290307 
0.162 -3.145554535464929 -3.3317732570200644 -2.674142358434267 -3.9564042039252074 -4.066611750840169 
0.163 -3.2339742875746142 -3.4879625582235976 -2.812227428329479 -4.06444628167746 -4.154005096235617 
0.164 -3.3186062717415905 -3.6411567320968237 -2.9625961926842375 -4.177753525430226 -4.307875323836301 
0.165 -3.415717203669666 -3.8476848746703878 -3.037865006960919 -4.244404416868294 -4.4011301993149 
0.166 -3.4573580893533022 -3.997748919292969 -3.185289836437285 -4.357075684608301 -4.463634097496434 
0.167 -3.5357618488759033 -4.091687492487349 -3.285153229991212 -4.384346843313001 -4.579264435495386 
0.168 -3.6169478494233505 -4.215334695108487 -3.402008486900071 -4.473521753963293 -4.633644087504782 
0.169 -3.711652566877374 -4.33812426190122 -3.5131598064077254 -4.636598150485922 -4.730919013429781 
0.17 -3.7984872297716166 -4.481030630397625 -3.600277038703942 -4.674105620685709 -4.812233960645242 
0.171 -3.8435520956856033 -4.629086749788851 -3.7214375499296635 -4.713409438900633 -4.890913845471039 
0.17200000000000001 -3.864441851786543 -4.729737213513208 -3.78085253405557 -4.823266499401943 -4.993295697065626 
0.17300000000000001 -3.9198640080953924 -4.873375457696483 -3.879077202230301 -4.903427423136916 -5.052019905955216 
0.17400000000000002 -3.9291533750895606 -4.9316386718564775 -3.9298264140610915 -4.923173563912017 -5.127100211051271 
0.17500000000000002 -3.937989356967147 -4.975934717824851 -3.9886640796069144 -4.938235132126711 -5.140896035914771 
0.176 -3.9145181181076945 -5.01226778315217 -4.033570576190803 -5.0018320790341235 -5.195855510592864 
0.177 -3.883344748566118 -5.053094461888515 -4.0986480405072605 -5.037367751746892 -5.225653134581007 
0.178 -3.919577827339005 -5.172100108954305 -4.157663958550978 -5.073904980919472 -5.223664860699571 
0.179 -3.888100281463124 -5.153503587094925 -4.226596935001439 -5.113779774741812 -5.27433308555739 
0.18 -3.9155628374012137 -5.213494650996586 -4.279440311078629 -5.079478621709696 -5.250411292233214 
0.181 -3.9734781773910033 -5.225049939938091 -4.2547750774665785 -5.022634530433924 -5.259385509103153 
0.182 -4.005735542900762 -5.2346746681643985 -4.224879355468111 -5.052119108753668 -5.265837789995375 
0.183 -4.019481608485611 -5.2238159781294815 -4.244967379146395 -5.010081595810578 -5.229209083302422 
0.184 -4.064725186545434 -5.198666565326616 -4.287452404567565 -5.056439547384364 -5.178005433687035 
0.185 -4.083385753306544 -5.154788481273951 -4.331091903485581 -5.0252582323012875 -5.095475567394719 
0.186 -4.1324069668657675 -5.155277986315725 -4.362732353406081 -4.9912469427565265 -5.056924360515034 
0.187 -4.170147375237672 -5.1871362302653905 -4.3729662122025825 -5.021331055221355 -5.049478196796926 
0.188 -4.097034615283588 -5.208776021198167 -4.380047739425692 -4.954614122024762 -5.010493823118161 
0.189 -4.065238684659736 -5.191925725055249 -4.366564136917196 -4.879163066471454 -4.947557949330549 
0.19 -4.053606475805144 -5.143735943854737 -4.336384075050922 -4.827057017541631 -4.89767595595103 
0.191 -4.021659308479946 -5.099443546507062 -4.315979189165037 -4.78786459782484 -4.819517738032391 
0.192 -3.9675646952825905 -5.034803132379028 -4.269001646072135 -4.728739917966612 -4.718141138770586 
0.193 -3.8830356244565474 -4.953358019912894 -4.237625027690896 -4.660973675869268 -4.652981641682079 
0.194 -3.8011150403216565 -4.823618801332601 -4.2233080752430086 -4.5918405785297765 -4.516170562616429 
0.195 -3.760552764373555 -4.784213194417991 -4.189921419817865 -4.489315826429797 -4.439350507279808 
0.196 -3.7024138290562787 -4.729855223278421 -4.087335634786562 -4.4288355414673095 -4.38839993155375 
0.197 -3.6663957755557566 -4.716066088819417 -4.047169460033593 -4.382777304763342 -4.284470201484679 
0.198 -3.6515903146309485 -4.6637694982664195 -4.058287229059653 -4.251772387322012 -4.137092014748866 
0.199 -3.6135802385540625 -4.571605749883956 -3.9974880426608705 -4.1304477321096815 -4.02622059447116 
0.2 -3.4977629933907988 -4.549001846297522 -3.9603593235668724 -4.063864694424093 -3.9193577828476585 
0.201 -3.415625490231781 -4.489132689986467 -3.8829388949654975 -4.0031552402502575 -3.7803290450328326 
0.202 -3.3748470363525316 -4.437811139959951 -3.826043002742417 -3.887283048422462 -3.6650365032626593 
0.203 -3.2518636001500476 -4.387065153479979 -3.7288356584677316 -3.7889000931724413 -3.620740529971074 
0.20400000000000001 -3.2127624126689684 -4.286224634197063 -3.6556098310675647 -3.653011989657335 -3.5014811535199466 
0.20500000000000002 -3.1167429181527364 -4.21373421772462 -3.611238805825366 -3.5616774642227864 -3.3540110647477266 
0.20600000000000002 -3.0150145398608443 -4.060817559397582 -3.5192806235714764 -3.465383926116516 -3.1984693143745897 
0.20700000000000002 -2.9535091886165064 -3.966665974583073 -3.424987819147798 -3.361974982133692 -3.050467657168116 
0.20800000000000002 -2.8598290913575672 -3.863636824339491 -3.3738510154476256 -3.233420343914295 -2.9560534062156036 
0.209 -2.727548117529642 -3.709021784566832 -3.3215235904723377 -3.0719228856109138 -2.863312762515197 
0.21 -2.6504705821737904 -3.6422543085643864 -3.195169728818796 -3.0007381502282873 -2.699907227416754 
0.211 -2.540212202792382 -3.559807416109634 -3.0988162889074418 -2.9000351830019304 -2.5872846963861273 
0.212 -2.4321544991788784 -3.468077865414207 -2.9989584072030624 -2.838070048133793 -2.4792828775125764 
0.213 -2.3764583077038997 -3.336068712934208 -2.9117409618285293 -2.7035868088684536 -2.377680583472342 
0.214 -2.3241973258167388 -3.2403340180980074 -2.856580309127687 -2.5483095092730155 -2.2543491416898864 
0.215 -2.221727637516797 -3.0581339541692953 -2.7736357662737343 -2.503492960150455 -2.0796268780547305 
0.216 -2.1566952732316085 -2.922306997700102 -2.6489780982694784 -2.405060790717111 -1.9281130025480868 
0.217 -2.038707805011081 -2.812725718110361 -2.53236309532287 -2.3432001280562673 -1.843739234818617 
0.218 -1.973763362296891 -2.669103576966155 -2.3746313561626784 -2.3016704465494686 -1.7376378478227659 
0.219 -1.8844035582598437 -2.561423620967992 -2.252008277201469 -2.199335614531318 -1.6422571539001685 
0.22 -1.7798665968116758 -2.436581568627482 -2.21037373293807 -2.188917796630493 -1.5517899605425662 
0.221 -1.6819753297837239 -2.3186202312377215 -2.107022516618381 -2.0721935049106364 -1.471649630388017 
0.222 -1.6057829051365125 -2.2423847442970892 -2.0576079352417644 -2.003608639095352 -1.3542439125658434 
0.223 -1.5352691909635805 -2.2130934722527806 -1.9788115546446305 -1.9254296652926235 -1.2592395263917444 
0.224 -1.4368496336716376 -2.1302773169833387 -1.9032018764008736 -1.8077199262716603 -1.131987912860213 
0.225 -1.3540501587886822 -2.035681147812189 -1.8220826349863837 -1.6847296126915592 -0.9935299286577978 
0.226 -1.2797652504614037 -1.9189801500859098 -1.7662844344249835 -1.6041704858152406 -0.9257210841312584 
0.227 -1.208600514764414 -1.8522100362358116 -1.7563929198643409 -1.558372954308993 -0.8568086647117273 
0.228 -1.1432522153876394 -1.7274848603407917 -1.6832426073751827 -1.450670805569152 -0.7529026560901307 
0.229 -1.1248107052713674 -1.57683904575011 -1.65435822993786 -1.4139035123143167 -0.6460802532682454 
0.23 -1.0703149409338268 -1.4463153035359853 -1.5678016110150306 -1.3646756261578348 -0.5588069874826271 
0.231 -1.0404978769004358 -1.3887257531709682 -1.4902309378397494 -1.3044318172830893 -0.4288956056250334 
0.232 -0.9785531970454826 -1.3229973193969566 -1.4329497048561068 -1.246626545756024 -0.3088842639958933 
0.233 -0.9499149882745943 -1.2429899160051223 -1.32022893716921 -1.1948770711613965 -0.2057469544896883 
0.234 -0.9433667512879841 -1.161836184021611 -1.279500713536696 -1.1176102530103282 -0.19677492854497092 
0.23500000000000001 -0.9080213679458079 -1.1117163307469184 -1.217257704174006 -1.077281799409151 -0.1628092840567219 
0.23600000000000002 -0.8551152036196111 -1.0256921334883804 -1.188449183231056 -0.9550315538831772 -0.08997159914483487 
0.23700000000000002 -0.8381163642760172 -0.9145602363718909 -1.1504173546745877 -0.888214720961543 -0.06657392236164208 
0.23800000000000002 -0.8293271053559012 -0.896867337302822 -1.0619379859782196 -0.8358008848374263 -0.007256477416831678 
0.23900000000000002 -0.790124567737705 -0.8660485362725848 -1.0573337039236956 -0.8221436844674804 0.04936892687128937 
0.24 -0.7219120335319088 -0.8242440210627977 -0.9629996292161896 -0.7081659949338819 0.08661690527359323 
0.241 -0.7031054760035932 -0.7431010747881992 -0.9906668398051 -0.6032718551140587 0.15815327470933493 
0.242 -0.6639900939815373 -0.6802995672758922 -0.9780114074170367 -0.5534642494141967 0.19798663457517335 
0.243 -0.6321984252405057 -0.6227375047829828 -1.0049308955044212 -0.5273919603147488 0.27494559015003556 
0.244 -0.5971117645048518 -0.5718142813070403 -0.9501531401985635 -0.46223860806665423 0.3375143894234529 
0.245 -0.5417925065962073 -0.5228261182963561 -0.9153279808498944 -0.4019028773448205 0.394069446423872 
0.246 -0.5332273262899658 -0.4979426895751144 -0.8685242745131243 -0.3262287451735658 0.4233167901393246 
0.247 -0.5573344073595292 -0.44282596926030204 -0.8399659867789089 -0.2617072350129165 0.42856034805581983 
0.248 -0.5251318388937274 -0.43846738855288114 -0.802759029518268 -0.2584868393546318 0.4494082557885148 
0.249 -0.5279523035715307 -0.3977201670324514 -0.7609243318082577 -0.255061829540339 0.508624518497717 
0.25 -0.5360070655173678 -0.3280981330240933 -0.6999961164388688 -0.2862661276265783 0.5711871951447637 
0.251 -0.5487645050143579 -0.25677390403722716 -0.6346543516982066 -0.2554511105336324 0.5756940833370132 
0.252 -0.5292423837782 -0.21903003283471503 -0.6396529801127573 -0.18829743873490096 0.6132173818894475 
0.253 -0.5207659385150598 -0.2356743468627441 -0.5897471612981247 -0.12186057276278883 0.6338905234614077 
0.254 -0.5155280180921671 -0.2510092470710036 -0.5662900590158698 -0.09245173514220137 0.676991129831583 
0.255 -0.5671987967183278 -0.21057564058187553 -0.5502906123778583 -0.040183291080306216 0.6795882615525486 
0.256 -0.5828899996172792 -0.21461324172057317 -0.5677189797973162 -0.06572982784440126 0.7625147928140326 
0.257 -0.6505853951056425 -0.19330641778825516 -0.5237938761566827 -0.03607706014792883 0.8110447581476329 
0.258 -0.6452219853655726 -0.1632137155962095 -0.4718662280946556 -0.032495754017507206 0.8709653664384993 
0.259 -0.5864380354779588 -0.14306095051261705 -0.4303923263253365 0.015251363536488982 0.8424457494138691 
0.26 -0.6047670615862023 -0.1096667683619125 -0.4281789754795756 0.09834529889408511 0.9009531225476667 
0.261 -0.5752664975179145 -0.10944505074410006 -0.4092140814654908 0.10369723296277897 0.9132659099670576 
0.262 -0.4995324634463623 -0.11468153762621348 -0.3865767263660078 0.09055570130651447 0.8976150872315214 
0.263 -0.4790759322178337 -0.08404158543295973 -0.4369452500052219 0.15901244063521036 0.9633429430656683 
0.264 -0.48043202455340484 -0.11536653530592642 -0.4669829483025371 0.23839133049110856 0.9831300784681563 
0.265 -0.46840540144483594 -0.105087406825978 -0.4433857394696788 0.2634102192823866 1.0113696049509207 
0.266 -0.49490043933692984 -0.0831438510165438 -0.4325906537528307 0.3271641871551821 1.0196651830229393 
0.267 -0.46107623626681227 -0.10416544413114115 -0.4456751278825692 0.3573612573437224 1.006991321629548 
0.268 -0.41996910634516843 -0.0790905245098205 -0.45175205228422227 0.38802032232521655 1.0237445609987526 
0.269 -0.4132560114183585 -0.07206355221794564 -0.49300451123498124 0.39290574809142836 1.072560011422786 
0.27 -0.42661881544424873 -0.04963864028696079 -0.44935695767561545 0.429380305679507 1.0684265242284574 
0.271 -0.4150701958133214 -0.04412101283252663 -0.4534332341879862 0.42254595261973993 1.0617899845626257 
0.272 -0.45487520998901937 0.0288999186076231 -0.48160670240790826 0.4381139657806614 1.0329815029619283 
0.273 -0.48111026218630987 0.014101330107963267 -0.5032263147795993 0.4571116152634311 0.9473762917298993 
0.274 -0.5174707011956403 0.010247988285287933 -0.5141643037000945 0.4097293386339224 0.8988073089500743 
0.275 -0.5282410806095802 -0.0062958920435645105 -0.5203072598743459 0.40778171601731383 0.8798416585579697 
0.276 -0.5437361658947449 -0.018581224946534913 -0.5455629802974751 0.38051595335531524 0.8653581395745642 
0.277 -0.5491658715362013 -0.09246308608718501 -0.5506539383462521 0.3966895941173985 0.9309831675755702 
0.278 -0.5551240021077359 -0.1304767588850339 -0.5590392279421106 0.3436926122807874 0.9600380795899273 
0.279 -0.5741399477348206 -0.12565826433429056 -0.5921521379078944 0.37217557658472306 0.9657129753862184 
0.28 -0.617828112471358 -0.14518908755982168 -0.6291160264573574 0.33241249896547775 0.911891571961765 
0.281 -0.6247490822187033 -0.1382602718934678 -0.6810705984218023 0.2593243303043852 0.9158699479221495 
0.28200000000000003 -0.6472283555941588 -0.1085847886925673 -0.7030852453888101 0.21944391928682466 0.8853410013309522 
0.28300000000000003 -0.6701891919923324 -0.12365050456592594 -0.6984819954209148 0.2694977033007856 0.826544471496089 
0.28400000000000003 -0.6748794227501465 -0.17101679865997887 -0.6961424196991279 0.31309643426097084 0.8471262976178292 
0.28500000000000003 -0.7143671527419643 -0.17058520747241873 -0.7120866935484805 0.3187941154510292 0.8144693664973788 
0.28600000000000003 -0.7703787565814539 -0.142384287993013 -0.74554304316807 0.3058445572130138 0.7867692303142211 
0.28700000000000003 -0.7821106493959397 -0.1467284708291503 -0.7244845229123136 0.3131942155022879 0.7374587610658082 
0.28800000000000003 -0.7966931711180522 -0.1726703207706447 -0.7071695551875983 0.29011508147117165 0.7596830640846262 
0.289 -0.8522643793337832 -0.23005490566484324 -0.7253911949879691 0.32414253319468783 0.7396431859876327 
0.29 -0.8817011922056035 -0.26091270328391086 -0.7566129503791881 0.31188212005693683 0.650735592546257 
0.291 -0.8729172859977339 -0.3160507085884337 -0.7522977720730082 0.3072418808283795 0.6526456718959227 
0.292 -0.9239461436275548 -0.31416058072213837 -0.770154911921465 0.285650878070863 0.6598252379530792 
0.293 -0.9821131727150493 -0.371071048062699 -0.7834003307790973 0.2508615947462748 0.6546856946108264 
0.294 -1.0364717564131094 -0.340068051365856 -0.827565934864195 0.18933709910370825 0.6223303420625977 
0.295 -1.090809632545973 -0.3569840837677113 -0.8291671190018516 0.18963686750145933 0.4989424222834723 
0.296 -1.1297694336128556 -0.43950215028869727 -0.7908141117000078 0.150869713354096 0.4512842123109625 
0.297 -1.1856602526557398 -0.4616117136223882 -0.7969395762003912 0.11308822058036822 0.40995139985007245 
0.298 -1.1893348473835264 -0.4847452686245461 -0.8198186798153955 0.1166719189118997 0.37919337968846983 
0.299 -1.2519405575600056 -0.5386698694631259 -0.8093032906412638 0.050243531298355106 0.33742372571653445 
0.3 -1.3176832912835394 -0.5335320853385762 -0.8286236362970805 0.009118725896109722 0.35950503860068084 
0.301 -1.4310539125873944 -0.577773039315165 -0.8965010070524699 -0.008706442527211332 0.3074811198287748 
0.302 -1.5185278826174364 -0.66320677821935 -0.9853441525506617 -0.040563658182110704 0.22991787477754697 
0.303 -1.5682317709120228 -0.6950472061742373 -0.9367043176296185 -0.052477662074186054 0.18293641776397304 
0.304 -1.5877685238106443 -0.7213539029962227 -0.9855938607100962 -0.06595652283200779 0.14766142600608717 
0.305 -1.641462150325916 -0.7331844646542471 -1.0741812891388058 -0.06513094451600392 0.11233939442506137 
0.306 -1.6956677288887354 -0.7476888486984127 -1.0688337414429259 -0.1497353108367374 0.06990945377132583 
0.307 -1.7910909707658549 -0.7997957919084195 -1.0463980899399608 -0.17662039651365335 0.01836158311068078 
0.308 -1.784318171141581 -0.8064558228233294 -1.0899150104336428 -0.20911037510353955 -0.03644778254020899 
0.309 -1.8110011118299485 -0.8629562104824564 -1.141480894031461 -0.19152602553109613 -0.07807097256952941 
0.31 -1.8870235697199083 -0.9256565171569398 -1.139202283949516 -0.2226357996051024 -0.14809886241235695 
0.311 -1.9150754584797132 -0.9263525963031604 -1.1875609441739763 -0.3275213297560478 -0.19706274070297802 
0.312 -1.988596846196879 -0.9106221963121216 -1.241087722040197 -0.36288029026834784 -0.2498052642276191 
0.313 -2.0781892818338097 -0.9812641828978421 -1.2602228924465213 -0.3724219262392674 -0.3431536197125883 
0.314 -2.159535083018838 -1.02752953218165 -1.3085020028463592 -0.450012935129366 -0.4538559218300421 
0.315 -2.2099818012254246 -1.1207764473848059 -1.3583695169210064 -0.5501836322641365 -0.5128855616378002 
0.316 -2.3298827991270423 -1.2281966392525974 -1.4305421764016715 -0.5550540874822814 -0.618794209168001 
0.317 -2.394169968183748 -1.2855953248854526 -1.4932819714555015 -0.5728974137017517 -0.7043532161722272 
0.318 -2.4674026580728516 -1.3310613290576798 -1.5262540237972269 -0.62549443396816 -0.7570751508197937 
0.319 -2.511250994945982 -1.4385238057067546 -1.498682841416149 -0.663275779812588 -0.8034901483639179 
0.32 -2.5614728572480536 -1.5132927070232345 -1.55896171988318 -0.6814946742584878 -0.9019869690021338 
0.321 -2.6426670205425964 -1.6013225814037302 -1.6157078204868045 -0.7315238463796737 -0.9728245238428108 
0.322 -2.6404354957435956 -1.6425428917590201 -1.647459491412845 -0.8346300568189865 -1.014806106347418 
0.323 -2.6825442720072403 -1.7011237319124406 -1.6329920374396651 -0.8409056671856224 -1.0866954666402464 
0.324 -2.7088839138476484 -1.755700672993712 -1.61562088581502 -0.8797733950117779 -1.1538126921539784 
0.325 -2.7874776777490533 -1.8148900477226386 -1.6629006375100062 -0.9533218601445763 -1.218419866366665 
0.326 -2.8168545678207786 -1.8946810659146807 -1.7228342744018603 -1.0263666000086935 -1.2653268919249885 
0.327 -2.8294103854579467 -2.037941929786234 -1.7680080486272522 -1.0656586870335651 -1.387060494107493 
0.328 -2.8366256915758097 -2.08663864431232 -1.8121696349336731 -1.120457355823184 -1.4811264413039265 
0.329 -2.8238694950138696 -2.113439241383096 -1.827585764871951 -1.220658273609169 -1.5360261876371597 
0.33 -2.870467740066906 -2.126352654817047 -1.854043098511229 -1.3016259003765542 -1.6272836746532118 
0.331 -2.8765933983786787 -2.159495338401098 -1.8878871923881253 -1.359152573920675 -1.6333557292335454 
0.332 -3.0200355829168446 -2.155943704393981 -1.958895632749481 -1.3467163043354329 -1.715207878486695 
0.333 -3.120085447584036 -2.1833888697084998 -2.06248649274182 -1.4282576336918917 -1.7807922960510734 
0.334 -3.1907503417582053 -2.2951375676016808 -2.1449732545378577 -1.5166883192786553 -1.8655373127393156 
0.335 -3.287235589398543 -2.3665334997800582 -2.197582488991495 -1.5863397540440163 -1.9581020232668296 
0.336 -3.344386230226243 -2.3962911096177453 -2.2343025887280983 -1.6126155937987736 -2.0461801004249924 
0.337 -3.403185251395793 -2.460452389401375 -2.3179414106576632 -1.6784193011887965 -2.124814647129236 
0.338 -3.462900892640371 -2.5445379968561674 -2.3416517793505833 -1.7348223475335842 -2.165064287148961 
0.339 -3.5400640200921156 -2.6072440189908157 -2.3693962891412057 -1.7929422505025292 -2.2116087627347882 
0.34 -3.5852310731571047 -2.641655112715194 -2.431257089023665 -1.8278966409197166 -2.2417596681250753 
0.341 -3.6354556738724844 -2.761632804185355 -2.468244227803977 -1.8542295626267244 -2.304966486519763 
0.342 -3.67294427843882 -2.7774272485810885 -2.4926725602551847 -1.8340378875912458 -2.371583305419982 
0.343 -3.6918020741829958 -2.804596388595283 -2.5254164061482616 -1.8722771768456443 -2.4770533210779426 
0.34400000000000003 -3.8071297777062956 -2.8234954371597083 -2.543447138262263 -1.898728648185564 -2.547342611468687 
0.34500000000000003 -3.8419293094977447 -2.928094886084851 -2.6472818937501668 -1.9934540050179916 -2.6039326652921284 
0.34600000000000003 -3.901380614510347 -3.0514694426604305 -2.6790369133115512 -2.0367305708739223 -2.670486079229295 
0.34700000000000003 -3.9366812406511413 -3.1401113960027245 -2.7439781759041852 -2.073562054420494 -2.743645718078426 
0.34800000000000003 -3.9939097831547463 -3.214184395286973 -2.8406710753199973 -2.1431293636357767 -2.803189042455825 
0.34900000000000003 -4.057452517128267 -3.2798756934033677 -2.853208961229568 -2.2213022959437243 -2.841647417425005 
0.35000000000000003 -4.144934995089553 -3.339743367003347 -2.9272436207583556 -2.266421339341929 -2.9331216657886188 
0.35100000000000003 -4.222231387034484 -3.3901048500150237 -2.9643773988194715 -2.3372142846746424 -2.988967928695221 
0.352 -4.274400719631494 -3.481060142894903 -3.0128922934268667 -2.3634801833461965 -3.082653724570799 
0.353 -4.343435635730929 -3.556401191171827 -3.064460303381243 -2.43790817497749 -3.1710550969991447 
0.354 -4.438896481368051 -3.6193205338553063 -3.104331068978641 -2.4760317537937415 -3.2423162080323173 
0.355 -4.500035973128936 -3.6391860113898433 -3.1438360480179997 -2.5107222644233924 -3.3148301053881615 
0.356 -4.6406696530369445 -3.750178101673271 -3.200616814872302 -2.595833903418542 -3.4106854899304877 
0.357 -4.717399504592273 -3.8273068518853393 -3.249269167449905 -2.685490252376958 -3.4902509767395773 
0.358 -4.8205887845656115 -3.9282486349648993 -3.2771408482030635 -2.754481174202927 -3.6042555224241117 
0.359 -4.901260199019631 -3.9626605249709463 -3.336063219324525 -2.7675962730825403 -3.6747161936329795 
0.36 -4.921857757292162 -4.125148687131613 -3.3983741918569415 -2.84708071025747 -3.745796996903276 
0.361 -5.008513713277443 -4.18502923668875 -3.446651151610145 -2.9217017087833925 -3.865412448669613 
0.362 -5.037543624750353 -4.286481374299345 -3.527639597857185 -3.0117574571734163 -3.945045765440242 
0.363 -5.066872691224149 -4.4195582758666125 -3.550648754666335 -3.071577301537056 -4.035987863897692 
0.364 -5.169901618701119 -4.46442308189954 -3.6393421019008287 -3.08469749998616 -4.102294691391679 
0.365 -5.262922656575146 -4.46092450032043 -3.639438235547503 -3.067383347729315 -4.158281842144445 
0.366 -5.32759036984633 -4.529999033617583 -3.71529986035885 -3.1340059554477935 -4.288356364660506 
0.367 -5.35739753479852 -4.533925637550818 -3.7475877232459123 -3.191603406494509 -4.347436686978217 
0.368 -5.417604098274759 -4.650284196006921 -3.844166204584491 -3.1941509093982194 -4.475351925014006 
0.369 -5.397784583448559 -4.7320948021915825 -3.926492815548647 -3.2444317185437566 -4.5634641253811505 
0.37 -5.5111035938593 -4.726497254641386 -3.9437911453632806 -3.3027145575770214 -4.644056127120008 
0.371 -5.57120432530813 -4.854564032882061 -3.9834413110173337 -3.3619197747491603 -4.709642291484684 
0.372 -5.659727541885847 -4.909503940006947 -4.111695956656252 -3.4324688468732556 -4.721524166250928 
0.373 -5.765615717975488 -4.9424796938583615 -4.1325947062655 -3.499072726113267 -4.7512866412147705 
0.374 -5.893024400515834 -5.017837131732173 -4.175273141990721 -3.5966618410781117 -4.820031927742874 
0.375 -5.981068501545291 -5.081568271335862 -4.261679282484353 -3.681064738927362 -4.869603456410819 
0.376 -5.99112339531532 -5.15240952401013 -4.3284557997203965 -3.747311010084213 -4.918723523467175 
0.377 -6.0336727635725556 -5.2164075571198625 -4.359162296739537 -3.818494012368259 -4.972993274366493 
0.378 -6.076606694300153 -5.246697254577385 -4.432432118441885 -3.8999694074165405 -5.080211438214015 
0.379 -6.139888584013029 -5.363155869725972 -4.509698138513293 -3.957353588248451 -5.1398823749621645 
0.38 -6.240364464861483 -5.383346178537591 -4.559434030205811 -4.010444487084992 -5.199777269930548 
0.381 -6.331784024382694 -5.518487467907907 -4.64310023654861 -4.076732957597371 -5.248536267081305 
0.382 -6.384924314438637 -5.592127005923145 -4.649779745785484 -4.153757510787943 -5.342113628383553 
0.383 -6.5135953996195095 -5.62006687273797 -4.699492533095523 -4.317931802906927 -5.4306073913461885 
0.384 -6.65398591024677 -5.711248669213919 -4.7509624521407 -4.326655207360068 -5.520282529881308 
0.385 -6.754939815708433 -5.738494834387226 -4.802401944264569 -4.41864169815987 -5.5368995332176985 
0.386 -6.787103955343949 -5.852150500956325 -4.849398545920883 -4.526807596898998 -5.593477040458591 
0.387 -6.873785059363166 -5.940158435547926 -4.873137016715624 -4.55560995403221 -5.665180953737829 
0.388 -6.9984497760077655 -6.057540963374688 -4.918433223930261 -4.618418518854039 -5.723286803075723 
0.389 -7.096657500234184 -6.142921684286149 -4.972923434699717 -4.645425059462715 -5.779123657485751 
0.39 -7.143976203042002 -6.160550942417137 -4.981436732757906 -4.685865949938301 -5.8545875825739415 
0.391 -7.148857860779243 -6.234304878570099 -5.070104011190876 -4.726392145791211 -5.968692564742399 
0.392 -7.258257521622196 -6.307520377408354 -5.066544507117486 -4.820771905505967 -6.0711722216157 
0.393 -7.281652204582158 -6.321110939117491 -5.057895386567302 -4.834730204582734 -6.1196957694317256 
0.394 -7.312040796926644 -6.3759275936664155 -5.143600794695763 -4.876577625002425 -6.19686196599694 
0.395 -7.421546762198676 -6.447665062350134 -5.169156482617519 -4.929706200226988 -6.210649396006466 
0.396 -7.406754533149414 -6.5024181641468175 -5.154961053923288 -5.004373102727451 -6.2955883180946 
0.397 -7.48625059274482 -6.5796112033606144 -5.2123005781255 -5.070299458550144 -6.37551392911089 
0.398 -7.527783925223914 -6.67985286245934 -5.277972601396311 -5.117067414753417 -6.487886741007049 
0.399 -7.60169247599534 -6.7882416677491095 -5.335215405369929 -5.2290570128422855 -6.514095451199759 
0.4 -7.633583493445096 -6.77890447128056 -5.380962855170887 -5.276122283799957 -6.557645677307559 
0.401 -7.692086812848023 -6.869246230107835 -5.434726003180328 -5.326026793409837 -6.606491132578682 
0.402 -7.743866548993885 -6.948661738088263 -5.448337479879967 -5.344548691283143 -6.737636025674735 
0.403 -7.8021583198987905 -6.997317317535146 -5.446223867604623 -5.416049208223211 -6.800067363461979 
0.404 -7.828543529702747 -7.057407832404763 -5.48479966646457 -5.469548940826158 -6.854562083134411 
0.405 -7.897309832275391 -7.09257008033888 -5.530182665698983 -5.536941629658473 -6.9066595816827085 
0.406 -7.979219336937303 -7.158378707324177 -5.552538132681647 -5.605592289942744 -6.958665697654017 
0.40700000000000003 -7.9947626079091 -7.1751767652672465 -5.616362791845788 -5.685215222501249 -7.036875395265754 
0.40800000000000003 -8.005961091684874 -7.232904037995485 -5.63632845886642 -5.692118962069161 -7.10314601353153 
0.40900000000000003 -8.028969483911721 -7.269491841557395 -5.690894134452749 -5.723849842245377 -7.113658763403173 
0.41000000000000003 -8.079062141117964 -7.2864417715788115 -5.780113998099665 -5.749626954377428 -7.201553600321432 
0.41100000000000003 -8.165245828372447 -7.378679635920095 -5.8149130758345144 -5.796410223700103 -7.254365017785535 
0.41200000000000003 -8.267555630518261 -7.419567047614804 -5.858004600587359 -5.872556439145894 -7.249356709703713 
0.41300000000000003 -8.281890643493467 -7.461938401210172 -5.905060617708686 -5.903279958799018 -7.249430073708778 
0.41400000000000003 -8.373072393342062 -7.497200309070162 -5.939497197887705 -5.9720426851788755 -7.3234681193918 
0.41500000000000004 -8.45089518047708 -7.565350473034346 -5.953098203019437 -5.979497026956819 -7.3501800773437544 
0.41600000000000004 -8.560084166089867 -7.591210614821078 -6.006235032708887 -5.97148108505225 -7.386132597862983 
0.417 -8.630235116409574 -7.627231853231733 -5.985718403410047 -6.029323786795749 -7.4291712694582515 
0.418 -8.708390350017032 -7.69126169452004 -6.023408939582797 -6.108620724987174 -7.4906549275758785 
0.419 -8.752487899605217 -7.769717653317473 -6.076339723102936 -6.129232327697971 -7.531869731849752 
0.42 -8.809264688260017 -7.774744251266655 -6.14208306875993 -6.183450981114257 -7.57638842594625 
0.421 -8.826658344014913 -7.896778605807145 -6.133608569762446 -6.236843221151131 -7.554794502308179 
0.422 -8.871378931568515 -7.993988330719455 -6.126388456621808 -6.238826788029078 -7.631520176581985 
0.423 -8.903323039009846 -8.043150310948011 -6.163631842033406 -6.275194106067034 -7.673997067159275 
0.424 -8.952264504373684 -8.046999461121427 -6.206775820153376 -6.298926710492367 -7.690377589627245 
0.425 -9.025183250804316 -8.056353453250654 -6.207662211631467 -6.315523092956521 -7.708167942368389 
0.426 -9.005825252336779 -8.163376512038278 -6.292881090698575 -6.285311505491554 -7.667461485671966 
0.427 -8.988023013792263 -8.160857501822356 -6.300249642462137 -6.318966658206224 -7.732828973380274 
0.428 -8.933435204384535 -8.237223500282674 -6.420064038773154 -6.334769983297554 -7.8026633063492135 
0.429 -8.956397249116513 -8.257276029469587 -6.44335356031886 -6.407763236998533 -7.8424831813357665 
0.43 -8.976000552088294 -8.27762135241454 -6.460036407693786 -6.41397151782902 -7.87308120344489 
0.431 -8.99832017514181 -8.304930976312466 -6.485830386168122 -6.452794628017442 -7.966735778497265 
0.432 -9.029802187054376 -8.401368120719212 -6.53810229033357 -6.446176004405501 -8.014276407547488 
0.433 -9.059916990102423 -8.476544376810592 -6.603495879771567 -6.494243262832405 -8.068300169164736 
0.434 -9.078258339744448 -8.526070489766628 -6.68424663655991 -6.571914398865676 -8.14743928406296 
0.435 -9.103053250298458 -8.537333163311674 -6.733746127953915 -6.617031882675724 -8.148398282557972 
0.436 -9.115037883786409 -8.563209502644892 -6.730870739646875 -6.634143844036007 -8.177869379463292 
0.437 -9.136526500820223 -8.560551227407954 -6.767368415662783 -6.617205461002943 -8.238013241908476 
0.438 -9.166500504633298 -8.628588799946629 -6.875065622925081 -6.585392835007762 -8.239253663746144 
0.439 -9.224081273629686 -8.649317840296744 -6.969660817718024 -6.536673529205477 -8.27754221486835 
0.44 -9.25134964011968 -8.654183337705765 -7.0027831306139525 -6.5298897409055305 -8.268079676017917 
0.441 -9.295387699431448 -8.640935150459628 -7.0213526071031085 -6.586113829005624 -8.361967373746376 
0.442 -9.326262033698145 -8.632542543567599 -7.036876096066416 -6.630890699435937 -8.446490297769405 
0.443 -9.373005453094155 -8.653170893456956 -6.993866844521671 -6.677561405020886 -8.516104130910701 
0.444 -9.363013409168612 -8.643271763322716 -7.06736810261966 -6.694512490349847 -8.572168934190982 
0.445 -9.42463092504236 -8.683887989815855 -7.050393909123239 -6.736956571342931 -8.567125249586683 
0.446 -9.380977126658161 -8.715197353484708 -7.083718748598951 -6.735714912311242 -8.587132906190806 
0.447 -9.429109904039645 -8.73193093350491 -7.071954375064305 -6.728778624284546 -8.605378010575013 
0.448 -9.455622909623358 -8.765609019238527 -7.096962774906648 -6.74809538970165 -8.658413010884123 
0.449 -9.448583287361963 -8.78032044385528 -7.103858496705837 -6.751152008047482 -8.644146098444791 
0.45 -9.431801514744294 -8.786785495598192 -7.100622176948594 -6.752977749938125 -8.690482504788656 
0.451 -9.481303678733356 -8.765003306956602 -7.0575331732346065 -6.806868075857612 -8.737276518572619 
0.452 -9.44902447889893 -8.774032962765263 -7.054717548399569 -6.84705688756785 -8.754311464543319 
0.453 -9.475077998999563 -8.813749621852466 -7.046156546943144 -6.852772057533301 -8.750454993313133 
0.454 -9.4814286585059 -8.816763584574414 -7.0754074234414865 -6.855324469340816 -8.761501277089236 
0.455 -9.495013297818872 -8.76873337868474 -7.090661876115325 -6.853537376416034 -8.848213833334349 
0.456 -9.514890925811759 -8.763454648232031 -7.045900880874822 -6.795249313300322 -8.896765907811949 
0.457 -9.534586014040034 -8.774688255099468 -7.004463733783621 -6.8104956228738205 -8.878563034768186 
0.458 -9.593349693877439 -8.769843612550929 -7.0016955687962295 -6.831168982280573 -8.839190667441283 
0.459 -9.584529523003733 -8.819394624075784 -7.066092383365396 -6.819784008699321 -8.851956747877985 
0.46 -9.564085470681475 -8.795724619932681 -7.098347777011716 -6.794802414706126 -8.8589793144065 
0.461 -9.528133601942072 -8.821872300690782 -7.072489848223536 -6.808025999270535 -8.867656714966191 
0.462 -9.537811359086774 -8.800197632820744 -7.042194571711805 -6.822352502996687 -8.892536638428032 
0.463 -9.558258336384425 -8.78297555337607 -7.021305253951668 -6.850912423924343 -8.868984179230395 
0.464 -9.52225889820126 -8.693013795831188 -7.0409528120472205 -6.877623347865708 -8.887914595904528 
0.465 -9.540003484895836 -8.735547651452338 -7.100480544603554 -6.880153928035754 -8.852712753629083 
0.466 -9.526465582734014 -8.71124461934639 -7.07679577170102 -6.862147242436104 -8.913487917807853 
0.467 -9.516342076748197 -8.706005486876778 -7.007518220619914 -6.870879361359791 -8.918366956387214 
0.468 -9.484493234407408 -8.755640723060571 -6.973624355812116 -6.8470072763504986 -8.871173434139484 
0.46900000000000003 -9.43304016835074 -8.681731750998798 -6.9915384938165825 -6.843567734448237 -8.839914898021236 
0.47000000000000003 -9.403076967575581 -8.697186625971426 -6.960374977845581 -6.803312292327116 -8.77063477963893 
0.47100000000000003 -9.367873237092976 -8.646517972921826 -6.916576679245514 -6.707168832831089 -8.746314440679734 
0.47200000000000003 -9.37227533934981 -8.616734863397502 -6.878488327237796 -6.635851592090896 -8.704647270393744 
0.47300000000000003 -9.396360355320798 -8.646457292661047 -6.913481719282048 -6.611993874678637 -8.681556995239626 
0.47400000000000003 -9.344138435420362 -8.658555319172967 -6.85444138810712 -6.604914672054557 -8.664286870092509 
0.47500000000000003 -9.23226193262792 -8.562220952744516 -6.816013207298843 -6.569694690963071 -8.644682325861899 
0.47600000000000003 -9.187752603324698 -8.566690389308672 -6.796584612593739 -6.5443488124489795 -8.58522935149196 
0.47700000000000004 -9.164927501566707 -8.55080145549174 -6.7582924394754675 -6.494674548663429 -8.549105103114051 
0.47800000000000004 -9.093899048592196 -8.496262709682126 -6.78630243127385 -6.429174855001812 -8.526749867591292 
0.47900000000000004 -9.027020647626662 -8.460885920460695 -6.757588425835458 -6.401328211687104 -8.477329046564384 
0.48 -8.930837364360327 -8.407916645071191 -6.657074491839579 -6.353480212991341 -8.44500026432729 
0.481 -8.90648447187639 -8.35882053131255 -6.5759265744687285 -6.365246382990569 -8.386413008700261 
0.482 -8.859885373374878 -8.253194305763255 -6.516609181618291 -6.371028812851422 -8.348974798113577 
0.483 -8.820732619117166 -8.22743392590468 -6.468902219950289 -6.326260753658597 -8.318905202424371 
0.484 -8.740695009230935 -8.215460807458562 -6.449527741049887 -6.3513119753976985 -8.294168193941859 
0.485 -8.666974405402001 -8.126099238593818 -6.445930971468476 -6.307187735175076 -8.217068787758935 
0.486 -8.640434409892318 -8.05209279860028 -6.401464924476646 -6.309099159428814 -8.159090315059249 
0.487 -8.571190554528899 -8.046547784882005 -6.3063421544710865 -6.26470761428446 -8.100123793209102 
0.488 -8.51505513790879 -7.950865544234676 -6.250933047073353 -6.234721799395913 -8.064896746066056 
0.489 -8.509340959787776 -7.843511489828504 -6.2028718329392305 -6.243384468240384 -8.044976205758536 
0.49 -8.43681485811149 -7.799054211509919 -6.23730376330817 -6.212089769304218 -7.987130329951138 
0.491 -8.351770329706767 -7.735685741176877 -6.113404735814755 -6.171267234034988 -7.917976865144756 
0.492 -8.306451307857053 -7.694173796548347 -6.105173857348642 -6.12518482720421 -7.8340493691092785 
0.493 -8.202854106225047 -7.623889794589895 -6.0741813753702 -6.120182270247353 -7.736275557507029 
0.494 -8.131494208300847 -7.542570965411395 -6.0447744626308095 -6.090426472703954 -7.6497926727899355 
0.495 -8.049606831967068 -7.470058662095279 -6.050168019709295 -6.030338496761972 -7.535553218465435 
0.496 -7.980161436691932 -7.374650043680428 -6.042432615626721 -5.964836906954576 -7.436103581583802 
0.497 -7.941626313645813 -7.328954388940679 -6.002664109443162 -5.900311273188408 -7.342235290488924 
0.498 -7.8552866813733235 -7.266429620382025 -5.9306292201033495 -5.9112306314057195 -7.1915242570454305 
0.499 -7.835388649632935 -7.209595041292442 -5.935121578726865 -5.865993798785679 -7.084274183403121 
