0.0 9.983700819080192e-17 9.983700819080192e-17 9.983700819080192e-17 9.983700819080192e-17 9.983700819080192e-17 
0.001 -0.23681783262041445 -0.1657338288972442 -0.19302996155976854 -0.1853517916616161 -0.2306106763947386 
0.002 -0.4650011366130464 -0.37989554105275164 -0.3794614161855865 -0.36353446904148895 -0.43474857663248084 
0.003 -0.645674992860463 -0.561704937555372 -0.5825611657178689 -0.5266408458737267 -0.6334058198987192 
0.004 -0.8029782549305519 -0.7177882100207672 -0.794119406310119 -0.6537902223854675 -0.7987855221143494 
0.005 -0.9869303074837856 -0.9053760043945097 -1.0149272432247096 -0.8475246268414947 -0.9663770131101587 
0.006 -1.1556971238571518 -1.0594146727781069 -1.1666169634194614 -0.9693350343141781 -1.1133177677619177 
0.007 -1.359420028956011 -1.2066945508623408 -1.3092357838697843 -1.130561756256433 -1.2794760648994856 
0.008 -1.580554524103256 -1.365978396051553 -1.4603913048239345 -1.3114129578255973 -1.499053697539205 
0.009000000000000001 -1.6409499899259776 -1.4924940469548738 -1.6298756271338162 -1.4223736831636473 -1.6764476983234025 
0.01 -1.757756903775758 -1.6160325561449522 -1.7606918325008243 -1.5435646580976297 -1.7480277145965224 
0.011 -1.8761101887324523 -1.7598689245290768 -1.8194238736639488 -1.6493762732335193 -1.8082588356763183 
0.012 -2.0007346804779327 -1.873341363295736 -1.9526705727822782 -1.7490801177961584 -1.8648376864970668 
0.013000000000000001 -2.0612077943759997 -2.019058815368996 -2.037022289418223 -1.8970987179917569 -1.9187435040802945 
0.014 -2.1523167795235008 -2.1034225876606327 -2.1626718249019263 -1.9042015899150728 -2.0184659637782745 
0.015 -2.2232792111510435 -2.1987865957207164 -2.249862016901166 -1.952790436522612 -2.0846117038252956 
0.016 -2.291340102833195 -2.337309345589737 -2.372933551361819 -2.025441864843008 -2.1691201482938616 
0.017 -2.3661466319522124 -2.409545603727784 -2.401914411864656 -2.0748121503429697 -2.2172501523080554 
0.018000000000000002 -2.4065863865969144 -2.4371425240177116 -2.4215861440703232 -2.1324236872391955 -2.330510967514237 
0.019 -2.444881354804242 -2.4308576162565974 -2.413916188313018 -2.1580688940473913 -2.411417478872472 
0.02 -2.509275951035622 -2.4986722574970814 -2.480225672148465 -2.1416244324684808 -2.41487383674438 
0.021 -2.496876715813269 -2.5811051990080576 -2.5067420757310237 -2.2015049888102327 -2.4249590071224625 
0.022 -2.5097569161617765 -2.5811508225758204 -2.509627287252372 -2.221484215855431 -2.463569376016601 
0.023 -2.5099797565084536 -2.59338719336399 -2.5583970265887492 -2.2398904963409363 -2.5130744152783118 
0.024 -2.5314579776608475 -2.6412010428251156 -2.538337119238843 -2.2982234977753975 -2.4866139709431656 
0.025 -2.514877525809295 -2.634027037194243 -2.5554470970145875 -2.269402973315697 -2.462885914084991 
0.026000000000000002 -2.4977762153593384 -2.618186006560364 -2.5277369190033983 -2.2658491721913876 -2.4569530661701013 
0.027 -2.49227111953832 -2.664283452291529 -2.5175873333236916 -2.25365873205069 -2.43724032839321 
0.028 -2.534732314553017 -2.6970373038172495 -2.4844154514862664 -2.3432884873062525 -2.3685834143991085 
0.029 -2.4642835595165975 -2.6906676037582726 -2.4844098226346736 -2.3550088953604145 -2.294678305874083 
0.03 -2.3945936358922175 -2.6647412480172963 -2.4644728780136087 -2.362974625451562 -2.248801207088199 
0.031 -2.348600743084745 -2.5835012475877215 -2.456306130461775 -2.324601937937225 -2.2642663778759653 
0.032 -2.322643612163451 -2.4998044918412847 -2.4186532925459625 -2.2869738242440336 -2.231717729938395 
0.033 -2.273261630112493 -2.475278482836298 -2.3493316889557994 -2.221629814208604 -2.1916033385889726 
0.034 -2.232224794218105 -2.423660420566778 -2.3564256451923593 -2.1324917459752433 -2.1068378638731073 
0.035 -2.2272096004348922 -2.3007941266262373 -2.311565013036158 -2.1243073426992143 -2.018749636263947 
0.036000000000000004 -2.176028503293912 -2.2308502717171357 -2.2398705249708932 -2.0608501413682183 -2.0119642970792797 
0.037 -2.074124787221882 -2.1179065882296855 -2.146583962695166 -1.9757067403172246 -1.9193736720978123 
0.038 -2.013440629112038 -2.0584230883093273 -2.093507927580663 -1.904525679260702 -1.8792936541998249 
0.039 -1.9453884963177546 -2.018563907798214 -2.1024929335604208 -1.850317658114264 -1.8354978807241116 
0.04 -1.8528079861403948 -1.8908514547129596 -2.03444256463003 -1.7753949466386538 -1.781149396418661 
0.041 -1.7465270325238371 -1.775661612523078 -1.990238601982818 -1.6643396955080898 -1.7113318081931597 
0.042 -1.73749235717814 -1.682543616928999 -1.8767367710574767 -1.6328829132247094 -1.6200412018854895 
0.043000000000000003 -1.6886605101771381 -1.5587881172326463 -1.7717396510565244 -1.588522785557907 -1.5254483629737559 
0.044 -1.626762923654671 -1.4503527005980834 -1.6394343469583479 -1.4717714953472936 -1.419885788779332 
0.045 -1.5491371863178731 -1.408227427140517 -1.6038434129929646 -1.4093639921351497 -1.3378698618256075 
0.046 -1.4364724624272645 -1.32572863080783 -1.5419649654171954 -1.2400542072650615 -1.2261072475803523 
0.047 -1.361257356576112 -1.2014934440397256 -1.4562623879093786 -1.14433197439293 -1.1349340532627115 
0.048 -1.2833739356778842 -1.0996503279585197 -1.343632646862302 -1.072684948646344 -1.0184094266681496 
0.049 -1.1793766645661803 -0.999889302126033 -1.267148855069596 -0.9964946360569493 -0.9257118191741762 
0.05 -1.113762112805492 -0.9433944411360353 -1.2563585331329916 -0.8743541464851734 -0.7909541312949226 
0.051000000000000004 -1.0190810624175195 -0.842480481701067 -1.0961783223234958 -0.7529932259302109 -0.7158647801892544 
0.052000000000000005 -0.9435769629692305 -0.7264425491828215 -1.0102074842356688 -0.6435740994015409 -0.5989878338152822 
0.053 -0.8360358470266347 -0.580106178061139 -0.8808967362415511 -0.5731183599122192 -0.49014372932552686 
0.054 -0.7633792559838884 -0.4407885296392679 -0.7701620310331787 -0.42455808446386584 -0.394801846975065 
0.055 -0.6940572600583212 -0.29678304283775875 -0.6331286520244729 -0.31986301585387544 -0.2604465125895597 
0.056 -0.6131195425849648 -0.20764491175899072 -0.45336837886057996 -0.18012794922249478 -0.15188750019837496 
0.057 -0.5537847309060787 -0.06601191229944836 -0.35328363451162453 -0.03154265060320638 -0.049968936063917335 
0.058 -0.445911033913355 0.040058886427828524 -0.2475280091782551 0.0821782253117706 0.04149049572978111 
0.059000000000000004 -0.27982263831690074 0.20314996220057224 -0.14275383992240553 0.1850987173809929 0.19082863983742193 
0.06 -0.1303545787310872 0.38024241253280977 -0.03775078291570161 0.2608979611946354 0.2997574990771469 
0.061 -0.039497830723973226 0.5076901735196049 0.07930767959429974 0.41002644699986057 0.37868512366020035 
0.062 0.1109850227548157 0.6373751575071237 0.216668249451165 0.5369005165194722 0.5012233313096945 
0.063 0.24029593293718277 0.7805792392167743 0.3205014953252367 0.6534467528013244 0.6628664770069582 
0.064 0.35419937826122144 0.9037205693265881 0.4608813389045582 0.734260470180961 0.756867626097272 
0.065 0.5240468169728657 1.039076373752545 0.5930663721476676 0.8461871512341764 0.846533407002434 
0.066 0.6333129223766434 1.1666091268782766 0.6726181837771419 0.9494390721878266 0.9607552787278945 
0.067 0.790791810665018 1.3037027962737253 0.8596435042978838 1.0421759031265112 1.0896458520783259 
0.068 0.9045059361140252 1.3486889518120935 1.0279821472112047 1.1377569602902362 1.220667405277201 
0.069 1.0345181082046446 1.39622004000602 1.1636849945645829 1.2617199832911694 1.343020709834634 
0.07 1.0444081650291648 1.4950250269118044 1.255955261341994 1.3659927133875458 1.4415606650228865 
0.07100000000000001 1.1470197838521685 1.5512191856367235 1.365364238282356 1.487716201967098 1.5631395523081755 
0.07200000000000001 1.2687262003221043 1.743283939287405 1.4708413704677055 1.648782239923983 1.7233867641402782 
0.073 1.4515277063088559 1.8470624400676545 1.5848999235079488 1.7304241666734395 1.8224496710196183 
0.074 1.6134531275871753 1.9636475824503594 1.666598920784537 1.8003801981772194 1.9920487837602274 
0.075 1.6580500942510512 2.083464012857187 1.7731777736527754 1.8880015778790167 2.0315152431414703 
0.076 1.785410234414331 2.2112163870404684 1.917849823873786 1.9845224472090852 2.1201562105964356 
0.077 1.8746344412426232 2.343790377554865 2.0669567138338163 2.0958478093444657 2.287693517010563 
0.078 1.9644071875114937 2.4474893319349285 2.134767923553778 2.236395531621747 2.442900971636016 
0.079 2.0722200091624035 2.5461813009360905 2.24805391950098 2.3815826022024034 2.5376417731385383 
0.08 2.123575723451582 2.6613471137488673 2.3557396605213965 2.451375495931216 2.6993290585060294 
0.081 2.23430240411489 2.7994072276675843 2.4863269548958704 2.520467908857773 2.7793976345571654 
0.082 2.3807110334404893 2.8987933441015836 2.575404072218274 2.553625465100219 2.893648235572771 
0.083 2.477687245919699 2.989250900559814 2.6754598683077764 2.629626119469628 3.018872237486384 
0.084 2.6366306504407526 3.0631988011985793 2.7041569484391506 2.706908693732169 3.0872190494863263 
0.085 2.7153274031859165 3.164687585502115 2.78837601012733 2.772835403386492 3.129628677901086 
0.08600000000000001 2.835018120539771 3.2070332794192784 2.876239617090863 2.8545480376833674 3.198702157735102 
0.08700000000000001 2.946449352333216 3.27640216398183 2.895104692278416 2.8907552103274616 3.1534443783189614 
0.088 2.976017987968412 3.3461331006983173 2.918671281696204 2.952271067131426 3.1938863106835127 
0.089 3.0482957180046695 3.415628353262095 2.9574929619258987 2.9944865660018225 3.256861655465959 
0.09 3.1330380689045687 3.4832429251750057 3.0258390623382603 2.9934005372167274 3.3716422639772627 
0.091 3.1658529058644107 3.527189927157687 3.079012045872894 3.095746204127618 3.418008447419258 
0.092 3.220460683950107 3.630842649230237 3.0636156103517167 3.102593587946054 3.4673502962344935 
0.093 3.2693792307099963 3.6872912468144916 3.0962883762034212 3.153945982135325 3.511185451101995 
0.094 3.3044846545977586 3.7293656251996534 3.1213279907392106 3.201140744581648 3.5857844843077284 
0.095 3.301178546274248 3.757013108841338 3.175627166013391 3.2218695797677595 3.61569549987767 
0.096 3.349595409757059 3.790013817349702 3.1737515070096682 3.266720548284538 3.6719824001899624 
0.097 3.3403366912232335 3.717850714231246 3.1553064778388933 3.2689527248892403 3.7320435318280527 
0.098 3.3895048684251474 3.7676705245151205 3.1557667934610216 3.281007369161709 3.7548288586719867 
0.099 3.3630079961775237 3.7633808946712337 3.0826731923260815 3.217980177754172 3.738743362707418 
0.1 3.383991615934425 3.792390176592279 3.111474333329111 3.2301531041675493 3.7525768067304583 
0.101 3.371693247797718 3.7701179556198863 3.0712316194209524 3.1649859918580443 3.7209592534179188 
0.10200000000000001 3.394038730092045 3.7742480252007153 3.0617322959575155 3.1656366251168992 3.7019595595231216 
0.10300000000000001 3.3410772241662463 3.7757546097490704 3.0458550275648117 3.168887537545804 3.6364959344595094 
0.10400000000000001 3.341529167733382 3.7552328716663386 3.0385205963700455 3.178017297694922 3.5733691037008555 
0.105 3.314409943284318 3.732612534517466 2.9979683683656444 3.1264084779440275 3.5383406909551254 
0.106 3.2663537196435817 3.693184754476472 2.957015692702057 3.0811350477537465 3.46453748928327 
0.107 3.1945759377593115 3.7240711476978325 2.9393684688427903 3.031336349426932 3.3587036327631132 
0.108 3.1244476719584418 3.6665826974458025 2.94289569030523 2.9199574449977486 3.2972568799015196 
0.109 3.0603686263035956 3.6154014048725243 2.831255710177747 2.917709613667248 3.197196551620287 
0.11 3.011674545833313 3.5331043106703044 2.777085318068078 2.8534074002885137 3.1211383323763657 
0.111 2.9012751542622244 3.460718143164338 2.786416062324066 2.7759049420846837 3.043182933320358 
0.112 2.786315237855061 3.361082378018897 2.7730915273479373 2.7649104075655395 2.9453805900490337 
0.113 2.708915718944876 3.3352639699855353 2.734630093846181 2.6614399957959294 2.87323040700093 
0.114 2.639579195400175 3.335971071990111 2.6805506034545843 2.6296228963953316 2.789144157678262 
0.115 2.5676114504271066 3.298180320722517 2.553830130194742 2.5260030279589096 2.705040231854962 
0.116 2.573218297228408 3.2196966598946344 2.44749779626394 2.398877714323431 2.6259764886954815 
0.117 2.4665150199023516 3.131597001466829 2.3467366536620347 2.3512392847990373 2.5257938887686544 
0.11800000000000001 2.376275564985955 3.0265254806040285 2.272147176930552 2.2208610640889317 2.4540909696380195 
0.11900000000000001 2.297467926119656 2.911908886158683 2.1607289299623673 2.1276578479121273 2.3486240684107504 
0.12 2.1563196434441796 2.7937978540375217 2.089896040336991 1.9894281423084927 2.260490787867252 
0.121 2.043266842165611 2.7161516854150016 1.9888342474948955 1.8933813982176932 2.1715955057536047 
0.122 1.9134543686856356 2.569841180420352 1.862970727061996 1.7904926845722944 2.0370673196568303 
0.123 1.8427675379063158 2.475436942849322 1.7228419595233784 1.6762275030160338 1.9912232790650233 
0.124 1.7327900414610307 2.417129996439952 1.6307841562239012 1.5629141502851414 1.890039876263879 
0.125 1.5799992366099669 2.309829676197342 1.5360395555235669 1.5119515974742879 1.7579643388767032 
0.126 1.436681180714269 2.2385514450445414 1.4182337535783502 1.407693079087942 1.649236067340648 
0.127 1.3283310905100456 2.179869200450132 1.2887783664043613 1.2626507277303687 1.5326533178784287 
0.128 1.2050919801555489 2.084433800083704 1.2409094800145222 1.152557381448701 1.378739807283399 
0.129 1.0202587263295735 1.9136961924129827 1.0592655025905127 1.0343167042005579 1.2527903680654064 
0.13 0.9071032050829346 1.8219764073305313 0.9210818396615779 0.9926979535311395 1.06206563055878 
0.131 0.8391474764081479 1.70467981004182 0.8199352365546758 0.8737481178569394 0.9011349825755228 
0.132 0.8214285398753682 1.5380844838655023 0.6764349351925796 0.8145023378559237 0.7592768346562746 
0.133 0.7138588663657193 1.4068760543163203 0.5535439860605327 0.676062144627899 0.5983657571713848 
0.134 0.6259460580767848 1.2921563120933004 0.38312514101282824 0.5386115046888047 0.42768094967632664 
0.135 0.49973440622983356 1.1004220700912595 0.20671983247040482 0.41724304966813613 0.2612498836368557 
0.136 0.3805324594468976 0.9681355435213328 0.09256430096025264 0.28374707055866316 0.17290239090545068 
0.137 0.283689175705562 0.8051848570747119 0.0019038373134508957 0.1469314095494806 -3.9036685421378614e-5 
0.138 0.11162473032131012 0.6183007555276181 -0.15240334149951945 -0.024448803487209486 -0.11557139274819489 
0.139 -0.0344671214482314 0.4855238150142278 -0.2812786143872944 -0.15226230433876736 -0.23346706157350566 
0.14 -0.1804572890384039 0.3135395551109969 -0.44928030657579726 -0.3163319205199324 -0.3981087320316369 
0.14100000000000001 -0.3460565845706932 0.16939703672804254 -0.5183796920104012 -0.45858279993153495 -0.5407001219459066 
0.14200000000000002 -0.5045007231878653 0.007140875822999215 -0.6856538822683245 -0.6252612010024974 -0.6767519565725442 
0.14300000000000002 -0.6062576974682664 -0.17627927763128676 -0.7643044504898735 -0.7662001324530472 -0.8490111664855233 
0.14400000000000002 -0.766776934837943 -0.2712680723294035 -0.8644453615076364 -0.928399776360953 -0.9787103428514892 
0.145 -0.9459599195966698 -0.40045271154598333 -0.9658771682879386 -1.0364207300808672 -1.0946789703835496 
0.146 -1.1200630054447953 -0.5461514790875079 -1.0683861478956027 -1.1670376328419514 -1.2090706001443705 
0.147 -1.2469140361732687 -0.6092707822580055 -1.236677341101736 -1.287491712816768 -1.3701332182311612 
0.148 -1.336043895867391 -0.7201522495881375 -1.3792305161466518 -1.4259873820556763 -1.4842416635936715 
0.149 -1.5115860417276639 -0.8903538178486666 -1.4451909205331406 -1.5406485789123798 -1.5999169435966305 
0.15 -1.6617068133651538 -1.0083366869037325 -1.5111887934242527 -1.7119957004614008 -1.7177859317836282 
0.151 -1.8080584743187802 -1.1260036788231371 -1.6881149349058575 -1.7934136392228424 -1.8027420094706457 
0.152 -1.8825498217181704 -1.2046798765537385 -1.8015975375149698 -1.8770211653731166 -1.936579607184785 
0.153 -2.019356109625752 -1.3081698858227842 -1.9450945470635244 -1.9928036961461064 -2.0733574391215925 
0.154 -2.14870908287423 -1.4313899764756162 -2.085021928191884 -2.126087651563532 -2.141215098786585 
0.155 -2.296348960422987 -1.6009065073478517 -2.2011930291794917 -2.2093302490925755 -2.2417487550081994 
0.156 -2.3940482134108985 -1.7104528695870254 -2.351565426195945 -2.3232440774792162 -2.3932879404896643 
0.157 -2.523985031767118 -1.8246889606333117 -2.507547747106794 -2.4435795002345655 -2.505048641626518 
0.158 -2.625734227206658 -1.9573478692151443 -2.6420583896699608 -2.5748256394062308 -2.62106392693086 
0.159 -2.7694908244506156 -2.0593062290267143 -2.7853998363708783 -2.684285334637887 -2.748351957817107 
0.16 -2.930290593266811 -2.208107791228877 -2.9072033160706425 -2.802568109388961 -2.820743273602863 
0.161 -3.0341014900565795 -2.303215665550749 -2.9767899865368626 -2.9004409687795625 -2.8925606092445517 
0.162 -3.1516167274629425 -2.4510701967404427 -3.0633899063665515 -3.026482066291149 -2.993142745244619 
0.163 -3.243599784134067 -2.5591831505090186 -3.16979756577946 -3.1372893600226908 -3.0767613515227774 
0.164 -3.332013383121492 -2.665870339589508 -3.2891096165016207 -3.2539902808933068 -3.227948429696554 
0.165 -3.4331308752287217 -2.82753731768772 -3.3339823070423615 -3.324667553657161 -3.3196441694352345 
0.166 -3.4790099015499067 -2.9344624758274973 -3.4517114957263924 -3.442002150000257 -3.3817453695604454 
0.167 -3.5618900172681474 -2.9870608982067877 -3.522619624478542 -3.4745778276547274 -3.498161871183271 
0.168 -3.647797224669014 -3.0712431433557144 -3.611299885623128 -3.5697026906708413 -3.5545489724933446 
0.169 -3.7474746347339325 -3.1565194036942796 -3.695096371450967 -3.7393787160447163 -3.65508505739243 
0.17 -3.8395401110962357 -3.263940574429722 -3.755718825198772 -3.784139734650546 -3.74094729725199 
0.171 -3.8901005464351415 -3.378616062428358 -3.851284506054437 -3.831355263895681 -3.8254930323885046 
0.17200000000000001 -3.916757263017553 -3.4480669188036632 -3.8860445010355935 -3.949786441120748 -3.935091715957031 
0.17300000000000001 -3.9782244059641165 -3.5627630373565844 -3.960593914337828 -4.03918813034239 -4.002416162480386 
0.17400000000000002 -3.9938434208519356 -3.594418065280091 -3.9886874986153273 -4.068845928436448 -4.087512534866641 
0.17500000000000002 -4.009300346978802 -3.6145163220810046 -4.025929056974013 -4.094494288871761 -4.112772680673376 
0.176 -3.99274798382395 -3.629138452985061 -4.050338859783867 -4.169357405970823 -4.180677153944345 
0.177 -3.9687980565419876 -3.650817509717496 -4.096058936786343 -4.216842869915646 -4.224932878171613 
0.178 -4.012565779229196 -3.753315304873904 -4.136896667023084 -4.26601775443006 -4.238948230172151 
0.179 -3.988940714022033 -3.7209271588748267 -4.18887054822052 -4.319222310773387 -4.307198030551401 
0.18 -4.024580222482935 -3.769919284081642 -4.22601381464559 -4.298947270510779 -4.302468186384718 
0.181 -4.0909994950280675 -3.773317400826888 -4.186934971611785 -4.256825133041671 -4.332261693455696 
0.182 -4.1320737736191475 -3.7775662979235367 -4.143890141381445 -4.301707987870907 -4.361115746643521 
0.183 -4.15493160638349 -3.7640253157721455 -4.15205918055977 -4.275720803525071 -4.348410978802632 
0.184 -4.209563679293169 -3.738799347812576 -4.183820967754924 -4.338756865168802 -4.322593119057669 
0.185 -4.237871342146696 -3.69736264350956 -4.2178985972628995 -4.3248571710133 -4.266850578116036 
0.186 -4.296780126613091 -3.702723661153921 -4.241104169131361 -4.30870674263867 -4.25642791652919 
0.187 -4.344630454279111 -3.741795748505698 -4.243995763775862 -4.357206685901117 -4.278391202507971 
0.188 -4.2818318355782825 -3.7729039115866914 -4.244793263289035 -4.309436282514568 -4.270036867392048 
0.189 -4.260536141739022 -3.767688714284682 -4.226049492054699 -4.253438185168657 -4.238891305495131 
0.19 -4.25957213877255 -3.7332129565643553 -4.191598742988708 -4.221267252228522 -4.221899581796051 
0.191 -4.238443020011194 -3.704625705282727 -4.167878273971264 -4.202467835668635 -4.1776712758095 
0.192 -4.195298171625598 -3.657593757753183 -4.118505874356993 -4.164169775519465 -4.111203915193326 
0.193 -4.121832455431423 -3.5955726303645705 -4.085620748606601 -4.117639499068263 -4.08187266792589 
0.194 -4.051070689320703 -3.486985113287411 -4.070647260483806 -4.070127442696929 -3.981748534318651 
0.195 -4.021744568361272 -3.4703711222481344 -4.037421663620035 -3.989584536272058 -3.9424138045396813 
0.196 -3.9749009985693573 -3.440356879302679 -3.935780153928413 -3.951422631076559 -3.92968661893241 
0.197 -3.950219394703082 -3.4523757833031574 -3.897307093835463 -3.9279950376163946 -3.864658028005159 
0.198 -3.9467733410936012 -3.4272637394215937 -3.9108324393839125 -3.8199087562806158 -3.756798413896098 
0.199 -3.9201275035853147 -3.3635732438691006 -3.8531209139119182 -3.721766459420514 -3.6860026841919735 
0.2 -3.815661201816117 -3.3706434972177592 -3.819725562691139 -3.678605231718765 -3.6197123655507824 
0.201 -3.744843220448828 -3.3415615998934984 -3.746649831451444 -3.641532768545313 -3.521692607588892 
0.202 -3.715334740331161 -3.3220526088520694 -3.6946755886205342 -3.5494884781193763 -3.4477852170041796 
0.203 -3.6035536034323097 -3.304056679302057 -3.6029324683105406 -3.475100064057624 -3.4451902506924776 
0.20400000000000001 -3.5755689143691036 -3.2368159128405565 -3.535679061989617 -3.363348870902124 -3.3678874214775516 
0.20500000000000002 -3.4905619909571826 -3.198687143027575 -3.4977542774832435 -3.2962693543834565 -3.262569104659753 
0.20600000000000002 -3.3997241300282317 -3.080806223144625 -3.412681778163792 -3.2243246531342717 -3.149314035421152 
0.20700000000000002 -3.348969115977658 -3.022276666505414 -3.325679721415195 -3.1453341033346707 -3.043673652991229 
0.20800000000000002 -3.265881049315503 -2.9553680321149303 -3.2822043526727787 -3.0412431460095686 -2.9916349549191823 
0.209 -3.144015673059574 -2.837284193819747 -3.2378746724799488 -2.9042303846964828 -2.941223826665049 
0.21 -3.077159175823123 -2.807370802865743 -3.1198204879756 -2.857527091785087 -2.820041454040588 
0.211 -2.9769091486807158 -2.762013076976982 -3.032034280122204 -2.7812780418958276 -2.7494754169735502 
0.212 -2.8786289849980067 -2.70751997231168 -2.9409768079265772 -2.7437150286155876 -2.683303108015091 
0.213 -2.8324613947178103 -2.612806743272525 -2.8627585720536217 -2.633557844573878 -2.6232430243033513 
0.214 -2.7894619488616135 -2.5543396472344693 -2.816761551389212 -2.502506263222733 -2.541106177724691 
0.215 -2.6959686050010108 -2.4092910554077918 -2.7431106856485807 -2.481790824750063 -2.4071705786305295 
0.216 -2.639609267135729 -2.3104116422911036 -2.627842362376561 -2.407310887757138 -2.2959751214639765 
0.217 -2.5299733808878746 -2.237486175250924 -2.5206779943231368 -2.3692293087121747 -2.2513912103355924 
0.218 -2.473040949271313 -2.1301403137999224 -2.372423802759107 -2.3512812913816514 -2.184490802663719 
0.219 -2.3913354590290443 -2.0582693025851873 -2.2592708066390665 -2.2723064334850998 -2.1276618952498896 
0.22 -2.294076987644999 -1.9686810580649137 -2.227064503003875 -2.2850026290361343 -2.075036980047744 
0.221 -2.203073799124101 -1.8853458894155668 -2.1330710659579855 -2.191126360307169 -2.0319799645332064 
0.222 -2.133378608006019 -1.8430976297660189 -2.0929382166254062 -2.145120460525952 -1.9508925841773292 
0.223 -2.068974387564835 -1.8471586411307455 -2.0233476932837218 -2.0892525701284517 -1.8914464050135142 
0.224 -1.9762796893877947 -1.797063822955564 -1.9568681699479926 -1.9935872062118605 -1.7989977147539529 
0.225 -1.898823544183437 -1.7345620421311796 -1.8848035535352796 -1.8923757337632605 -1.6945922168028942 
0.226 -1.8295035412789902 -1.6493324815714476 -1.83798462051058 -1.83333108837356 -1.6600902682247989 
0.227 -1.762928391929606 -1.613414851274956 -1.836997188462728 -1.8087848530370287 -1.6237440011684976 
0.228 -1.7017974650057484 -1.5189272028878797 -1.7726759459036223 -1.7220719894779877 -1.5516682480426185 
0.229 -1.6872042186282448 -1.3979079573267548 -1.7525457982547843 -1.7060331447430204 -1.475945050566636 
0.23 -1.6361907144958618 -1.29640382323108 -1.6746687414200423 -1.6772740447734598 -1.4190447866948075 
0.231 -1.6094930123145588 -1.2672309176406829 -1.6057031350736213 -1.6372405340806742 -1.3187850500365903 
0.232 -1.550307901139162 -1.2293201628647383 -1.5569526461007828 -1.5993882470585918 -1.2277088436101138 
0.233 -1.5240725730558375 -1.1765354702616948 -1.4526884720478042 -1.5673356176199549 -1.1527950060275591 
0.234 -1.5195736339453378 -1.1220134784249765 -1.4203428641134928 -1.5095106796038689 -1.1713396354451784 
0.23500000000000001 -1.485927070848358 -1.097938392222357 -1.366408664954459 -1.4883703154446506 -1.1641886764756517 
0.23600000000000002 -1.4343723543169815 -1.037375986528449 -1.345835321161791 -1.3850555429955982 -1.1174685539565734 
0.23700000000000002 -1.4183806954983726 -0.9511269030364252 -1.3159652091434018 -1.3369227411138316 -1.1194961631579772 
0.23800000000000002 -1.4102574550139442 -0.9577418372189331 -1.2355742688140774 -1.3029426683205136 -1.0849165745072495 
0.23900000000000002 -1.3713828789226779 -0.9506598866346635 -1.2389852993967345 -1.307470137900283 -1.0523464435403986 
0.24 -1.303163354515593 -0.9320252366325112 -1.1525935940377163 -1.2114291992632984 -1.03847600220425 
0.241 -1.2840179602383088 -0.8734891678944929 -1.1881304031275914 -1.1242250656149766 -0.9896442802972507 
0.242 -1.2442350001001439 -0.8327355478149896 -1.1832719708341424 -1.0918618956894848 -0.9718475251404419 
0.243 -1.211450117056401 -0.7966663802183818 -1.2179160330509582 -1.0829896462952617 -0.9162619781725952 
0.244 -1.1750477110119726 -0.766685056669519 -1.1707905983505205 -1.0347931120112317 -0.874408238121881 
0.245 -1.1180932819690321 -0.7380917961839718 -1.1435456785244316 -0.9911721518402876 -0.8379147376775504 
0.246 -1.107576609883509 -0.7330602701531992 -1.104250303068571 -0.9319719171347315 -0.8280802945692737 
0.247 -1.1294189837093458 -0.6972564502614649 -1.083128610014765 -0.8836846056825736 -0.84160582802874 
0.248 -1.094641597715911 -0.7116757652770108 -1.053286683675204 -0.8964598843035589 -0.8388880491584938 
0.249 -1.0945802397627142 -0.6891754323467126 -1.0187456255681142 -0.9087931986672988 -0.7971677995159261 
0.25 -1.0994492791547241 -0.6372732773629302 -0.9650398309246591 -0.9555196451583194 -0.751471866857402 
0.251 -1.108720201355597 -0.5831459154023595 -0.906849440474111 -0.9399917750248861 -0.7632073002932604 
0.252 -1.0854138732615728 -0.5620798967951406 -0.9189285691841285 -0.8878914230683861 -0.7413067477262214 
0.253 -1.072858636759355 -0.5948870465547392 -0.8760325491114853 -0.8362752241492066 -0.7356416232146429 
0.254 -1.0632504458967136 -0.6258737631981205 -0.8595147164589129 -0.8214555751202388 -0.7069391516975353 
0.255 -1.1102625800629924 -0.6005849514149462 -0.8503841827794477 -0.7835460155166349 -0.7181351193400247 
0.256 -1.1210098696624688 -0.6192643230977061 -0.874611278927487 -0.8232223069336774 -0.6484014986700819 
0.257 -1.183479188192302 -0.6121002431148349 -0.8374148922266371 -0.8074713384127921 -0.612469101873809 
0.258 -1.172610643015187 -0.5956552558449003 -0.7921461217567699 -0.8175650503085845 -0.5645555667837572 
0.259 -1.1080456043925533 -0.5886591742233591 -0.7572614306731565 -0.7832673439594129 -0.6044966083903887 
0.26 -1.1203206936483374 -0.5679346416419239 -0.7615677960478174 -0.713398387313235 -0.5568298579374781 
0.261 -1.084496449790694 -0.5798995372678786 -0.7490532962300394 -0.7210481737905405 -0.5547817380155607 
0.262 -1.0021720981734268 -0.5968435986355319 -0.7327971857439217 -0.746969342155369 -0.5801261197828587 
0.263 -0.9748617168233626 -0.5774361797368688 -0.7894779768547265 -0.6910713300257846 -0.5235255612324582 
0.264 -0.9691035316421175 -0.6195226192807556 -0.8257591379230305 -0.6240314321875332 -0.5123043080834049 
0.265 -0.9497053088019904 -0.6195379344153327 -0.8083367596017295 -0.6111329745604208 -0.4920740955414605 
0.266 -0.9685745299283244 -0.6074257737313083 -0.8036480445781765 -0.5592820513262938 -0.49123610981534843 
0.267 -0.9268733982387832 -0.6378197110494758 -0.8227706020241194 -0.5407718135789105 -0.5108206886774329 
0.268 -0.8776413330245905 -0.6216620822771654 -0.8348174948060565 -0.5215845431690469 -0.5004361386174088 
0.269 -0.8625584013126466 -0.6231013450470158 -0.8819719796423489 -0.5279570484329221 -0.4574521960607412 
0.27 -0.8673095722413569 -0.608695609957752 -0.8441586819149375 -0.5025277326613725 -0.46688485639832294 
0.271 -0.8469106283817425 -0.6107540986923101 -0.8540016166468535 -0.5201958126520974 -0.4782930812009944 
0.272 -0.8776297323777846 -0.5448702203557003 -0.8878743179150808 -0.5152511858645445 -0.5113506066498186 
0.273 -0.8945463936249902 -0.5663707964407269 -0.9151259106050084 -0.5066677565255389 -0.6006870671589593 
0.274 -0.921359066094346 -0.576495057897874 -0.9316287995548427 -0.5642562613971942 -0.6524743513625835 
0.275 -0.9223554085589608 -0.5988827874775797 -0.9432697479107057 -0.5762032946823146 -0.6741502020428741 
0.276 -0.9278532916659893 -0.6165888968150637 -0.9739567251088905 -0.6132628247671768 -0.690840666896553 
0.277 -0.923065735081035 -0.6954724591411617 -0.9844123769673347 -0.6066784825102911 -0.6269241770656042 
0.278 -0.9185896485584255 -0.7380727554426738 -0.9980959698486445 -0.66906146826242 -0.5990842422387928 
0.279 -0.9269575274041721 -0.7374298042810858 -1.0364409650168347 -0.6497623876123071 -0.594135609365233 
0.28 -0.9597868808527161 -0.7607290883485416 -1.0785708931268285 -0.6985084029516655 -0.6481994081653041 
0.281 -0.9556413999859518 -0.7571656485441609 -1.1356256314510995 -0.7803797377271454 -0.6439844067511253 
0.28200000000000003 -0.9668496886017205 -0.7304564537925566 -1.1626747440183978 -0.828844717581352 -0.6738025537768144 
0.28300000000000003 -0.9783381112751681 -0.7480933682698137 -1.1630404313324298 -0.7871780794542812 -0.7314189566521554 
0.28400000000000003 -0.9713576045237573 -0.7976397686896446 -1.1656044370153764 -0.751770245759214 -0.7091925228945782 
0.28500000000000003 -0.9989793784023907 -0.7990011891170202 -1.18638710883344 -0.7540683875404861 -0.7397452124205819 
0.28600000000000003 -1.0429329127052758 -0.772210184108985 -1.2246168454268869 -0.7748198687840311 -0.7648863197683764 
0.28700000000000003 -1.0424177277402737 -0.777585181840204 -1.2082668735913054 -0.7750794078624689 -0.811187819658212 
0.28800000000000003 -1.0445672686205567 -0.8041827446677722 -1.195595788174254 -0.8055761879514645 -0.7855094534753062 
0.289 -1.0875226981126536 -0.8618519380063093 -1.2183968166109471 -0.7787760053039795 -0.8016550213203957 
0.29 -1.104164039559575 -0.8926272371952617 -1.2541336394083176 -0.7980744848638988 -0.8862329041397548 
0.291 -1.0824080744060816 -0.947319634762491 -1.2542693797192883 -0.8095647621887457 -0.87956256051566 
0.292 -1.1202913907500924 -0.9446247874190037 -1.2765134618370653 -0.837818949044658 -0.8671970232493597 
0.293 -1.165142501392129 -1.0003754211097495 -1.2940820190573592 -0.879085736797733 -0.8667297351654555 
0.294 -1.2060178946656233 -0.9678614741577464 -1.3425071300396294 -0.9469032315268617 -0.893062242788213 
0.295 -1.2467084135753521 -0.9829194372663742 -1.3483043620501376 -0.952713131201734 -1.0100161508602536 
0.296 -1.271859795801069 -1.0632363130233433 -1.3140841160379997 -0.9974077967357652 -1.0508340290617666 
0.297 -1.3137842395652957 -1.0828055616895043 -1.3242792276861095 -1.0409358185381896 -1.0849250364054448 
0.298 -1.3033376077574756 -1.103063675687898 -1.3511650367480337 -1.0429188412053723 -1.108044624821324 
0.299 -1.351670345321934 -1.1537817067537568 -1.3445935837611849 -1.1147353161156288 -1.1417840671367225 
0.3 -1.402991465537572 -1.1451102216548055 -1.3677952687858166 -1.161070749440569 -1.1112856094029242 
0.301 -1.5017949376181985 -1.1854943410225918 -1.4394915545327263 -1.1839302607405546 -1.1545102968497651 
0.302 -1.5745593278902146 -1.2667521092508496 -1.5320913630863118 -1.2206467085540722 -1.222897070818213 
0.303 -1.6094143110725196 -1.2941014280299632 -1.4871461117257079 -1.2372460082147045 -1.2603296637089962 
0.304 -1.6139659386851424 -1.3156058747436052 -1.53966833131284 -1.255237402679005 -1.2856882450217761 
0.305 -1.6525413249212364 -1.322327042927994 -1.6318267016355896 -1.258752770335387 -1.310731166553082 
0.306 -1.69149865339224 -1.3314188877005102 -1.629988533662305 -1.3475276692224 -1.3425241442701856 
0.307 -1.7715467405454421 -1.3778141434081317 -1.6110008721516635 -1.378414048387473 -1.3830820458249855 
0.308 -1.74927498674569 -1.3784673361571949 -1.6579045653485633 -1.4147372557153772 -1.4265532829185146 
0.309 -1.760338278987558 -1.4286697325542943 -1.7127961768016693 -1.4008192444587981 -1.4564950316566618 
0.31 -1.8206234993405346 -1.484784892437846 -1.713782422168248 -1.4354296407545006 -1.5145030141922027 
0.311 -1.8328236666534155 -1.4786126668315112 -1.7653452378756431 -1.5436512513609588 -1.5511133658771241 
0.312 -1.8903819541942477 -1.4557348016935638 -1.8220156437003745 -1.58218292489057 -1.5911735902153494 
0.313 -1.9639030161059818 -1.5189541603053072 -1.8442340869819605 -1.5947350807685894 -1.671515720650892 
0.314 -2.029072275197488 -1.5575257163553429 -1.8955362876149795 -1.6751755907835566 -1.7688927185736076 
0.315 -2.0632403881227637 -1.6428116706322111 -1.9483668817218966 -1.778035944588949 -1.8142828217590106 
0.316 -2.1667638227358212 -1.7420077314484737 -2.023442783475091 -1.7854373863514559 -1.9062425469569422 
0.317 -2.214577575677259 -1.7909231134718415 -2.089026155482885 -1.8056542033170149 -1.9775480926366888 
0.318 -2.2712441018049234 -1.8276506390438958 -2.1247822919011736 -1.8604683928592194 -2.0157168736852595 
0.319 -2.2984366324509846 -1.9261234596693928 -2.0999358731604323 -1.9003117608371383 -2.0472838720735753 
0.32 -2.331916151240894 -1.9916555251061663 -2.1628803672727392 -1.920438704602206 -2.130642694716869 
0.321 -2.3962845389187213 -2.070205381318104 -2.222233107967753 -1.9722231275562225 -2.1860570994412103 
0.322 -2.377146911578991 -2.1017064887832637 -2.2565326158724677 -2.076932964670016 -2.2123352264257683 
0.323 -2.4022723635584327 -2.150332938892257 -2.2445543682064155 -2.0846617518807653 -2.268245672512534 
0.324 -2.4115545645517016 -2.1947243003420818 -2.2296139646585207 -2.12483338104865 -2.3191133718518904 
0.325 -2.47301987622357 -2.2435009034198217 -2.2792661786410524 -2.19953764634878 -2.3672052546395856 
0.326 -2.4852004078639025 -2.312655955508214 -2.3415141644724176 -2.2735912595338172 -2.3973360702400064 
0.327 -2.480495066048359 -2.4450616563909326 -2.3889443467304554 -2.31374646736118 -2.5020373906493956 
0.328 -2.47038751687273 -2.482688008610275 -2.4353045726038265 -2.3692636787628443 -2.578819830975198 
0.329 -2.4402498743570575 -2.4982070416236763 -2.4528617460845314 -2.470039735298417 -2.6161896920579872 
0.33 -2.4694111879766636 -2.4996316868169006 -2.4814026996828846 -2.5514402712809168 -2.6896757621614826 
0.331 -2.4580475345558406 -2.5210823955441484 -2.517273162376673 -2.6092587988336615 -2.6777397148848445 
0.332 -2.5839511322427873 -2.50563957763143 -2.590250892853907 -2.5969745023785387 -2.7413519240543094 
0.333 -2.666416240120679 -2.5209983475588276 -2.6957541367022846 -2.6785290983145975 -2.788469410025991 
0.334 -2.7194533127479987 -2.620469436150644 -2.780096548535686 -2.766835518258424 -2.8545253503302197 
0.335 -2.7982707792644845 -2.679400542680692 -2.8345048716491874 -2.8362263294862986 -2.928183686400108 
0.336 -2.837716784571865 -2.69651010809036 -2.872967671109324 -2.862106362137002 -2.997142937744732 
0.337 -2.8787774210051684 -2.747844122233564 -2.958292976267263 -2.927380253184393 -3.0564510539972236 
0.338 -2.9207240334781117 -2.818927240402796 -2.983633784134567 -2.9831206482759502 -3.077171505644683 
0.339 -2.9800905933033714 -2.8684595471740293 -3.012952861486753 -3.040446239409054 -3.1039888816554306 
0.34 -3.007436645067564 -2.8895296970244133 -3.076332529759127 -3.074475831735771 -3.114219622985524 
0.341 -3.039818915988378 -2.9960032136772803 -3.1147830101988756 -3.0997546434256678 -3.157318059552604 
0.342 -3.059446967446915 -2.9981342498796977 -3.1406193300202117 -3.0783807207744203 -3.2036431255755025 
0.343 -3.0604290919505996 -3.0114847458918326 -3.17471598143528 -3.1153107991423767 -3.288642864024131 
0.34400000000000003 -3.1578691112812534 -3.016413912212729 -3.194044509664305 -3.1403272706531666 -3.3382881995912275 
0.34500000000000003 -3.1747720511084423 -3.106896238220154 -3.2991222243014358 -3.233493013041761 -3.3740654676944075 
0.34600000000000003 -3.2163209615657076 -3.216010428771104 -3.3320655384874205 -3.275086524167141 -3.4196421117323994 
0.34700000000000003 -3.233716495740629 -3.2902527705491313 -3.3981406036211994 -3.310112687024426 -3.4716658432211425 
0.34800000000000003 -3.2730403540483626 -3.349790910296758 -3.4959129859358717 -3.377753583919675 -3.5099189694946404 
0.34900000000000003 -3.318681916776554 -3.400816098471451 -3.509476207543186 -3.453880186604822 -3.526937702334104 
0.35000000000000003 -3.3882698416235915 -3.445890409291927 -3.584482228009774 -3.4968341574054476 -3.5968277112598885 
0.35100000000000003 -3.447681403765893 -3.481335274253574 -3.622533564689916 -3.5653444614937864 -3.6309499841382475 
0.352 -3.4819787350524316 -3.557254691380178 -3.6719123880387334 -3.589211324602156 -3.7027768861128707 
0.353 -3.5331575835140927 -3.617444603767856 -3.7242908692980987 -3.66112506067944 -3.769189307485247 
0.354 -3.61078140036668 -3.6651015479933986 -3.764918821205223 -3.696620338278841 -3.818336257025136 
0.355 -3.654106007376805 -3.669597362068585 -3.8051278740002155 -3.7285696763567855 -3.868615629168083 
0.356 -3.7769500517483667 -3.765116521458524 -3.86255977449723 -3.8108284457933554 -3.9421209714955974 
0.357 -3.835918622162104 -3.8266730709102443 -3.911810493045793 -3.8975214025143066 -3.999225745805663 
0.358 -3.9213780805692457 -3.9119473809298757 -3.9402279445393313 -3.963439583751907 -4.090663755424661 
0.359 -3.9843542382130006 -3.9306005231436894 -3.999643663611762 -3.973373768020237 -4.138456913719175 
0.36 -3.9872942096117345 -4.077242660347097 -4.062395733746906 -4.0495702908889495 -4.186774073944007 
0.361 -4.056333353840234 -4.121193905349223 -4.1110617131957685 -4.120797549741707 -4.283534599251466 
0.362 -4.067790333853909 -4.206637456374336 -4.192387273672569 -4.207354907419603 -4.340226552867503 
0.363 -4.079593454346558 -4.32363048689293 -4.21568181168675 -4.263572884360137 -4.408145698192346 
0.364 -4.165146526501012 -4.352340134981267 -4.304608979542717 -4.27298891300314 -4.451352829293414 
0.365 -4.240744904891686 -4.332619106128926 -4.3048875456684765 -4.251869462885187 -4.484168387110648 
0.366 -4.288046259699225 -4.385407900391489 -4.38088038725769 -4.314586819015533 -4.591004266866263 
0.367 -4.300546472388016 -4.37298947109605 -4.413248423662573 -4.368180239075076 -4.626783743316313 
0.368 -4.343508594981638 -4.472947699696669 -4.509856207700095 -4.36662610592056 -4.731340779094928 
0.369 -4.306510255834146 -4.5383066769663225 -4.592161422985488 -4.4127088482648 -4.7960422675330845 
0.37 -4.402719163665455 -4.516210199008865 -4.609387831184824 -4.466698364081683 -4.853175894388841 
0.371 -4.445781619457253 -4.627734742917304 -4.648915721728212 -4.521516175950338 -4.895260867634001 
0.372 -4.51734149248088 -4.666093109352259 -4.7769979112022725 -4.587584935011835 -4.883603581762019 
0.373 -4.606344362299912 -4.682452013723323 -4.797674196033638 -4.649616767758115 -4.889793773286618 
0.374 -4.716948881033668 -4.741161290893646 -4.840080330809122 -4.742543277126085 -4.934938500292165 
0.375 -4.788273065901089 -4.7882169561379815 -4.926164506622333 -4.822194184603297 -4.96088604007194 
0.376 -4.781695396334182 -4.842359418364311 -4.992569567888444 -4.883600254940934 -4.986363535592216 
0.377 -4.807702659260117 -4.889639342504795 -5.022855290089308 -4.949856020286571 -5.0169769790252365 
0.378 -4.834188047842586 -4.903195610039038 -5.095655190566207 -5.026318316605239 -5.100529946193948 
0.379 -4.881118063777049 -5.002909471877594 -5.172402315446164 -5.078604711244312 -5.136531643768472 
0.38 -4.965341844394346 -5.006347701559706 -5.221570510422401 -5.1265143107527775 -5.172758103786119 
0.381 -5.04061218241219 -5.124733583548317 -5.304620390965259 -5.187539143129829 -5.197854316926725 
0.382 -5.077709234873095 -5.181618383496929 -5.310635117759699 -5.259218893705802 -5.267779391877108 
0.383 -5.190446171547802 -5.192808179127486 -5.359634838425985 -5.417968393058906 -5.332636212863863 
0.384 -5.315014727938307 -5.267248568868799 -5.410343579067262 -5.421188188922867 -5.398694600516792 
0.385 -5.400261978613162 -5.277765989324384 -5.460973953468248 -5.507593429638174 -5.391719890782377 
0.386 -5.416837868092357 -5.374709570759949 -5.5071136705238715 -5.610101611125478 -5.424735569481552 
0.387 -5.4880522317662805 -5.446026077369484 -5.529947662281284 -5.63317095816752 -5.472912385465855 
0.388 -5.597374823057152 -5.546741831932927 -5.574291968463126 -5.690172394386819 -5.507530715473304 
0.389 -5.680368142101947 -5.61548443186709 -5.627783028645489 -5.711298862209591 -5.539924475235069 
0.39 -5.712603265080787 -5.616508218874079 -5.635250099003457 -5.745787910043882 -5.591994577074887 
0.391 -5.702535273522231 -5.673693331323619 -5.72282424506425 -5.780291667728088 -5.682759854112557 
0.392 -5.79712232078311 -5.730380651446307 -5.718124876387897 -5.868579568074721 -5.761958770690357 
0.393 -5.805844531055258 -5.727487676995011 -5.708289331445133 -5.876377760911928 -5.787265389763866 
0.394 -5.821703896786732 -5.7658694355059135 -5.79276192783257 -5.911998002548608 -5.841283315857253 
0.395 -5.916826986701091 -5.821224645841294 -5.817038589106029 -5.958833500774692 -5.831995980383336 
0.396 -5.887801338730032 -5.8596521245466064 -5.801518091297394 -6.027142602389192 -5.893938488694113 
0.397 -5.953216541020061 -5.920580173493273 -5.857486676360269 -6.086647607766427 -5.950950884356834 
0.398 -5.980824682990735 -6.004621472716393 -5.92174206290798 -6.126931838292729 -6.04049852604091 
0.399 -6.0409668152312355 -6.096878546089353 -5.977522705015906 -6.232376509801096 -6.043974957880721 
0.4 -6.059253291308099 -6.071482243230067 -6.021762640249747 -6.272836827602721 -6.06489064421251 
0.401 -6.104317051676712 -6.14584151875996 -6.073973093431823 -6.316077531809 -6.091204145002211 
0.402 -6.142825316307371 -6.209355164103639 -6.085986867485012 -6.32787794635913 -6.199924515629126 
0.403 -6.188016808396724 -6.242193499141676 -6.082230717185305 -6.392600476384431 -6.240043609677219 
0.404 -6.201476037265321 -6.286555385397636 -6.119119315084155 -6.439266892809008 -6.272343211058186 
0.405 -6.257493761963334 -6.306081618080557 -6.162770622861895 -6.4997721105273305 -6.302367563480405 
0.406 -6.326835196991883 -6.3563508407444 -6.183350080333486 -6.561482319089976 -6.33242735220872 
0.40700000000000003 -6.329994011752127 -6.357710102863034 -6.245354584373326 -6.634112993647204 -6.388822388178249 
0.40800000000000003 -6.3289947579186965 -6.4001031858311315 -6.263456123097599 -6.633973843262174 -6.433414857120305 
0.40900000000000003 -6.339995236319224 -6.421465403264473 -6.316113869656677 -6.658612375861764 -6.4223908167044135 
0.41000000000000003 -6.378272908662576 -6.423302348356174 -6.4033821759866285 -6.677248857121496 -6.488895069089026 
0.41100000000000003 -6.4528376451981275 -6.500543826533869 -6.436186240555964 -6.71684438660414 -6.520466954491068 
0.41200000000000003 -6.5437276359495185 -6.526555448398397 -6.477239468735915 -6.785756927570173 -6.4943750135364695 
0.41300000000000003 -6.5468450820353405 -6.554175606064265 -6.522214078318144 -6.809202012431797 -6.4735254905757476 
0.41400000000000003 -6.627014614680135 -6.5748149094627175 -6.554526312433029 -6.870642718036396 -6.526806241917666 
0.41500000000000004 -6.6940336394774755 -6.628475058000603 -6.56596020541676 -6.87073262738331 -6.532931344870905 
0.41600000000000004 -6.792630422799243 -6.639981770963551 -6.616887329315515 -6.855311015719922 -6.5484722964515045 
0.417 -6.852403836055131 -6.661790164720219 -6.594118573024453 -6.905707984704799 -6.57127953188593 
0.418 -6.920399303006508 -6.711751743091605 -6.629514733444626 -6.977520301465783 -6.612716733338199 
0.419 -6.954557961526888 -6.776288018276471 -6.680109064893007 -6.9906095684023075 -6.634074907159901 
0.42 -7.001619839882701 -6.767547509484709 -6.743474054600226 -7.037269346028471 -6.658931643735117 
0.421 -7.009525671287964 -6.875971331723158 -6.732579468216124 -7.083067344587354 -6.617875282224346 
0.422 -7.044988625621829 -6.959731096339612 -6.722897708693197 -7.077422478627436 -6.675342884991738 
0.423 -7.067908396153857 -6.99560768584577 -6.757638061168004 -7.10612834679563 -6.6987709171466046 
0.424 -7.1080619260993645 -6.9863400124375215 -6.798237792237848 -7.122167658647289 -6.6963166409938335 
0.425 -7.172432243783175 -6.9827497456931 -6.796538894993654 -7.131040080161845 -6.695491101633626 
0.426 -7.144768428420872 -7.07700510788237 -6.879131616107485 -7.093075037699339 -6.636392506072935 
0.427 -7.118906090014176 -7.061898960910659 -6.883833313127949 -7.118948415696515 -6.68359645487176 
0.428 -7.056507002957401 -7.125862380025035 -7.000940330347219 -7.12694282067838 -6.735500695603707 
0.429 -7.071909697433997 -7.133700884843134 -7.021482120893699 -7.192101183205908 -6.7576287717434536 
0.43 -7.084208682724604 -7.1420247359636715 -7.035377057803088 -7.190449776126941 -6.770778135113656 
0.431 -7.099482125851694 -7.157509438148861 -7.058343118786748 -7.22138957599789 -6.847232038252693 
0.432 -7.124179200773117 -7.242322208521828 -7.107747270877551 -7.206865193988445 -6.877824828932868 
0.433 -7.1477734149458465 -7.306078635825665 -7.170233446098106 -7.247005420265796 -6.915158432441052 
0.434 -7.159861629008918 -7.34439346280767 -7.248037298967378 -7.3167294247254535 -6.977869916208901 
0.435 -7.17867396246088 -7.3446573907594725 -7.294550569181858 -7.353880851865809 -6.96266865726992 
0.436 -7.1849496825042225 -7.3597515224475165 -7.288649814876006 -7.363009005788308 -6.97625171715534 
0.437 -7.201006154931409 -7.346531575080746 -7.322083152514984 -7.338070238877349 -7.020784609712404 
0.438 -7.225827888156377 -7.404232008572214 -7.4266772214634065 -7.298241826892149 -7.006695975511439 
0.439 -7.278539365763715 -7.414852440525021 -7.5181306504466985 -7.241492507315706 -7.0299422311622 
0.44 -7.3012245252442565 -7.409841857753909 -7.548072742478372 -7.226665651785447 -7.005729004125207 
0.441 -7.34096856710671 -7.386954116112095 -7.5634237154898365 -7.2748347935270585 -7.085162467669695 
0.442 -7.367841178664772 -7.369162478176122 -7.57569059080319 -7.311546012798702 -7.155532458229037 
0.443 -7.41087827527336 -7.380636317940544 -7.529386787877397 -7.3501415367527825 -7.211299505344631 
0.444 -7.397478413662151 -7.361831196167656 -7.599555729304416 -7.359009084306661 -7.253828516754901 
0.445 -7.455989722132525 -7.393793947075714 -7.579211626288271 -7.393362445708431 -7.235564881153973 
0.446 -7.409534431807785 -7.4167063487803295 -7.609129135836677 -7.38402405959718 -7.242673274352556 
0.447 -7.455173537892099 -7.42530347802441 -7.593920184408312 -7.368986211330661 -7.248344649640006 
0.448 -7.479503798002556 -7.451109621737307 -7.6154469308316965 -7.380197757675666 -7.289136301878848 
0.449 -7.47059546127235 -7.458217610656011 -7.618824096127854 -7.375146672445105 -7.26296126911343 
0.45 -7.452262110370863 -7.457351730590833 -7.612032489224682 -7.368863400583051 -7.297729629593103 
0.451 -7.500532937441633 -7.428515111598379 -7.565351640163034 -7.414644576901515 -7.333300518692453 
0.452 -7.467345747234983 -7.430770836080685 -7.558907784219777 -7.446725277490394 -7.33946210787583 
0.453 -7.492817728689999 -7.463998060433319 -7.54668233833574 -7.444334549142132 -7.325086894473305 
0.454 -7.498916406457862 -7.46081108257976 -7.572232729528256 -7.438784449771566 -7.325973897409756 
0.455 -7.512581726120047 -7.406872427840919 -7.583750828459216 -7.4288994071323184 -7.402891480865604 
0.456 -7.532875801730368 -7.395981737832663 -7.53521778347996 -7.362519130093743 -7.442017737322025 
0.457 -7.553326210024843 -7.401903872005448 -7.489973063095298 -7.369680135863964 -7.414763047742871 
0.458 -7.613187187557746 -7.392052241190426 -7.483361973700905 -7.382276275915007 -7.366717712084058 
0.459 -7.605809397189381 -7.436904746444254 -7.543880685190708 -7.362823341753605 -7.371194519110042 
0.46 -7.587155913362844 -7.408848715592851 -7.572222969526466 -7.329784220283797 -7.370316353866721 
0.461 -7.553345906290078 -7.430926846772657 -7.542417097637698 -7.334961884803117 -7.3714864110111655 
0.462 -7.56551992345288 -7.40550310402161 -7.508139216676526 -7.341255250243691 -7.389257226132045 
0.463 -7.588820664300624 -7.384856421960485 -7.483232805559262 -7.361795988973263 -7.358998740385432 
0.464 -7.556035598380092 -7.291798531630992 -7.498828953831173 -7.380502861132022 -7.371631059020276 
0.465 -7.577358271230371 -7.331568721866645 -7.554271132538519 -7.3750456942629254 -7.3305438939329255 
0.466 -7.56776527429787 -7.304838489341594 -7.526466834202827 -7.34906874069558 -7.3858513572448805 
0.467 -7.561956597795527 -7.297512618986553 -7.4530359585455574 -7.349849245051008 -7.3856851636202085 
0.468 -7.534795614372903 -7.345405577385862 -7.414955142459766 -7.318045373200871 -7.333873724548936 
0.46900000000000003 -7.488406541849631 -7.2701027852078335 -7.4286488749255755 -7.306695046513168 -7.29842943370533 
0.47000000000000003 -7.463886574403643 -7.28451629529971 -7.393231671596426 -7.258550995989993 -7.2254005694135515 
0.47100000000000003 -7.434508422226519 -7.233162730172139 -7.345146576259889 -7.154542278803284 -7.197773340078471 
0.47200000000000003 -7.445121552945677 -7.203055158939901 -7.302738490578549 -7.075384305411765 -7.153245981667879 
0.47300000000000003 -7.4758061527163795 -7.232817574432872 -7.333379384453202 -7.043711554715523 -7.12774706735815 
0.47400000000000003 -7.430575477133589 -7.245324032678829 -7.2699539630538625 -7.028844192502785 -7.108524698742105 
0.47500000000000003 -7.326084984357253 -7.149770541056307 -7.227108272407534 -6.98586409984595 -7.087429153446954 
0.47600000000000003 -7.289359535949146 -7.155397293065562 -7.203229920691911 -6.952787332117806 -7.026951267134561 
0.47700000000000004 -7.274719291145813 -7.141046112900176 -7.160455915831823 -6.895412575797486 -6.990273042653983 
0.47800000000000004 -7.212279776366041 -7.0884295565158295 -7.183952173598258 -6.822243960608362 -6.967839613586039 
0.47900000000000004 -7.154397500015871 -7.055363390060672 -7.150692704278961 -6.786761141101395 -6.918821228289134 
0.48 -7.067620632966063 -7.005097168345718 -7.04560174899439 -6.731310885876609 -6.887380357774929 
0.481 -7.053087553480353 -6.959100536737183 -6.959845425368233 -6.735509893338033 -6.830171336581379 
0.482 -7.016724769939304 -6.856974219380831 -6.8958884137370395 -6.733761428980286 -6.794606529856458 
0.483 -6.988227937784837 -6.83511817132531 -6.843510793204007 -6.68149991821605 -6.766910354175001 
0.484 -6.91926896232517 -6.827457805859635 -6.819434787795469 -6.699096305358913 -6.745051628563921 
0.485 -6.857052810426654 -6.742821408719999 -6.811105796503987 -6.647557021843211 -6.671340214833819 
0.486 -6.842446189531787 -6.673956556763515 -6.761877005041321 -6.6420943684350116 -6.617264290886041 
0.487 -6.785567736648121 -6.673973544961519 -6.661961140245331 -6.590370885587848 -6.562719720804584 
0.488 -6.742232855553238 -6.584277717676963 -6.601728760178743 -6.553096447283601 -6.532438875164718 
0.489 -6.749757451183462 -6.483338485647347 -6.548814267938514 -6.554514981327472 -6.517993632812565 
0.49 -6.690911466664963 -6.445728436286369 -6.578363087205262 -6.516021810533786 -6.466156998130417 
0.491 -6.619991504005124 -6.389643599059267 -6.449551288054744 -6.468047640678104 -6.403551564336875 
0.492 -6.58924460166792 -6.355855689252287 -6.436378149817785 -6.414861610859923 -6.326715735919521 
0.493 -6.500670178496598 -6.293740121398273 -6.400414092395929 -6.4028046168427 -6.236582075258382 
0.494 -6.444786823161788 -6.221038123174375 -6.36600646098172 -6.366044742493955 -6.1582926715230855 
0.495 -6.378832858726649 -6.1575950452303045 -6.366370328595157 -6.299004224329633 -6.052804874938766 
0.496 -6.32578084983994 -6.071712044172218 -6.353576436698474 -6.226602801210886 -5.962669919273401 
0.497 -6.3041021928525725 -6.036002396341233 -6.308720816792919 -6.155231217372342 -5.8786841795885785 
0.498 -6.235085211489699 -5.983928021810616 -6.231570360264387 -6.1593596830842365 -5.738428414466626 
0.499 -6.232979120690332 -5.938012221435622 -6.230918870673635 -6.107388189853723 -5.642211172775044 
