0.0 -4.8197176367973343e-17 3.4426554548552387e-18 1.0327966364565716e-16 2.3410057093015624e-16 -8.262373091652572e-17 
0.001 -0.24755503631229195 -0.3515392377582917 -0.26339705224518406 -0.3091660237036902 -0.19414419824571943 
0.002 -0.414912863546247 -0.7103213341833573 -0.48215363723692906 -0.6854413026087524 -0.3912505492503703 
0.003 -0.6041448351524685 -0.9793936461521341 -0.672457475379025 -1.012682767354885 -0.6132200308879415 
0.004 -0.7773122416946907 -1.2533872137695372 -0.9038501187798922 -1.3293020811144023 -0.8424267069191105 
0.005 -0.9683259098301942 -1.5557417432815543 -1.061643225190263 -1.6768821943841599 -0.9920150153332093 
0.006 -1.1178698713152302 -1.7959448755702974 -1.2518621586937853 -1.928426145836476 -1.1406874192019905 
0.007 -1.2634800258402694 -2.0203704152269113 -1.392542710669058 -2.1964374727182916 -1.3035113320334022 
0.008 -1.41727153163941 -2.2996768379781365 -1.5460914615449592 -2.447096103172153 -1.448916247107074 
0.009000000000000001 -1.6156125496507912 -2.558635047470149 -1.6719513551618297 -2.7909421645571966 -1.5417424701955578 
0.01 -1.6976249234463034 -2.771518060399745 -1.8263367730116535 -3.0483294096498934 -1.6256905751553161 
0.011 -1.7769755186779164 -2.9579457466064807 -1.9561759787062694 -3.2934958054661343 -1.7340413584685876 
0.012 -1.876600618672094 -3.0822140908827946 -2.0931963174700314 -3.4839409125202785 -1.9001136722236227 
0.013000000000000001 -1.9928370381551672 -3.1972329562630377 -2.1961673342737202 -3.666831024751333 -2.0145560204163377 
0.014 -2.0822222475064542 -3.3646828183330655 -2.2629321862290945 -3.8137889768402746 -2.117821070695864 
0.015 -2.176524327148077 -3.498353850480722 -2.401601031277331 -3.928819914084435 -2.1728280754835962 
0.016 -2.303417855913839 -3.5541428475609655 -2.4838295536568307 -4.116754869077678 -2.2209099576686016 
0.017 -2.380713370959886 -3.656273453406651 -2.5347643183267916 -4.241450690509034 -2.346696951024126 
0.018000000000000002 -2.40385223908644 -3.7088763734086325 -2.5596729394787383 -4.336577290654889 -2.3830854738234692 
0.019 -2.464774719311191 -3.808464592584556 -2.6203838509945507 -4.437866525388834 -2.468396011480261 
0.02 -2.5148913608653896 -3.9212552195216057 -2.738773399334536 -4.548412412981111 -2.546406793904999 
0.021 -2.5370398426841785 -3.939823634855545 -2.775771001038476 -4.630610543720662 -2.6102854584553588 
0.022 -2.5420461801035463 -3.964598694550394 -2.8322842698606294 -4.669126390961728 -2.6551202046883056 
0.023 -2.6408551759864176 -4.00518260667771 -2.815194763817201 -4.779774288016774 -2.674911711126226 
0.024 -2.696421461322646 -4.0089189927883915 -2.8023308947046393 -4.870135747574536 -2.6878353559685833 
0.025 -2.7354745489275927 -4.021818412174542 -2.7579056001115 -4.880806281481872 -2.6862282292945814 
0.026000000000000002 -2.7553501079577867 -4.094923896959691 -2.8059672668940654 -4.938604170355357 -2.704611306421564 
0.027 -2.7367353828933134 -4.121604752981513 -2.823539843951337 -4.882366678659224 -2.689695845647007 
0.028 -2.752117058319492 -4.100551084452173 -2.813112547619608 -4.892666975195936 -2.6918225470551613 
0.029 -2.7613752809165906 -4.095944324150275 -2.7716081769652243 -4.920076052245278 -2.6650551513416394 
0.03 -2.741062595062021 -4.087527463178926 -2.7621256774708285 -4.936058754976683 -2.6585767028187917 
0.031 -2.755673649643324 -4.116537547559332 -2.8142384024424616 -4.899291534354095 -2.6065046949699395 
0.032 -2.737757305786688 -4.095342285318747 -2.712888825870581 -4.8565874794263 -2.610572137957136 
0.033 -2.735555091947207 -4.053289773021996 -2.6817020420841993 -4.81919216017898 -2.569327692775351 
0.034 -2.697851119364804 -3.975258516241573 -2.6031546012046443 -4.814210516508741 -2.532596389647282 
0.035 -2.691565007895489 -3.8986186472640183 -2.5391882886879396 -4.724657974189025 -2.50585220193118 
0.036000000000000004 -2.6851449060085 -3.8117165758848937 -2.4449542207265385 -4.6725876266584425 -2.4365840485885446 
0.037 -2.663638575082933 -3.7741604669744047 -2.304050009758525 -4.57917762154915 -2.389606296816913 
0.038 -2.6602627202993463 -3.6786410670907386 -2.238903911561215 -4.470701079218731 -2.3457676660788764 
0.039 -2.6048736281840217 -3.6132684159035784 -2.1641953491565697 -4.39095601049737 -2.308891433690346 
0.04 -2.48779356287999 -3.4855130060878317 -2.0866024924418065 -4.315961734460209 -2.210644348259876 
0.041 -2.383855636234884 -3.3384467104791398 -2.004940830437669 -4.262122475228537 -2.1493190002636386 
0.042 -2.3350489008523754 -3.2357685632301756 -1.9074096782545351 -4.129071104026661 -2.114511932815463 
0.043000000000000003 -2.223134016522014 -3.125649622141582 -1.7857881669252111 -4.01247464234563 -2.0326159215477473 
0.044 -2.128907108658102 -2.9968609825388595 -1.693931560669156 -3.900489872076419 -1.9081412048648156 
0.045 -2.0466017752769625 -2.8830374636919673 -1.5617917707014148 -3.81860484553003 -1.8478393108368794 
0.046 -1.9048646343972064 -2.751954809535 -1.434136037979696 -3.700057448467858 -1.7884082044871674 
0.047 -1.8202190887908858 -2.6237035154374566 -1.3554286067106958 -3.584718774673978 -1.7009610202845098 
0.048 -1.6838690981560207 -2.4809525834865545 -1.165588579331677 -3.474512525731713 -1.5953897409274573 
0.049 -1.5877902839228337 -2.425423413371236 -0.9908019752962616 -3.3561627587094156 -1.484236681724429 
0.05 -1.471917912134215 -2.3625165280469465 -0.8450437455245455 -3.204215108927302 -1.3783056647255765 
0.051000000000000004 -1.4726702200411792 -2.2435559308323474 -0.739136508012634 -3.066825211667299 -1.2927463842469962 
0.052000000000000005 -1.3772016055436902 -2.1624793179029296 -0.6125348050140785 -2.906935393673549 -1.1807111524386384 
0.053 -1.2591369079808779 -1.9408582353435675 -0.4863350244515785 -2.702737243759558 -1.0265751704944286 
0.054 -1.0764739102952359 -1.8029025000516044 -0.3480497337321014 -2.5730808037777857 -0.9301956615849059 
0.055 -0.9111818613509358 -1.6475721865658395 -0.2386457425030875 -2.450311240578604 -0.7598567085939798 
0.056 -0.8597112055212068 -1.4844956173877446 -0.10090947245002549 -2.3051606950594357 -0.7162317644669504 
0.057 -0.7219683889894166 -1.3090211056004502 0.07834658513563511 -2.1464784116448397 -0.620018261521835 
0.058 -0.6188505927188743 -1.1243159473979583 0.2654382395759085 -1.9684427745111486 -0.44149896265048727 
0.059000000000000004 -0.511671417896318 -0.9641297639084527 0.3746091378159306 -1.7567193051587155 -0.2719046524039563 
0.06 -0.38293740237765106 -0.8046474729541804 0.5326039132357915 -1.5359744057317637 -0.1593767259453814 
0.061 -0.3071438025406932 -0.6244412138380675 0.6883216915829512 -1.3863249931452424 0.023493359858863194 
0.062 -0.16846061812198104 -0.417143497675868 0.8702384480285186 -1.2331607645488176 0.12813581794801066 
0.063 0.009425059854301032 -0.24437559138577586 1.0139166190455478 -1.1117994904487134 0.270346788698553 
0.064 0.14140079272557993 -0.0764450257046545 1.1718192273214159 -0.9435466120690823 0.4269130541150423 
0.065 0.33886811638305414 0.07901413535887863 1.2615830449882217 -0.7700467050757478 0.5299794294324046 
0.066 0.4596151141672562 0.2659994632042319 1.410062936407476 -0.604020952784833 0.6104813270015803 
0.067 0.6248843297747686 0.39777401577472427 1.5653556321336395 -0.4184109661293095 0.7210151878255333 
0.068 0.7854242405007037 0.5604511061750749 1.6547922219407545 -0.27459153294351774 0.7205813072096974 
0.069 0.8676336633621193 0.7273166280645054 1.7520469186499654 -0.10183191029553201 0.8092060621363313 
0.07 0.9960862166823861 0.8977198773639696 1.8676474656475306 0.05517545551217451 0.9237185591708261 
0.07100000000000001 1.1405393548358411 1.069962889879079 2.015837359098574 0.17234598923363098 1.0933860555293655 
0.07200000000000001 1.236602871076752 1.222205808709651 2.151893228726929 0.3963295073944052 1.1979842682962594 
0.073 1.3579991486737302 1.4377689563296032 2.2223929391287074 0.5281126230912863 1.3088986937740057 
0.074 1.477247943521119 1.609689520688495 2.3439492774968684 0.707615220396834 1.4176423784792873 
0.075 1.5862272925604706 1.770744439676422 2.460834057897055 0.8860912465433444 1.5604813005136589 
0.076 1.6603407150809513 1.9208280704223224 2.6099141591282797 1.041148994109053 1.6619589696968322 
0.077 1.7897246438675134 2.0796675652813796 2.705729352909315 1.2232931105422766 1.793134694179054 
0.078 1.8649824540022049 2.136692920576116 2.787859270076542 1.3656992562320234 1.9314022262944563 
0.079 2.0022185522786904 2.3189978942219884 2.891752792306012 1.5207252751764757 2.0357069356525774 
0.08 2.0673429226878817 2.450437165644779 2.924924824754486 1.6033834472448885 2.1044492099475614 
0.081 2.1835030359936045 2.6183661197619483 3.0627981930144896 1.7638723079659453 2.2064142176632395 
0.082 2.2698830232364937 2.7380960565048653 3.1343531482219733 1.8495129631430045 2.2661721086403546 
0.083 2.394134059798018 2.886981209964592 3.239074509896031 2.003103184236003 2.341510552762938 
0.084 2.4459753257102137 3.035610926763451 3.3394831983136575 2.161010172358146 2.3730112540517627 
0.085 2.55379727749765 3.16419549157702 3.450142251244157 2.3260971624287006 2.4091384325679774 
0.08600000000000001 2.636285316589712 3.29227975030994 3.5289332903132538 2.431331392065555 2.4753172065871554 
0.08700000000000001 2.699743630875195 3.4047699815407797 3.608315920295976 2.5433714948477584 2.504337863718296 
0.088 2.7410576804909894 3.5884029238927604 3.7116382962717855 2.650941476088108 2.5026080325679003 
0.089 2.7852685590760426 3.684104683162458 3.8364116673654896 2.6965710597333143 2.546208966152342 
0.09 2.8364459901269816 3.7861723830972442 3.845936642264416 2.8505561858105373 2.551803479883937 
0.091 2.9035957382371507 3.8567981870469525 3.9124922661668857 2.941296058923407 2.5816707526913594 
0.092 2.9092975467955777 3.9366239460559957 4.041752343003057 3.0172294749808186 2.609574990178345 
0.093 2.9103662218597677 3.988104258568903 4.147202712749253 3.1576492601241304 2.617229922376364 
0.094 2.948592705672753 4.11192120217793 4.2260040116779365 3.2031562700061613 2.649798148140422 
0.095 2.9941496161290604 4.260398052709494 4.287317336982839 3.317464349801177 2.669354935371156 
0.096 3.036012756575718 4.3681265698132705 4.273762018235531 3.356702072636274 2.6874821682230414 
0.097 3.1540579604700762 4.432526820219588 4.278009433175398 3.3687514158675422 2.7089012002233854 
0.098 3.158070532277602 4.484290838965317 4.284884889336588 3.4561893613219388 2.7071164862863553 
0.099 3.17649443901397 4.515677884349375 4.314631116787207 3.4563738852270247 2.731390058303489 
0.1 3.2039676949086155 4.53372986841511 4.303889934939052 3.488804433843616 2.7191417476927873 
0.101 3.1664405690326665 4.544178982746484 4.329780937258059 3.4709420164746674 2.7211911953493777 
0.10200000000000001 3.1542827485593805 4.59093181397095 4.321448170563906 3.489970001135938 2.7193989924008077 
0.10300000000000001 3.122625350196843 4.56487288015595 4.28434032822936 3.496915226576732 2.668908993619802 
0.10400000000000001 3.1473399592595093 4.586586503090103 4.229015408479016 3.4872949633136776 2.7040530056636563 
0.105 3.1299965378980925 4.640277424558451 4.217831140389969 3.47348927602152 2.6808222779709525 
0.106 3.0670587139939975 4.64086869766666 4.200051280047255 3.516948902808394 2.623678795301711 
0.107 3.010798815632446 4.673389503491405 4.155322941324766 3.50207884427644 2.586876715213811 
0.108 2.9866983303754284 4.714427457707385 4.09507925794946 3.4414429982209462 2.5392290510348334 
0.109 2.944886543307899 4.714647136242312 4.112577833638136 3.4108259669825096 2.4512742766473323 
0.11 2.8386446021351386 4.635513205873496 3.992478594269425 3.3671831779236125 2.388321981634823 
0.111 2.8012306540332452 4.631359414854025 3.912038463062681 3.395335651114603 2.2576475533899285 
0.112 2.8061530302178266 4.597604846800352 3.8648557030281925 3.3413821366262093 2.153835136767731 
0.113 2.858435001578967 4.510541303492045 3.7715610737653567 3.3424095359284403 2.066177899336889 
0.114 2.8179753104135683 4.4548681289542 3.6951391434293916 3.259571140059547 1.9565651684808443 
0.115 2.7942678304299133 4.411700832445144 3.5674741815379987 3.173102674628887 1.8342909007534174 
0.116 2.7293431244539077 4.287549945467444 3.430129138168999 3.0981485295227555 1.7133973246040712 
0.117 2.668496012805248 4.2188914018879675 3.35136177149984 3.006550753162512 1.6677290288545392 
0.11800000000000001 2.6270617252512563 4.115627045101111 3.2924388900056565 2.9071689443458775 1.534623262292199 
0.11900000000000001 2.5074467089883337 3.9845013386333377 3.1662402282946833 2.7688099887419457 1.4560977882453603 
0.12 2.410830991245262 3.9035685774155984 3.0618659250897773 2.6696569055566117 1.372394979350081 
0.121 2.3113299346472083 3.779527999867202 2.914779172790317 2.5299386214727937 1.239146903648869 
0.122 2.189218999221657 3.679442385786749 2.863030215070104 2.4077817419996874 1.1251646002174411 
0.123 2.071248742062382 3.557370070065514 2.7095634579650243 2.2569917613386323 1.0149521006849733 
0.124 2.0069374429142686 3.4102744216546927 2.641198845941868 2.127787422627698 0.8657772313494134 
0.125 1.8808219467603366 3.3477645108823184 2.5478439317692003 1.9732202948831683 0.7564221579026814 
0.126 1.7329870417948428 3.2472268535401954 2.4497196800759515 1.8687815310878397 0.6580721524770157 
0.127 1.5871626468955986 3.126356884931667 2.347061331386738 1.7377482416009693 0.5585884208420077 
0.128 1.4855071909330857 3.0842619169054735 2.1751853625141084 1.612930947096856 0.40973773371974853 
0.129 1.418476062565889 2.99061404012625 2.025633522795704 1.466176983637887 0.3051600089669677 
0.13 1.2619220774190105 2.833869037060623 1.9492820823010217 1.339414160256303 0.19634899601270867 
0.131 1.127665168787699 2.725579427123518 1.869522319433713 1.1521738265440162 0.08269257809458797 
0.132 0.9940393461193404 2.6138561075654465 1.675484951669047 1.0511228359350182 -0.000687869334622726 
0.133 0.9291220853498217 2.537387714800725 1.5415633040256826 0.9441941635018063 -0.13557202004558053 
0.134 0.7987244055606237 2.4323833625036997 1.3743209482419039 0.8014541365612375 -0.2760038314896038 
0.135 0.6726008351405822 2.3039405002706665 1.2073634372222029 0.6376280789511779 -0.3501081404400441 
0.136 0.5249974284286978 2.125506488747274 1.0608989402266615 0.520310516379767 -0.45946635900513255 
0.137 0.4241279876605543 2.003361656306487 0.8769913986199328 0.36884060259893214 -0.6223932631797306 
0.138 0.2878005963567792 1.8728598250674797 0.6842537020655063 0.2075197159248348 -0.7480900826627218 
0.139 0.1764267163266975 1.7202816258996119 0.5097889703293184 0.031910475473193645 -0.880575129281159 
0.14 0.019797596447375054 1.5947641447445657 0.323316238444698 -0.12523821789362258 -1.0268518077758881 
0.14100000000000001 -0.15713625937777045 1.4187773501150454 0.15522579506423329 -0.2944841477797254 -1.1207359008023208 
0.14200000000000002 -0.28035653380648834 1.2928718519928024 0.03621799992898528 -0.4465425800941276 -1.2165353866659432 
0.14300000000000002 -0.42057016566658145 1.1106210253775386 -0.10291568805433957 -0.6299399297449496 -1.3435742892293971 
0.14400000000000002 -0.5385543597200942 0.9645268243425742 -0.26494824160669894 -0.8012224168892303 -1.4561095217836344 
0.145 -0.6562855650622454 0.8162871559754603 -0.44295479496019347 -0.9814657351292398 -1.6386583293283414 
0.146 -0.7900508584707159 0.6095101864268173 -0.5495700791350302 -1.1187008725211136 -1.7641461449257712 
0.147 -0.8719216069450315 0.4539312445647128 -0.7320684349715706 -1.3055570646654777 -1.8624550108012254 
0.148 -0.9941510915055495 0.3491489661182431 -0.8707507869150118 -1.4105663338155947 -2.017480011480058 
0.149 -1.1227790402076672 0.20926651251909972 -1.0301888098147176 -1.5809850491433193 -2.1148616885766676 
0.15 -1.2685622897358781 0.06478741134353186 -1.1877050784911705 -1.8287634533608008 -2.2587636694279656 
0.151 -1.4101324293604882 -0.10532551258537026 -1.3249878187153352 -1.9543836436467634 -2.3903483688508493 
0.152 -1.51361007733226 -0.28616794606984086 -1.500132772213889 -2.085163404295706 -2.522958370617412 
0.153 -1.5966102814248568 -0.4252472201258684 -1.6173695085477306 -2.289812140112188 -2.682948371348396 
0.154 -1.7178609122015662 -0.6130195084238401 -1.7772716144601663 -2.4680329831478174 -2.8029764290422867 
0.155 -1.796717140618639 -0.7211847379934263 -1.8935723251574947 -2.589059798878705 -2.9430739500927037 
0.156 -1.878878731290164 -0.8212135081457319 -2.021853926302111 -2.7085753099336243 -3.025618025552549 
0.157 -1.9325122089494466 -0.9191727438786806 -2.140115170824777 -2.879751980349054 -3.153074452970578 
0.158 -1.9822430239435604 -1.02758177665793 -2.282476571031994 -3.0259456705695262 -3.259135399353445 
0.159 -2.103200115500276 -1.2201886987880495 -2.4227239885346887 -3.176171725124426 -3.337194485042204 
0.16 -2.160286770827153 -1.2812751103674067 -2.5768544036327463 -3.3327186666162225 -3.4717117741757573 
0.161 -2.2801740764979623 -1.4270935034043848 -2.718879533170706 -3.4180254984854592 -3.5354584173722334 
0.162 -2.4343322190417958 -1.5305971490087757 -2.7873276362045303 -3.4836142636946326 -3.6358639251279663 
0.163 -2.5663565211177644 -1.6379234713836397 -2.8541396733861397 -3.6379916804763353 -3.737157091687052 
0.164 -2.683036882653338 -1.7300657174504805 -2.9741216108750907 -3.7228786177620874 -3.79835142043862 
0.165 -2.8340253413633416 -1.8127626871404923 -3.1192784368378947 -3.897764261632724 -3.8475255110509408 
0.166 -2.9608845987321786 -1.8811225363804196 -3.267959355132817 -3.9962855117217813 -3.867500644783887 
0.167 -3.1202015380584993 -1.9977876298940846 -3.4066025753737073 -4.092723291532794 -3.933154252750144 
0.168 -3.269977932502975 -2.149305221845785 -3.5253922875461576 -4.253574609341463 -4.031185273730449 
0.169 -3.310284644017889 -2.2936342246331405 -3.642174483316663 -4.317514649772325 -4.09852300964294 
0.17 -3.392934895295811 -2.402049108491586 -3.739128096646684 -4.372181968911824 -4.142326725388299 
0.171 -3.4964188037580635 -2.481246579705586 -3.819713530033471 -4.4492273290032465 -4.199174356540741 
0.17200000000000001 -3.5799009140935545 -2.566009611424332 -3.909994150942325 -4.5377909863757475 -4.227308353218662 
0.17300000000000001 -3.641191963776528 -2.631638907226065 -3.9732138583166408 -4.604598685886229 -4.2313591136918625 
0.17400000000000002 -3.671648165873794 -2.681223889737434 -4.051137966209533 -4.660512760115418 -4.270334676558812 
0.17500000000000002 -3.703955689476605 -2.68282125533998 -4.144816947980722 -4.712379551201073 -4.2359389127591545 
0.176 -3.7765075808006134 -2.774604825944646 -4.217713166861203 -4.7277458952233875 -4.259386983097156 
0.177 -3.830012096958961 -2.850834729765629 -4.219288928367191 -4.781619550132045 -4.3061298985603464 
0.178 -3.90381000375631 -2.96657827178732 -4.280754704531795 -4.845949733548418 -4.296891580308993 
0.179 -3.996636236520469 -3.042305263288295 -4.390566561007784 -4.820939353421125 -4.240775281140971 
0.18 -4.063716812043106 -3.0762021065607503 -4.4251153307467765 -4.800786990100734 -4.217308779310409 
0.181 -4.050143847038938 -3.177302171624985 -4.479645638408007 -4.830202218403793 -4.193634715221961 
0.182 -4.067304707912943 -3.2386277818995737 -4.49011438819517 -4.8602715510621985 -4.13349232453278 
0.183 -4.12283060338552 -3.305899480700546 -4.517322376783839 -4.829989795783056 -4.092765743060649 
0.184 -4.093109403251102 -3.3710529095723025 -4.500418166537296 -4.812040056093297 -4.118697356828684 
0.185 -4.144180239904809 -3.3833256564235406 -4.503679277178117 -4.751459076863431 -4.065309207795242 
0.186 -4.135194458894069 -3.4210700411018817 -4.5319635447894075 -4.73033671456644 -3.9793360004024945 
0.187 -4.1173133847363275 -3.3754174031527167 -4.508813561004362 -4.69919150898723 -3.880898798981498 
0.188 -4.13642082946719 -3.385466742130141 -4.479466411470897 -4.655898197863891 -3.785591371917802 
0.189 -4.120070921191784 -3.3834831032562542 -4.489397269891445 -4.582457624181022 -3.7394430459237014 
0.19 -4.061789430478338 -3.326665846571711 -4.494244065079609 -4.471103793833478 -3.690522035629269 
0.191 -4.05533257344632 -3.354356109493676 -4.421155532447553 -4.445123381961972 -3.5664718560231865 
0.192 -4.012267968632729 -3.3629345958949157 -4.374143081234044 -4.384716566327737 -3.48872241621693 
0.193 -3.967929036822327 -3.358705748060001 -4.319686398725198 -4.358170544044299 -3.411093437952127 
0.194 -3.9724285153341325 -3.310580306495858 -4.273914913868193 -4.254260511649817 -3.3353457475640633 
0.195 -3.9767920025233687 -3.2950200146597646 -4.256229533834121 -4.1247416468831455 -3.233332686142852 
0.196 -3.927327483253311 -3.189192729822643 -4.206774126626342 -4.100899894593409 -3.0753745932502063 
0.197 -3.911632888773751 -3.125844612522284 -4.111604008080705 -4.018690018413747 -2.9360526925460086 
0.198 -3.83926769191564 -3.084755916143125 -4.020459519241063 -3.96833028021119 -2.859280717363998 
0.199 -3.8161819228608995 -3.005547786194719 -3.8841658096749154 -3.933611289514308 -2.7561729543520497 
0.2 -3.764869095480188 -2.958110953300206 -3.778932826636352 -3.833428050164366 -2.659159729547509 
0.201 -3.694519314345114 -2.889248819873211 -3.750624995468497 -3.820533862652756 -2.562415864146048 
0.202 -3.6269454509318306 -2.8229617614483544 -3.656561999003959 -3.696775196505304 -2.4713821752949308 
0.203 -3.5773431489046223 -2.794251999185026 -3.6125833887901866 -3.6168231942447013 -2.3386756298352154 
0.20400000000000001 -3.5298728910465305 -2.8085448635313526 -3.535597313954037 -3.5232083863704764 -2.2242176055994856 
0.20500000000000002 -3.451130738415346 -2.7655782223469934 -3.458398859362504 -3.386258180385393 -2.073614202105096 
0.20600000000000002 -3.384823231152134 -2.7073039109168833 -3.3725183427872207 -3.2404868320207116 -1.908160934567376 
0.20700000000000002 -3.3240254679789913 -2.623604080529689 -3.309012951550356 -3.133870167946717 -1.8099679718677117 
0.20800000000000002 -3.2635236695086776 -2.5867214095395927 -3.2886949141005073 -3.0590026625689233 -1.7075372579776715 
0.209 -3.2061947139323683 -2.488976917929335 -3.2026253298118914 -2.919482169351437 -1.5672334371343597 
0.21 -3.193309568655068 -2.362611994933178 -3.1585555149708777 -2.848412227405876 -1.4213883628914026 
0.211 -3.1420878046235647 -2.2538763174896976 -3.054773876348649 -2.7626614550606163 -1.2927222250428405 
0.212 -3.11344299075603 -2.215788970919328 -2.9581651844892622 -2.663938589532845 -1.1193024290434817 
0.213 -3.0507494252840686 -2.1674838457935834 -2.8802595171502747 -2.565962158237912 -0.9539217897623271 
0.214 -3.019621809435527 -2.1030278217151444 -2.745554482752682 -2.472613488422409 -0.8038089576678769 
0.215 -3.009024258198107 -2.0357605055037573 -2.681708743372422 -2.3525835075686157 -0.7465098427781174 
0.216 -2.9682502676850593 -1.9980690702357824 -2.595441552545619 -2.2685919920602378 -0.6631202015728062 
0.217 -2.9087168174869804 -1.9232222589768582 -2.5419287677452327 -2.102042854003126 -0.5400162707619198 
0.218 -2.884072627755835 -1.8222236815937987 -2.4787391762633812 -1.9905553668070712 -0.4657647574931092 
0.219 -2.8668005680844724 -1.8138270017156866 -2.3648751289013736 -1.8933631838430427 -0.3552605440765743 
0.22 -2.818458393470274 -1.7916742850406093 -2.3348858357709323 -1.8350840135396367 -0.2473700979362775 
0.221 -2.740600779938552 -1.7580788566382894 -2.215355190352445 -1.676860631997642 -0.15899134668972237 
0.222 -2.71167821395122 -1.6847258232880662 -2.2180518011446235 -1.5281403044232487 -0.03650255092161648 
0.223 -2.661981187330432 -1.6292990500634061 -2.1806514598685798 -1.434925073092268 0.05410292747811824 
0.224 -2.6191475308125987 -1.578700538451417 -2.183051449973438 -1.3658627786373585 0.18165173249688374 
0.225 -2.572563832052297 -1.5343336776634648 -2.1039793275893843 -1.2581360997413888 0.29462615082780425 
0.226 -2.5052977787702844 -1.4914986843456017 -2.045084652067885 -1.155642779788147 0.40140063519807934 
0.227 -2.4843413386102906 -1.4723692275038887 -1.9744360004668167 -1.038225854785 0.4806792532896976 
0.228 -2.495617988183565 -1.4226112764214667 -1.922257058382114 -0.9323754074464494 0.5357639712778932 
0.229 -2.4501511093866113 -1.4232202574498956 -1.8616534576921686 -0.8882389897874505 0.6062609634623423 
0.23 -2.4392786776761937 -1.3870533853039548 -1.7966458474834743 -0.8443099329388486 0.7149322736832312 
0.231 -2.43321724992496 -1.3216284834286585 -1.7127681705575168 -0.8354212190097756 0.8267539995771691 
0.232 -2.4314404991349647 -1.2541221644382563 -1.6247001152159168 -0.7649232852338379 0.8803219774222342 
0.233 -2.396971479711855 -1.219820976185487 -1.6071953440006914 -0.6584958526558864 0.9667064446996146 
0.234 -2.3731407210230437 -1.2395367411916185 -1.5350087365449618 -0.5531934426353249 1.0360388727303917 
0.23500000000000001 -2.3521463645685947 -1.2575758554667604 -1.4894931766297725 -0.4853263387770408 1.127594921950583 
0.23600000000000002 -2.38766387716202 -1.219483221179215 -1.451657323388424 -0.3950059676186515 1.1784416915657085 
0.23700000000000002 -2.38681027660392 -1.2255025476857524 -1.447471055257511 -0.38290597800585624 1.3094100944141072 
0.23800000000000002 -2.437574623760205 -1.205822197304867 -1.382152807144741 -0.3160111464759784 1.405772203671704 
0.23900000000000002 -2.4148992133350315 -1.177004711851113 -1.3090532257159844 -0.2755913011225362 1.5133132668637275 
0.24 -2.338427602904267 -1.1577799016819958 -1.2466283217143772 -0.19140823126339337 1.5322004543532899 
0.241 -2.3386986010795403 -1.124970407597484 -1.223684619801664 -0.07227999306420343 1.6378990202460284 
0.242 -2.290774934130212 -1.1249941061594582 -1.184209745918685 -0.031294468398948255 1.6971854272967024 
0.243 -2.19625801464508 -1.1301407322833033 -1.1412825021829167 -0.009202184718611145 1.728288689688305 
0.244 -2.156664107860007 -1.0990796373286966 -1.171580948454793 0.09408953144069168 1.8405491347649212 
0.245 -2.138533626859948 -1.1296561573589403 -1.1817681006918406 0.20790549614636422 1.9066454021406871 
0.246 -2.106676524975104 -1.118305306863494 -1.1385395971456704 0.2669644941052382 1.980968641939064 
0.247 -2.1130024709635378 -1.094970731761399 -1.1083321881040997 0.36436254153785097 2.035120553276625 
0.248 -2.058675855150696 -1.1142860031889172 -1.1022230303410594 0.4278085975308377 2.068073683702435 
0.249 -1.9967382839109042 -1.0871934543561241 -1.0893247343269485 0.49132249019401913 2.1302226120443803 
0.25 -1.9688720113297329 -1.0778415401857986 -1.1118201043857217 0.5286695209341903 2.224200487190775 
0.251 -1.9607641935800586 -1.0527883685543287 -1.049633313506586 0.5972133959881204 2.264994199060746 
0.252 -1.9274328002434253 -1.0443431584099607 -1.0353879243214994 0.6220570078724601 2.3030476713897454 
0.253 -1.9451481809506306 -0.9680993161107907 -1.0454570185180172 0.668912568230984 2.318690053299312 
0.254 -1.9489920320605219 -0.9793836603906011 -1.0491892685937279 0.7188082817310766 2.2772945956742316 
0.255 -1.962664994484188 -0.9794354194288685 -1.042456627000643 0.7019355202979161 2.2726922951756725 
0.256 -1.9504569139118302 -0.9918943731931565 -1.0311454045002852 0.7301097982111362 2.2974482943132117 
0.257 -1.9426878478849263 -0.9998154305240696 -1.0391631181459315 0.732579255364085 2.3264394306783336 
0.258 -1.9245730029408503 -1.0690576618461967 -1.0272319613740597 0.7781023689771113 2.4352901584137623 
0.259 -1.9067114756833774 -1.1021603453285749 -1.0188107481673647 0.7540700465795377 2.507319853111963 
0.26 -1.9016379482458676 -1.0921634967035352 -1.035332487411484 0.8111337902659237 2.5557166531016136 
0.261 -1.9209721166682319 -1.1062525958227798 -1.0559202573844755 0.7995685451330483 2.5443623139367255 
0.262 -1.9032798588161755 -1.0936226807338176 -1.0917134829834525 0.754296195029887 2.5905509527761987 
0.263 -1.9008919652499052 -1.057990717498591 -1.0977812758632868 0.7418505214185227 2.6019735062335965 
0.264 -1.8987369872857078 -1.0668485674195674 -1.0774453841552822 0.8189588942746202 2.5848677521635173 
0.265 -1.878068048161162 -1.1077596043259978 -1.0595870991106677 0.8892329979134281 2.6468776683096413 
0.266 -1.8919585446304898 -1.1006293593876693 -1.0602263161261398 0.9212277678338661 2.655384180013342 
0.267 -1.9221401431666134 -1.0654903842558126 -1.0785909814738863 0.9341979464098483 2.6685808779910802 
0.268 -1.9078145507357185 -1.0626611041887661 -1.0426538695828274 0.967090921447021 2.659898672774098 
0.269 -1.896117399089113 -1.0811980786168836 -1.0106731229352517 0.9691796157682254 2.722480708225538 
0.27 -1.9251920376114735 -1.130950370017737 -1.0144415166024934 1.0280003389410384 2.7425260694899074 
0.271 -1.9279206762441774 -1.1539524507835242 -1.031422278728976 1.0401595716659264 2.693429260863095 
0.272 -1.8922222830107536 -1.2010153104847456 -1.0130780801064603 1.0595662838553002 2.7348737090019504 
0.273 -1.9161356325685066 -1.1908346028650572 -1.0171178926683506 1.0616504690402673 2.781309266341322 
0.274 -1.9469914242581365 -1.239243050892148 -1.016757397351871 1.0501655409810302 2.8151453752897275 
0.275 -1.9738483329342524 -1.1995305899019761 -1.0475282204593208 1.01157549855575 2.821483374553058 
0.276 -2.0004993881039863 -1.2075337076011565 -1.035945476901101 1.0344407485842417 2.7365045446159253 
0.277 -2.0115925139308226 -1.2809394035710282 -0.9846191152717599 1.0178710347767144 2.7269692010224693 
0.278 -2.0394420951025705 -1.2937411350565595 -0.9779815189009042 1.0019198711833444 2.72347106998146 
0.279 -2.014906180955699 -1.3073753914554889 -0.9883075751900692 1.0269677175046077 2.7302575847814876 
0.28 -2.0491374028634888 -1.3516132214684284 -0.9654488723258992 0.9816382264980718 2.725740357811044 
0.281 -2.0863469605158977 -1.3366051888192516 -0.9726353580191129 0.9612479959686782 2.7847800282318715 
0.28200000000000003 -2.1710310095200795 -1.370796411086521 -1.0285880426322067 0.9637940101748632 2.7694184360244005 
0.28300000000000003 -2.2296703025782345 -1.446004929601934 -1.105715395902481 0.9519455142407822 2.728219525055212 
0.28400000000000003 -2.250396700767709 -1.4674486429848927 -1.0455683827631934 0.9596786963408706 2.717302448128407 
0.28500000000000003 -2.2408184419497776 -1.4831911255392132 -1.0831590817315662 0.9654864168735495 2.7177899209465006 
0.28600000000000003 -2.2652648266418316 -1.4842939677124896 -1.1606557202519707 0.9852389006538361 2.717926476912475 
0.28700000000000003 -2.2900962247626917 -1.4879111215247827 -1.1444251569504031 0.9192026926966069 2.710649285255959 
0.28800000000000003 -2.356023639050354 -1.5289753182171482 -1.111313984244348 0.9105279468593411 2.6939463635193546 
0.289 -2.3196386561438627 -1.524441080781492 -1.144362598038656 0.8958914180151426 2.673672185193362 
0.29 -2.3165983492956355 -1.5695996727015378 -1.1856671095430737 0.930973255523649 2.666272459361286 
0.291 -2.36279178681683 -1.6208146506844958 -1.1733337820770786 0.9170059357163047 2.630154349057014 
0.292 -2.3609141737818784 -1.609885862614544 -1.211844099731323 0.8289087541601953 2.614784604112748 
0.293 -2.4044108696686104 -1.5823950513023055 -1.2557286299467452 0.8099849644272364 2.595318606206269 
0.294 -2.4638887148140554 -1.6411450768733291 -1.265427367728367 0.8165262491366667 2.5349272070728386 
0.295 -2.515035318205611 -1.675390909852443 -1.3044755806373467 0.7546668384060162 2.4568603304994423 
0.296 -2.5352035226604213 -1.7564947478564825 -1.3453174524637979 0.669877344350831 2.430142623885027 
0.297 -2.6247519821803973 -1.851652296018437 -1.4086694450487973 0.6800386244377838 2.3562204556518376 
0.298 -2.658617879538959 -1.8966727658186735 -1.4627932686704184 0.6768784929199783 2.3023205125003234 
0.299 -2.7013658557118396 -1.9296489764037243 -1.487353765155338 0.6386170537898913 2.280928264710888 
0.3 -2.7146713281343136 -2.024514076075675 -1.4515751626058384 0.6148246024228843 2.265511615477728 
0.301 -2.7342974665202973 -2.086582011382139 -1.5038504767068233 0.6102488425716273 2.1976798430484434 
0.302 -2.784848337687835 -2.161811325069307 -1.5527965888617687 0.5735179718094107 2.157172074757556 
0.303 -2.7519312437910846 -2.190135474390146 -1.5769515673724923 0.48336615601275884 2.1451830555842424 
0.304 -2.7633174652122046 -2.235728547502852 -1.555090437134331 0.4897019599653872 2.1029470738426497 
0.305 -2.7589028576772225 -2.2772301098647576 -1.5305283455129832 0.4631035924028306 2.0651420805363587 
0.306 -2.80671596886836 -2.323260488516097 -1.5708196135984624 0.4014833596217544 2.0295040306214043 
0.307 -2.8052910940791556 -2.3898128875856592 -1.6239669433878736 0.3400266502185662 2.0112210598830447 
0.308 -2.7870293258752987 -2.519759503596131 -1.662556307138697 0.3119833176634537 1.9177644814725618 
0.309 -2.7634165163291047 -2.5550703358218567 -1.7003350997201723 0.26809505313178483 1.8516265654279278 
0.31 -2.7198269654237666 -2.568417410445421 -1.7095697728058024 0.17846711505225263 1.8243038960519167 
0.311 -2.735591908584526 -2.5678136555709123 -1.730046706588325 0.10773596898226678 1.7602705702220898 
0.312 -2.71088960857249 -2.5873795192641054 -1.7581111777288578 0.06011020255224997 1.7810677994785258 
0.313 -2.8235144694596954 -2.5701954080558798 -1.8235404925996406 0.08211273097854663 1.7257280951322151 
0.314 -2.8927629362403113 -2.5839564331245697 -1.9217524444734848 0.009803937385974792 1.6862973219622721 
0.315 -2.9326476493711042 -2.6819733219861766 -1.9990602356502793 -0.0697270104314095 1.6273451875716167 
0.316 -2.9983792238775044 -2.7395937705997153 -2.046690157111968 -0.13081058045132804 1.5602106356584178 
0.317 -3.024807990534472 -2.7555362165853485 -2.0786303216128204 -0.14884950362496424 1.4971980318429605 
0.318 -3.0529222275379277 -2.805846646469406 -2.1576883061926004 -0.20674631784844377 1.4432623116195344 
0.319 -3.081995465650266 -2.8760497122104924 -2.1770166555522996 -0.2555715698002631 1.4273428896265798 
0.32 -3.128563862020751 -2.924845495044459 -2.2005776841577145 -0.30644185261649143 1.404758062019423 
0.321 -3.143189147060621 -2.9453226461021633 -2.2584532611352595 -0.33447387269448836 1.3981942729637886 
0.322 -3.162930233800321 -3.0513466857545213 -2.291653155424039 -0.3542107495546236 1.358200077661988 
0.323 -3.1699988694219896 -3.053171763390145 -2.312491941931011 -0.32774843094785966 1.3144194270133007 
0.324 -3.1585055322224664 -3.0663598159047525 -2.3418436605618607 -0.36004155379325753 1.231407163164131 
0.325 -3.2435562297614906 -3.0712700504270085 -2.3566794042311576 -0.3808704118755542 1.183195246536259 
0.326 -3.2481581734751592 -3.161876952958423 -2.457516030228172 -0.47029578469218575 1.1483002268248255 
0.327 -3.2774965992522764 -3.271259224973932 -2.48646949938957 -0.5085940719649693 1.103057545742094 
0.328 -3.282774345924525 -3.3459131497692685 -2.548805510810971 -0.5407680586512066 1.0508223768813916 
0.329 -3.310075299640121 -3.4060063706934383 -2.643089178422926 -0.6059977291174925 1.0118152980162527 
0.33 -3.343791026408833 -3.4577301348047556 -2.6534135720353915 -0.6801519572736838 0.9935029824713085 
0.331 -3.4015523696403434 -3.5036465129171948 -2.7254301989139536 -0.7215703076996706 0.921782645830365 
0.332 -3.4492387902116453 -3.540076933115876 -2.76074112411259 -0.7889796479174399 0.8852961853296576 
0.333 -3.4719146056616847 -3.6171253900088534 -2.807628065786863 -0.8121781061035529 0.8105741209263307 
0.334 -3.5115777497008067 -3.6785878232710827 -2.857762742879807 -0.8838538987446628 0.7407384474181018 
0.335 -3.577793859213874 -3.727660766052833 -2.896394515830512 -0.9195395970243514 0.6876430411328001 
0.336 -3.6098209416262663 -3.7337160529340525 -2.934854562581687 -0.9521056226210938 0.6328928927308632 
0.337 -3.7214798297904577 -3.8309381559427678 -2.990784177650791 -1.0354052492277916 0.5543973397251813 
0.338 -3.769377798025668 -3.8943411163837163 -3.0387788790913532 -1.1235611356728665 0.4917858054105953 
0.339 -3.843883393911619 -3.981605301315582 -3.066186129501493 -1.1913622221801996 0.39432737155200565 
0.34 -3.8960246143101194 -4.0023917789120915 -3.1248370112205066 -1.2035971903435567 0.3400030098725595 
0.341 -3.888250759348351 -4.151310708511067 -3.187069155438279 -1.2825102788994633 0.2846467522056667 
0.342 -3.946699373700214 -4.197682199459037 -3.235459668112539 -1.3568677884847542 0.180342120485725 
0.343 -3.94769130591064 -4.285689446512728 -3.3167537686649045 -1.4469669852791514 0.11560393657199675 
0.34400000000000003 -3.94915704625345 -4.405389619670196 -3.3402604013128734 -1.5071362931433776 0.039139322147983824 
0.34500000000000003 -4.024502591482092 -4.436949853530409 -3.429642766069555 -1.5209110480242334 -0.013109631771462904 
0.34600000000000003 -4.090025481732284 -4.4202228501008545 -3.4306191790723073 -1.5045556230481711 -0.055460481045460974 
0.34700000000000003 -4.127385572736754 -4.476149105950261 -3.507552065224781 -1.5724402068964094 -0.1723222358168376 
0.34800000000000003 -4.130080931502852 -4.4670115709141704 -3.5411018915898103 -1.6316019610030692 -0.2186152857636829 
0.34900000000000003 -4.163376795588082 -4.570394122950431 -3.6391327586956153 -1.6360151720585612 -0.3341707084435604 
0.35000000000000003 -4.116852978871481 -4.63932084933119 -3.7231018978692987 -1.6884621726890214 -0.4103525121122829 
0.35100000000000003 -4.203679375589089 -4.620935542654907 -3.742232618489408 -1.7492107648604929 -0.4794454974541115 
0.352 -4.237504472229952 -4.736314676504677 -3.7839047576991467 -1.8111803752223274 -0.5339659873684235 
0.353 -4.299974323564093 -4.778671048026725 -3.9143706797988207 -1.8847915590630897 -0.5352174912775925 
0.354 -4.38003669464517 -4.799171369111823 -3.937669728929347 -1.9547543470987276 -0.5547868606255986 
0.355 -4.481852423074094 -4.862165471099916 -3.9829372073924203 -2.0559982465658924 -0.6137782684283957 
0.356 -4.544541711542963 -4.9136493657382 -4.072120853997104 -2.1443508833268616 -0.6540371069121549 
0.357 -4.529485224948604 -4.972363458402805 -4.141863060874605 -2.2148409265817737 -0.6942876339773318 
0.358 -4.547171935674765 -5.024358410489788 -4.175723151223387 -2.290560813000665 -0.7401329567316512 
0.359 -4.565497222333535 -5.042773099938429 -4.252334190101906 -2.3768652831437636 -0.8393737659347981 
0.36 -4.604429772060687 -5.147488774114787 -4.333128771354922 -2.4393698090256835 -0.8915163831948995 
0.361 -4.680820907619362 -5.156072203009483 -4.386580288393942 -2.4978714019339527 -0.9443339554885151 
0.362 -4.748425607151648 -5.279746667532745 -4.474148904408149 -2.5698599946769023 -0.9864685884359601 
0.363 -4.7780262131165845 -5.342063429781318 -4.484917327801886 -2.652873177463895 -1.0738765056657589 
0.364 -4.883438080693669 -5.358828563916371 -4.538905253915339 -2.8233236858213586 -1.1566577063474186 
0.365 -5.000855130785959 -5.438987664801989 -4.59483625657211 -2.838609972499732 -1.241079126054848 
0.366 -5.07912662335545 -5.455367165473014 -4.650922497277894 -2.9374450909240317 -1.252903215679823 
0.367 -5.0889046883080455 -5.558316192622612 -4.702751232649129 -3.052744442166575 -1.3051505759897484 
0.368 -5.1535013464125745 -5.635781506868368 -4.73150694245499 -3.088964156228231 -1.3729890707837902 
0.369 -5.256388536462304 -5.742789427410003 -4.782005214140641 -3.1594730620154365 -1.4276961917487365 
0.37 -5.333130943957953 -5.817967548080352 -4.841882035005226 -3.1944620073034855 -1.4806029695656857 
0.371 -5.359301830436135 -5.825570206993793 -4.855966208947366 -3.243166445913971 -1.5536074315094057 
0.372 -5.343358462774737 -5.889477538928639 -4.950388349218323 -3.2922364131626987 -1.6657255256518626 
0.373 -5.432261179672812 -5.953030422520404 -4.952767413102658 -3.3954392474027855 -1.766692831288593 
0.374 -5.435492290657394 -5.957146351923254 -4.950240286796121 -3.4184990040655587 -1.8141805263295356 
0.375 -5.446055973504782 -6.002680351071076 -5.042250835620824 -3.4697253451250485 -1.890789330254293 
0.376 -5.536080982259889 -6.065331135220314 -5.074294530858573 -3.5325093840976494 -1.904499789432197 
0.377 -5.502157040168949 -6.1111975173070565 -5.0667696962676985 -3.6171073735695454 -1.989844124172818 
0.378 -5.562875920686248 -6.1797077955898825 -5.13096212152872 -3.693239519762339 -2.0706594930020215 
0.379 -5.58599189853245 -6.271474646487607 -5.203669072982349 -3.750487049969159 -2.184408369548887 
0.38 -5.641848209591217 -6.37160059025391 -5.268128552431798 -3.8732290859886986 -2.212481412908477 
0.381 -5.656057392717025 -6.3542164728836354 -5.321274145171071 -3.931318739156188 -2.258386202378752 
0.382 -5.697254573646707 -6.436731245371778 -5.382616623751217 -3.992518655664784 -2.3100784128883585 
0.383 -5.732109157625595 -6.5085436955132145 -5.403988338824315 -4.0226060655926155 -2.4445642147803177 
0.384 -5.77386205311901 -6.549824139555505 -5.409815592895979 -4.105941280266523 -2.5108325766032977 
0.385 -5.784099954709887 -6.602771435385961 -5.456512606247725 -4.171543976862163 -2.5696623972346835 
0.386 -5.837115806704553 -6.631026374574145 -5.510196888290381 -4.25130697658101 -2.6265950353495007 
0.387 -5.903677008854111 -6.690167597031375 -5.541033426569834 -4.332594375335564 -2.683938291180211 
0.388 -5.904279415803613 -6.700542148585718 -5.613518665691828 -4.425119554692371 -2.767989090630497 
0.389 -5.9009497644655164 -6.752093806982933 -5.64232414150431 -4.445190130184683 -2.8406067344011716 
0.39 -5.90984804089932 -6.782757882186806 -5.70590857488984 -4.490351516262771 -2.8579743951322 
0.391 -5.946253892039813 -6.794039963735386 -5.80432586551706 -4.529821885178268 -2.953233989953382 
0.392 -6.019179373356439 -6.880869853398229 -5.848500759587488 -4.590560243122295 -3.0139219740539143 
0.393 -6.108664860087104 -6.916613158115106 -5.901146210205757 -4.680922460035374 -3.0173040030329 
0.394 -6.110614738558909 -6.9541082663364815 -5.957933982897321 -4.726121975060925 -3.026283436214925 
0.395 -6.18985582519922 -6.984765784326625 -6.002279868526751 -4.809619771828225 -3.109745244883699 
0.396 -6.2561877107987955 -7.04858740782251 -6.025967449164815 -4.832067340168663 -3.146400621323734 
0.397 -6.354340846921136 -7.070398852437004 -6.089367844592668 -4.839301862211337 -3.1928181775277586 
0.398 -6.413916290162022 -7.102655230863165 -6.079291491440811 -4.912651346545683 -3.2468454636998008 
0.399 -6.481961649463449 -7.1632080432435785 -6.127598734346036 -5.0077104672790975 -3.3198432769822834 
0.4 -6.51642024787414 -7.238478798095778 -6.1913223753614055 -5.04433873383873 -3.3730997387060335 
0.401 -6.5640342988303875 -7.240616010945691 -6.268034449454038 -5.114827613814131 -3.430189554235218 
0.402 -6.57274672071076 -7.360060793113446 -6.270704270010619 -5.184742724571036 -3.421698177711246 
0.403 -6.609272868553708 -7.454984752257407 -6.27480378772084 -5.20350088782733 -3.5120597864799823 
0.404 -6.633514620782896 -7.502168767197186 -6.323541835458837 -5.256893609445635 -3.5687079606332714 
0.405 -6.675251105762602 -7.504351746433912 -6.378355227559833 -5.297901506242823 -3.5997970774593364 
0.406 -6.741467536961507 -7.512355355848442 -6.391085504853032 -5.332022151505217 -3.632835297042497 
0.40700000000000003 -6.715915178734018 -7.618347814010653 -6.488322461749122 -5.319582878944655 -3.6079179413746205 
0.40800000000000003 -6.692431826215677 -7.615121979123318 -6.507883003535684 -5.371257480394146 -3.6896177260013885 
0.40900000000000003 -6.632681438929681 -7.691108922728393 -6.640063022244205 -5.405326469818976 -3.7763295134828625 
0.41000000000000003 -6.651004732183469 -7.711114160735885 -6.675891518742743 -5.4968306852639754 -3.8335739622809366 
0.41100000000000003 -6.666498400376826 -7.731747950034389 -6.705286413806995 -5.521794307103993 -3.8821456392062434 
0.41200000000000003 -6.685242795646565 -7.759685791673506 -6.743965232888635 -5.579616219465142 -3.9943249117858706 
0.41300000000000003 -6.713689277060137 -7.8570948990613045 -6.809294490761191 -5.592238941129106 -4.060943242781578 
0.41400000000000003 -6.741313537179414 -7.933590857223411 -6.887917667188251 -5.659789169916934 -4.13459967247043 
0.41500000000000004 -6.757714621743666 -7.984788405187233 -6.9820699644300745 -5.757183983419423 -4.233928383274981 
0.41600000000000004 -6.781124835347086 -7.998078240522161 -7.045142669924777 -5.8222649338712955 -4.255635867220377 
0.417 -6.792285630283226 -8.026341462270018 -7.056011889548745 -5.859579233150931 -4.306416300830175 
0.418 -6.8135165574311145 -8.026433783912823 -7.1064252875094 -5.863081141459879 -4.388432312944665 
0.419 -6.843804310286775 -8.097589661634384 -7.228209050913907 -5.851945842414322 -4.412109659127909 
0.42 -6.90227555751246 -8.121808709306281 -7.337061356230562 -5.824139981393627 -4.473401870984088 
0.421 -6.931016421672269 -8.130539910009466 -7.384611054216032 -5.838504837970599 -4.487511690968818 
0.422 -6.977114288343859 -8.121537115861136 -7.4177779105452055 -5.916111853344947 -4.605542407347121 
0.423 -7.0106410299055755 -8.11777358569961 -7.448068494283949 -5.982505015787085 -4.714780971548823 
0.424 -7.060634746772725 -8.143418689778999 -7.419995772635283 -6.05102446049953 -4.809685028112429 
0.425 -7.054496180731173 -8.138927985119008 -7.508602715935519 -6.09005581448723 -4.891616599774127 
0.426 -7.120575645134316 -8.185348302193143 -7.506903083133324 -6.154810776122977 -4.913018190226457 
0.427 -7.0819975561533495 -8.222861415370135 -7.555671078981338 -6.176109692207286 -4.960051590279184 
0.428 -7.135825094036253 -8.246202397643916 -7.559518177683453 -6.191942756295706 -5.005904868221357 
0.429 -7.168657201439874 -8.286895532192766 -7.600306085813675 -6.234256733388822 -5.087132433915816 
0.43 -7.168566312533176 -8.309033646000547 -7.623149072138797 -6.260537505568988 -5.101644440407853 
0.431 -7.159368195017338 -8.323341021122392 -7.63602749333276 -6.285813426084999 -5.17734808094838 
0.432 -7.217094226063774 -8.309820783857708 -7.6092204271827315 -6.363379038088529 -5.254099605914151 
0.433 -7.193684395446799 -8.32753601284933 -7.622853656712161 -6.427467326043711 -5.30168430177229 
0.434 -7.2292580771256505 -8.376365860731644 -7.630908146608731 -6.4573052451514785 -5.328971780856243 
0.435 -7.24578498076785 -8.388924621664982 -7.676940871636886 -6.484202761769034 -5.371758177094849 
0.436 -7.270207236967435 -8.350874817205153 -7.709143250205888 -6.506982212125938 -5.490808969673079 
0.437 -7.301589144787075 -8.356016085201022 -7.6814959784147145 -6.473481213600697 -5.57229936607724 
0.438 -7.333460465967924 -8.378113281334112 -7.657338072516065 -6.513734191943477 -5.587636862276894 
0.439 -7.405077622065751 -8.384579812664775 -7.672014386653752 -6.559632907200903 -5.582408873234227 
0.44 -7.409793460938733 -8.445893576476996 -7.754020638470102 -6.57369105948655 -5.629925302720534 
0.441 -7.403573242024252 -8.434441896822168 -7.804050147675514 -6.574369444343203 -5.672306150789111 
0.442 -7.382538320524989 -8.473267468060381 -7.796130732948395 -6.613468943738734 -5.71695172710497 
0.443 -7.407831428909964 -8.46473425045141 -7.783938089189996 -6.653886381306893 -5.778411682265281 
0.444 -7.444597451612308 -8.461121174836075 -7.7813152430659995 -6.708751338148 -5.792053072435144 
0.445 -7.425626043159101 -8.385239968474348 -7.819392831871289 -6.761980483165484 -5.848793117873085 
0.446 -7.461112934066335 -8.442329916416263 -7.897513874401969 -6.791241552695895 -5.852018645485555 
0.447 -7.466036900753937 -8.43306251155073 -7.892585410929645 -6.800176707892454 -5.951840882404673 
0.448 -7.475100118405032 -8.443342535021518 -7.842226888926092 -6.83606110222957 -5.996388658305657 
0.449 -7.463168144636055 -8.508984449624304 -7.827414493034906 -6.839550810461719 -5.989487499690191 
0.45 -7.432367382230242 -8.451573672237053 -7.864572259986976 -6.863681662868869 -5.999146915244712 
0.451 -7.423797210325887 -8.484022251914991 -7.85281425318674 -6.851204299393956 -5.971412298306056 
0.452 -7.41073252407172 -8.450846807375095 -7.828583064172978 -6.783045686178313 -5.989266972292264 
0.453 -7.438024976049136 -8.439060403936825 -7.81022314235971 -6.739919142678359 -5.990406288184791 
0.454 -7.4857569373642265 -8.48728703063313 -7.86510600539939 -6.744457056819877 -6.01075593417417 
0.455 -7.457943848559678 -8.518400739693254 -7.8261159062139045 -6.765977503444516 -6.037561126867871 
0.456 -7.371243352740068 -8.441597534695594 -7.807898438582333 -6.759560272705532 -6.0626692589082145 
0.457 -7.35268249640875 -8.466117605338702 -7.808840758434659 -6.763219329083748 -6.048568280972661 
0.458 -7.356583623740836 -8.470802772012902 -7.791079421448224 -6.7427512681932384 -6.058437310926333 
0.459 -7.313064446090684 -8.43736558686908 -7.839779891146725 -6.706658128918943 -6.082718597366584 
0.46 -7.2744836567969475 -8.423621812249042 -7.831915725570821 -6.708417474999751 -6.080579503668805 
0.461 -7.20739161166006 -8.392820999155964 -7.752410713594088 -6.6903739842497165 -6.096179615862103 
0.462 -7.212928873870538 -8.366432789146728 -7.692430520593537 -6.732142264312748 -6.086170383502335 
0.463 -7.197024136732852 -8.284057902556272 -7.654439374659235 -6.768123489948914 -6.097961286755823 
0.464 -7.189375240609979 -8.282096290620963 -7.628216902648097 -6.7537499958616785 -6.117773857216189 
0.465 -7.141656275728382 -8.294473362816072 -7.630484876340362 -6.809390635680479 -6.143574028929566 
0.466 -7.101074393869864 -8.23001740106261 -7.648688242482699 -6.796049750180329 -6.117668778726217 
0.467 -7.108498487389632 -8.181475978401103 -7.626179734541168 -6.828937549492545 -6.111543399527583 
0.468 -7.07404937820519 -8.201959385984868 -7.553171627108109 -6.8157144834602335 -6.105090870438173 
0.46900000000000003 -7.053544655001385 -8.132872964357453 -7.520034026000921 -6.817088335478938 -6.1230406770541865 
0.47000000000000003 -7.0843024076191226 -8.052686120435574 -7.494400882071418 -6.857300942791358 -6.156961813243099 
0.47100000000000003 -7.049094764086506 -8.035971437810781 -7.551417166755262 -6.85774553767294 -6.153624398408973 
0.47200000000000003 -7.002220511310226 -8.000924942124806 -7.450258497883437 -6.848850735383717 -6.1396481407925805 
0.47300000000000003 -6.99592887265096 -7.988318344839039 -7.464923702542164 -6.8348835845308 -6.1115685599040726 
0.47400000000000003 -6.93222145184609 -7.947527056660155 -7.456982748388567 -6.862182890408161 -6.070315333146457 
0.47500000000000003 -6.901619022457844 -7.896292301437823 -7.450782528370958 -6.864914646436521 -6.041027664712739 
0.47600000000000003 -6.861362092438441 -7.854459425992966 -7.479537663265263 -6.837498998707464 -5.9846600198518125 
0.47700000000000004 -6.8344254113232195 -7.790329583101666 -7.495318442289824 -6.804853595680008 -5.943760747355816 
0.47800000000000004 -6.839282560347185 -7.776516045273694 -7.479220444702161 -6.77336709120865 -5.909123337310865 
0.47900000000000004 -6.79722404811715 -7.746480728749708 -7.43101010964462 -6.817507605205272 -5.81832566332421 
0.48 -6.822501274451366 -7.722746930551104 -7.459480788434578 -6.805673038840247 -5.771673389288655 
0.481 -6.815944278132456 -7.676983558042559 -7.384305510071802 -6.808220351902997 -5.731060847485822 
0.482 -6.7557038774086395 -7.635214736261056 -7.381081431003683 -6.766077315039732 -5.697131675936469 
0.483 -6.772926557236086 -7.647015238354927 -7.335261321032493 -6.731912611822296 -5.636024155118157 
0.484 -6.679971242545745 -7.5947075396425845 -7.264818958598057 -6.668003494778492 -5.6160713288858455 
0.485 -6.617015579189173 -7.543000415187188 -7.220770033786966 -6.649266900401362 -5.592205456015648 
0.486 -6.545307913917301 -7.509377732414473 -7.203581022719467 -6.5965679253727565 -5.508017302140007 
0.487 -6.445558046371199 -7.431626994875101 -7.123274054938715 -6.573503880784709 -5.4493733039380965 
0.488 -6.403639008888024 -7.356361894481682 -7.044938426372956 -6.533023087973863 -5.495092919096252 
0.489 -6.338585471713971 -7.306662107421219 -6.960479168766455 -6.495928387757971 -5.471277433482359 
0.49 -6.256838498571645 -7.2741307052055415 -6.848827803448911 -6.434233619386618 -5.474372521915227 
0.491 -6.215443610433649 -7.259371669456958 -6.812338582849146 -6.383238837698748 -5.43539062108914 
0.492 -6.1491620373194325 -7.183830164484834 -6.712314709234442 -6.319892244240961 -5.381153213099354 
0.493 -6.084598995699694 -7.107366285597794 -6.65990872425317 -6.283872846159987 -5.393328264071339 
0.494 -6.040332126592065 -7.047400512349178 -6.63514102622868 -6.3091931664186225 -5.315303640603305 
0.495 -5.971404155024007 -7.013537825858125 -6.548308895409808 -6.300060969218944 -5.234410419103933 
0.496 -5.907421022763474 -6.948594189045788 -6.479345296641893 -6.1926566350622965 -5.245606969406938 
0.497 -5.871472622662278 -6.818966436813911 -6.402452862431523 -6.081255988004517 -5.172965572753619 
0.498 -5.8127120605751585 -6.7710662744179135 -6.326715426757659 -5.973366389283341 -5.1364396346083705 
0.499 -5.793563176786929 -6.681296945440763 -6.306367763405582 -5.869777813773467 -5.096487221224815 
